367.673 2.51123
367.745 2.50397
367.817 2.50874
367.889 2.51525
367.961 2.52124
368.033 2.52681
368.105 2.53217
368.177 2.53753
368.249 2.54285
368.321 2.54815
368.393 2.5534
368.465 2.55863
368.537 2.56391
368.609 2.5692
368.681 2.57445
368.753 2.57962
368.825 2.58476
368.897 2.58997
368.969 2.59522
369.041 2.6005
369.113 2.60575
369.185 2.61101
369.257 2.61635
369.329 2.62171
369.401 2.62705
369.473 2.63234
369.545 2.63764
369.617 2.64292
369.689 2.64749
369.761 2.6506
369.833 2.65317
369.905 2.65573
369.977 2.65829
370.049 2.66134
370.121 2.66541
370.193 2.6707
370.265 2.67644
370.337 2.68186
370.409 2.68705
370.481 2.69269
370.553 2.698
370.625 2.70269
370.697 2.70787
370.769 2.71342
370.841 2.71827
370.913 2.72259
370.985 2.72691
371.057 2.7313
371.129 2.73598
371.201 2.74158
371.273 2.74744
371.345 2.75284
371.417 2.75738
371.489 2.76198
371.561 2.76635
371.633 2.77039
371.705 2.77517
371.777 2.78064
371.849 2.78544
371.921 2.78969
371.993 2.79434
372.065 2.79875
372.137 2.80244
372.209 2.8058
372.281 2.80995
372.353 2.81428
372.425 2.81849
372.497 2.82304
372.569 2.8281
372.641 2.83264
372.713 2.83635
372.785 2.83957
372.857 2.84323
372.929 2.84717
373.001 2.85078
373.073 2.85396
373.145 2.85748
373.217 2.86051
373.289 2.86177
373.361 2.86228
373.433 2.86384
373.505 2.86708
373.577 2.87073
373.649 2.87488
373.721 2.87941
373.793 2.88212
373.865 2.88128
373.937 2.88121
374.009 2.88491
374.081 2.88961
374.153 2.89614
374.225 2.90507
374.297 2.91127
374.369 2.91399
374.441 2.91868
374.513 2.92339
374.585 2.92558
374.657 2.92946
374.729 2.93595
374.801 2.94106
374.873 2.94563
374.945 2.95155
375.017 2.95731
375.089 2.96194
375.161 2.96616
375.233 2.97064
375.305 2.97542
375.377 2.97896
375.449 2.98087
375.521 2.98375
375.593 2.9876
375.665 2.99193
375.737 2.99729
375.809 3.00259
375.881 3.00563
375.953 3.00831
376.025 3.01199
376.097 3.01646
376.169 3.02168
376.241 3.02751
376.313 3.03188
376.385 3.03409
376.457 3.03624
376.529 3.03888
376.601 3.04212
376.673 3.04648
376.745 3.05191
376.817 3.05688
376.889 3.0611
376.961 3.06448
377.033 3.06788
377.105 3.07174
377.177 3.07554
377.249 3.07919
377.321 3.08299
377.393 3.08549
377.465 3.08577
377.537 3.08842
377.609 3.09376
377.681 3.09894
377.753 3.10415
377.825 3.1125
377.897 3.1197
377.969 3.12427
378.041 3.12807
378.113 3.13241
378.185 3.1366
378.257 3.14054
378.329 3.14458
378.401 3.14793
378.473 3.14969
378.545 3.15188
378.617 3.15499
378.689 3.15866
378.761 3.16398
378.833 3.17116
378.905 3.17609
378.977 3.17839
379.049 3.18016
379.121 3.18099
379.193 3.18095
379.265 3.18215
379.337 3.18464
379.409 3.18612
379.481 3.18789
379.553 3.19134
379.625 3.19416
379.697 3.197
379.769 3.202
379.841 3.2085
379.913 3.21479
379.985 3.22131
380.057 3.22725
380.129 3.2327
380.201 3.23869
380.273 3.24503
380.345 3.25139
380.417 3.25818
380.489 3.26484
380.561 3.27061
380.633 3.27585
380.705 3.28098
380.777 3.28599
380.849 3.29059
380.921 3.29474
380.993 3.29911
381.065 3.30356
381.137 3.30748
381.209 3.31037
381.281 3.31253
381.353 3.31357
381.425 3.3136
381.497 3.31422
381.569 3.31504
381.641 3.31694
381.713 3.32169
381.785 3.32759
381.857 3.33247
381.929 3.3374
382.001 3.34109
382.073 3.34271
382.145 3.34435
382.217 3.34616
382.289 3.34825
382.361 3.3516
382.433 3.35542
382.505 3.3577
382.577 3.35928
382.649 3.36096
382.721 3.36182
382.793 3.36096
382.865 3.36042
382.937 3.35899
383.009 3.3541
383.081 3.34768
383.153 3.34208
383.225 3.33721
383.297 3.33714
383.369 3.34182
383.441 3.34757
383.513 3.35688
383.585 3.36902
383.657 3.37671
383.729 3.37976
383.801 3.38618
383.873 3.39378
383.945 3.40186
384.017 3.41279
384.089 3.42608
384.161 3.43678
384.233 3.44622
384.305 3.45492
384.377 3.46314
384.449 3.4701
384.521 3.47449
384.593 3.47945
384.665 3.48428
384.737 3.48849
384.809 3.49643
384.881 3.50806
384.953 3.51482
385.025 3.51893
385.097 3.52619
385.169 3.53427
385.241 3.54193
385.313 3.55074
385.385 3.55937
385.457 3.56413
385.529 3.56716
385.601 3.57128
385.673 3.57629
385.745 3.58219
385.817 3.58917
385.889 3.59585
385.961 3.60095
386.033 3.60523
386.105 3.60926
386.177 3.61305
386.249 3.61663
386.321 3.61944
386.393 3.62116
386.465 3.62318
386.537 3.62583
386.609 3.62856
386.681 3.63182
386.753 3.63573
386.825 3.63888
386.897 3.64109
386.969 3.64275
387.041 3.64398
387.113 3.64505
387.185 3.64582
387.257 3.64612
387.329 3.64625
387.401 3.64629
387.473 3.64557
387.545 3.64388
387.617 3.64235
387.689 3.64066
387.761 3.63849
387.833 3.63665
387.905 3.63492
387.977 3.63174
388.049 3.62765
388.121 3.62283
388.193 3.61678
388.265 3.61016
388.337 3.60392
388.409 3.59784
388.481 3.59227
388.553 3.58751
388.625 3.5836
388.697 3.57986
388.769 3.57483
388.841 3.56943
388.913 3.56963
388.985 3.57494
389.057 3.58393
389.129 3.59735
389.201 3.61469
389.273 3.63052
389.345 3.64463
389.417 3.65775
389.489 3.67035
389.561 3.68282
389.633 3.69525
389.705 3.70786
389.777 3.72039
389.849 3.73241
389.921 3.74396
389.993 3.75509
390.065 3.76539
390.137 3.77507
390.209 3.78438
390.281 3.79283
390.353 3.79835
390.425 3.79996
390.497 3.80221
390.569 3.80469
390.641 3.80461
390.713 3.80558
390.785 3.81199
390.857 3.8185
390.929 3.82402
391.001 3.83222
391.073 3.84182
391.145 3.84903
391.217 3.85509
391.289 3.86207
391.361 3.86711
391.433 3.87198
391.505 3.8787
391.577 3.8845
391.649 3.88971
391.721 3.89704
391.793 3.90274
391.865 3.907
391.937 3.91258
392.009 3.917
392.081 3.92093
392.153 3.92651
392.225 3.93064
392.297 3.9334
392.369 3.937
392.441 3.94054
392.513 3.94243
392.585 3.94517
392.657 3.94881
392.729 3.95182
392.801 3.95411
392.873 3.95796
392.945 3.962
393.017 3.96474
393.089 3.96683
393.161 3.96955
393.233 3.97142
393.305 3.97353
393.377 3.97645
393.449 3.98002
393.521 3.98299
393.593 3.98564
393.665 3.98678
393.737 3.98653
393.809 3.98595
393.881 3.9843
393.953 3.9812
394.025 3.97812
394.097 3.97383
394.169 3.96658
394.241 3.95766
394.313 3.95187
394.385 3.94917
394.457 3.94681
394.529 3.94601
394.601 3.94923
394.673 3.95043
394.745 3.9457
394.817 3.94042
394.889 3.93806
394.961 3.93458
395.033 3.928
395.105 3.91949
395.177 3.91336
395.249 3.90756
395.321 3.90003
395.393 3.89397
395.465 3.8916
395.537 3.88516
395.609 3.87459
395.681 3.86555
395.753 3.85837
395.825 3.85149
395.897 3.8451
395.969 3.83625
396.041 3.82338
396.113 3.80935
396.185 3.79646
396.257 3.78442
396.329 3.77325
396.401 3.76296
396.473 3.75248
396.545 3.74149
396.617 3.73088
396.689 3.72108
396.761 3.71147
396.833 3.70312
396.905 3.6974
396.977 3.6961
397.049 3.69977
397.121 3.70722
397.193 3.71749
397.265 3.72887
397.337 3.74024
397.409 3.7536
397.481 3.76939
397.553 3.78582
397.625 3.80297
397.697 3.81901
397.769 3.83333
397.841 3.84924
397.913 3.86473
397.985 3.87887
398.057 3.89453
398.129 3.91161
398.201 3.9269
398.273 3.94068
398.345 3.95357
398.417 3.9668
398.489 3.98118
398.561 3.99501
398.633 4.00828
398.705 4.02138
398.777 4.03232
398.849 4.03996
398.921 4.04819
398.993 4.05809
399.065 4.0694
399.137 4.08181
399.209 4.0938
399.281 4.10154
399.353 4.10716
399.425 4.11388
399.497 4.12188
399.569 4.13002
399.641 4.1395
399.713 4.14954
399.785 4.15701
399.857 4.161
399.929 4.16414
400.001 4.1691
400.073 4.17473
400.145 4.18103
400.217 4.18939
400.289 4.19861
400.361 4.20567
400.433 4.21113
400.505 4.21608
400.577 4.22026
400.649 4.22189
400.721 4.22028
400.793 4.21898
400.865 4.21691
400.937 4.21257
401.009 4.21161
401.081 4.21613
401.153 4.22124
401.225 4.22715
401.297 4.23532
401.369 4.24048
401.441 4.24484
401.513 4.24894
401.585 4.25252
401.657 4.25608
401.729 4.26117
401.801 4.26525
401.873 4.26808
401.945 4.27076
402.017 4.27356
402.089 4.27609
402.161 4.2786
402.233 4.28225
402.305 4.28556
402.377 4.28839
402.449 4.29144
402.521 4.29407
402.593 4.29557
402.665 4.29777
402.737 4.30046
402.809 4.30204
402.881 4.30298
402.953 4.30487
403.025 4.30733
403.097 4.3096
403.169 4.31264
403.241 4.31534
403.313 4.31785
403.385 4.31996
403.457 4.32191
403.529 4.32385
403.601 4.32602
403.673 4.32754
403.745 4.32848
403.817 4.32923
403.889 4.3299
403.961 4.3305
404.033 4.33095
404.105 4.33121
404.177 4.33093
404.249 4.32898
404.321 4.32493
404.393 4.32073
404.465 4.31686
404.537 4.31408
404.609 4.31287
404.681 4.31074
404.753 4.30743
404.825 4.30756
404.897 4.3086
404.969 4.30493
405.041 4.29799
405.113 4.29642
405.185 4.29643
405.257 4.29554
405.329 4.29724
405.401 4.30226
405.473 4.30362
405.545 4.30206
405.617 4.30026
405.689 4.29919
405.761 4.29839
405.833 4.29442
405.905 4.28851
405.977 4.28386
406.049 4.27966
406.121 4.27612
406.193 4.2741
406.265 4.27079
406.337 4.26566
406.409 4.25999
406.481 4.253
406.553 4.24573
406.625 4.2417
406.697 4.23741
406.769 4.23114
406.841 4.22759
406.913 4.22713
406.985 4.22427
407.057 4.2202
407.129 4.21825
407.201 4.2163
407.273 4.2116
407.345 4.20463
407.417 4.19665
407.489 4.18688
407.561 4.17497
407.633 4.16413
407.705 4.15395
407.777 4.14311
407.849 4.1318
407.921 4.11869
407.993 4.10228
408.065 4.08421
408.137 4.06866
408.209 4.05594
408.281 4.04627
408.353 4.03884
408.425 4.03148
408.497 4.0198
408.569 4.00238
408.641 3.98268
408.713 3.9646
408.785 3.94832
408.857 3.93232
408.929 3.9173
409.001 3.90221
409.073 3.88306
409.145 3.8613
409.217 3.83961
409.289 3.81744
409.361 3.79442
409.433 3.77276
409.505 3.75275
409.577 3.73179
409.649 3.70973
409.721 3.68846
409.793 3.66813
409.865 3.64755
409.937 3.62878
410.009 3.61477
410.081 3.60791
410.153 3.60869
410.225 3.6171
410.297 3.63122
410.369 3.64894
410.441 3.66945
410.513 3.69086
410.585 3.71078
410.657 3.7295
410.729 3.75109
410.801 3.77349
410.873 3.79424
410.945 3.81653
411.017 3.84331
411.089 3.86964
411.161 3.89332
411.233 3.9168
411.305 3.93939
411.377 3.95825
411.449 3.97462
411.521 3.99201
411.593 4.01037
411.665 4.02909
411.737 4.04874
411.809 4.06853
411.881 4.08595
411.953 4.10032
412.025 4.11216
412.097 4.12427
412.169 4.13607
412.241 4.14746
412.313 4.16093
412.385 4.17623
412.457 4.18933
412.529 4.20042
412.601 4.21129
412.673 4.22018
412.745 4.22731
412.817 4.23729
412.889 4.24984
412.961 4.26065
413.033 4.26982
413.105 4.28085
413.177 4.29047
413.249 4.29794
413.321 4.30591
413.393 4.31438
413.465 4.32162
413.537 4.32763
413.609 4.33224
413.681 4.33726
413.753 4.34288
413.825 4.34702
413.897 4.35306
413.969 4.36188
414.041 4.37057
414.113 4.37901
414.185 4.38842
414.257 4.39598
414.329 4.40209
414.401 4.40716
414.473 4.4103
414.545 4.41171
414.617 4.41455
414.689 4.41849
414.761 4.42256
414.833 4.42795
414.905 4.43491
414.977 4.44021
415.049 4.44401
415.121 4.4475
415.193 4.45089
415.265 4.45419
415.337 4.45722
415.409 4.45899
415.481 4.4579
415.553 4.45421
415.625 4.45061
415.697 4.44916
415.769 4.44735
415.841 4.44777
415.913 4.45397
415.985 4.45985
416.057 4.4602
416.129 4.46301
416.201 4.46937
416.273 4.47039
416.345 4.46554
416.417 4.46312
416.489 4.46231
416.561 4.46031
416.633 4.46156
416.705 4.46879
416.777 4.47351
416.849 4.47424
416.921 4.47537
416.993 4.47806
417.065 4.48169
417.137 4.48694
417.209 4.4912
417.281 4.49349
417.353 4.49578
417.425 4.49658
417.497 4.49848
417.569 4.50473
417.641 4.51058
417.713 4.51032
417.785 4.50843
417.857 4.51025
417.929 4.51316
418.001 4.51681
418.073 4.52336
418.145 4.53091
418.217 4.53398
418.289 4.53412
418.361 4.53319
418.433 4.53161
418.505 4.52927
418.577 4.52799
418.649 4.52747
418.721 4.5284
418.793 4.53028
418.865 4.53327
418.937 4.53525
419.009 4.5377
419.081 4.54019
419.153 4.54266
419.225 4.54594
419.297 4.55023
419.369 4.55118
419.441 4.54896
419.513 4.54807
419.585 4.54847
419.657 4.54924
419.729 4.55135
419.801 4.55505
419.873 4.55708
419.945 4.55744
420.017 4.5559
420.089 4.55236
420.161 4.55073
420.233 4.55045
420.305 4.55026
420.377 4.5519
420.449 4.5555
420.521 4.55732
420.593 4.55697
420.665 4.55554
420.737 4.55337
420.809 4.55001
420.881 4.54852
420.953 4.54953
421.025 4.55221
421.097 4.55572
421.169 4.56028
421.241 4.56246
421.313 4.56276
421.385 4.5628
421.457 4.56261
421.529 4.56085
421.601 4.55736
421.673 4.55584
421.745 4.55601
421.817 4.55653
421.889 4.55847
421.961 4.56219
422.033 4.56415
422.105 4.56452
422.177 4.56463
422.249 4.56467
422.321 4.56481
422.393 4.56477
422.465 4.56271
422.537 4.5583
422.609 4.55592
422.681 4.55543
422.753 4.55545
422.825 4.55714
422.897 4.56077
422.969 4.56224
423.041 4.56185
423.113 4.56118
423.185 4.56045
423.257 4.55969
423.329 4.55907
423.401 4.5583
423.473 4.55575
423.545 4.55115
423.617 4.5484
423.689 4.54744
423.761 4.54705
423.833 4.5482
423.905 4.55106
423.977 4.55198
424.049 4.55133
424.121 4.55047
424.193 4.5494
424.265 4.54813
424.337 4.54683
424.409 4.54553
424.481 4.54405
424.553 4.54117
424.625 4.53578
424.697 4.52974
424.769 4.52423
424.841 4.51981
424.913 4.51796
424.985 4.5179
425.057 4.51815
425.129 4.51933
425.201 4.51969
425.273 4.51849
425.345 4.51733
425.417 4.51749
425.489 4.5178
425.561 4.51807
425.633 4.51802
425.705 4.51854
425.777 4.5188
425.849 4.51789
425.921 4.51624
425.993 4.51428
426.065 4.51231
426.137 4.51056
426.209 4.50893
426.281 4.5071
426.353 4.50495
426.425 4.50277
426.497 4.50082
426.569 4.49906
426.641 4.49712
426.713 4.49493
426.785 4.49269
426.857 4.49047
426.929 4.48819
427.001 4.48579
427.073 4.48326
427.145 4.48028
427.217 4.47665
427.289 4.47348
427.361 4.47064
427.433 4.46783
427.505 4.466
427.577 4.4651
427.649 4.46322
427.721 4.46026
427.793 4.457
427.865 4.45303
427.937 4.44825
428.009 4.44408
428.081 4.44029
428.153 4.43663
428.225 4.43394
428.297 4.43148
428.369 4.42668
428.441 4.42047
428.513 4.41366
428.585 4.40814
428.657 4.40452
428.729 4.40257
428.801 4.40055
428.873 4.39848
428.945 4.39528
429.017 4.39104
429.089 4.38539
429.161 4.37987
429.233 4.37458
429.305 4.36936
429.377 4.36521
429.449 4.36214
429.521 4.35774
429.593 4.3519
429.665 4.3449
429.737 4.33634
429.809 4.32794
429.881 4.32098
429.953 4.31448
430.025 4.30887
430.097 4.30549
430.169 4.3021
430.241 4.29484
430.313 4.28429
430.385 4.27482
430.457 4.26696
430.529 4.25943
430.601 4.2522
430.673 4.24523
430.745 4.23636
430.817 4.2265
430.889 4.21707
430.961 4.2067
431.033 4.19365
431.105 4.17904
431.177 4.16502
431.249 4.15254
431.321 4.1395
431.393 4.12412
431.465 4.10869
431.537 4.09358
431.609 4.07876
431.681 4.06381
431.753 4.04966
431.825 4.03581
431.897 4.0224
431.969 4.00981
432.041 3.9985
432.113 3.98512
432.185 3.96801
432.257 3.95
432.329 3.93313
432.401 3.91853
432.473 3.90467
432.545 3.88788
432.617 3.86802
432.689 3.84715
432.761 3.82712
432.833 3.80781
432.905 3.78741
432.977 3.76461
433.049 3.74102
433.121 3.71858
433.193 3.69811
433.265 3.67728
433.337 3.65373
433.409 3.62822
433.481 3.60248
433.553 3.57828
433.625 3.55524
433.697 3.53141
433.769 3.50648
433.841 3.48185
433.913 3.46085
433.985 3.44819
434.057 3.4469
434.129 3.45865
434.201 3.47908
434.273 3.50159
434.345 3.52432
434.417 3.54907
434.489 3.57419
434.561 3.59919
434.633 3.62376
434.705 3.64657
434.777 3.66694
434.849 3.68695
434.921 3.70865
434.993 3.73137
435.065 3.75372
435.137 3.77434
435.209 3.79354
435.281 3.81299
435.353 3.83315
435.425 3.85279
435.497 3.87073
435.569 3.88645
435.641 3.90161
435.713 3.91781
435.785 3.93461
435.857 3.951
435.929 3.96599
436.001 3.97977
436.073 3.99351
436.145 4.00763
436.217 4.02128
436.289 4.03369
436.361 4.04454
436.433 4.05494
436.505 4.06602
436.577 4.07747
436.649 4.0884
436.721 4.09667
436.793 4.10176
436.865 4.10868
436.937 4.11802
437.009 4.12817
437.081 4.13985
437.153 4.15281
437.225 4.16268
437.297 4.17042
437.369 4.17831
437.441 4.18639
437.513 4.19426
437.585 4.20148
437.657 4.20818
437.729 4.21491
437.801 4.22184
437.873 4.2286
437.945 4.23478
438.017 4.2402
438.089 4.24534
438.161 4.25062
438.233 4.25525
438.305 4.25881
438.377 4.26238
438.449 4.26565
438.521 4.26951
438.593 4.27476
438.665 4.28103
438.737 4.28663
438.809 4.29156
438.881 4.2953
438.953 4.29828
439.025 4.3008
439.097 4.30278
439.169 4.30519
439.241 4.30788
439.313 4.31042
439.385 4.31347
439.457 4.31729
439.529 4.32065
439.601 4.32345
439.673 4.32594
439.745 4.32815
439.817 4.33031
439.889 4.3326
439.961 4.33452
440.033 4.3356
440.105 4.33568
440.177 4.33361
440.249 4.33196
440.321 4.33308
440.393 4.33505
440.465 4.33636
440.537 4.33633
440.609 4.33448
440.681 4.33176
440.753 4.33043
440.825 4.32924
440.897 4.33133
440.969 4.33813
441.041 4.34335
441.113 4.34291
441.185 4.34344
441.257 4.34555
441.329 4.34739
441.401 4.35118
441.473 4.35679
441.545 4.35898
441.617 4.35852
441.689 4.3591
441.761 4.36036
441.833 4.36439
441.905 4.37179
441.977 4.37801
442.049 4.37792
442.121 4.37689
442.193 4.37618
442.265 4.37499
442.337 4.37725
442.409 4.38206
442.481 4.38254
442.553 4.37651
442.625 4.37002
442.697 4.36694
442.769 4.36846
442.841 4.37434
442.913 4.38082
442.985 4.38361
443.057 4.38454
443.129 4.38739
443.201 4.39149
443.273 4.3945
443.345 4.39672
443.417 4.39748
443.489 4.39733
443.561 4.39673
443.633 4.39786
443.705 4.39906
443.777 4.39982
443.849 4.40163
443.921 4.40349
443.993 4.40502
444.065 4.40585
444.137 4.40656
444.209 4.40491
444.281 4.40322
444.353 4.40169
444.425 4.40193
444.497 4.40245
444.569 4.40205
444.641 4.39983
444.713 4.39615
444.785 4.39347
444.857 4.39377
444.929 4.39702
445.001 4.40291
445.073 4.40817
445.145 4.41069
445.217 4.4097
445.289 4.40944
445.361 4.40864
445.433 4.40937
445.505 4.40911
445.577 4.40954
445.649 4.40882
445.721 4.40714
445.793 4.40363
445.865 4.40214
445.937 4.40327
446.009 4.40656
446.081 4.41112
446.153 4.41337
446.225 4.41138
446.297 4.40845
446.369 4.40548
446.441 4.40416
446.513 4.40602
446.585 4.41074
446.657 4.41341
446.729 4.41257
446.801 4.41096
446.873 4.41003
446.945 4.40928
447.017 4.4089
447.089 4.40993
447.161 4.41037
447.233 4.41098
447.305 4.41143
447.377 4.41074
447.449 4.40789
447.521 4.40663
447.593 4.4064
447.665 4.40597
447.737 4.40681
447.809 4.40912
447.881 4.41035
447.953 4.41104
448.025 4.41174
448.097 4.41165
448.169 4.41125
448.241 4.41071
448.313 4.40982
448.385 4.40791
448.457 4.40517
448.529 4.40372
448.601 4.40335
448.673 4.40317
448.745 4.40352
448.817 4.40444
448.889 4.40448
448.961 4.40398
449.033 4.40354
449.105 4.40298
449.177 4.40199
449.249 4.40084
449.321 4.39964
449.393 4.39875
449.465 4.39814
449.537 4.39768
449.609 4.39691
449.681 4.39587
449.753 4.39471
449.825 4.39356
449.897 4.39251
449.969 4.39159
450.041 4.39073
450.113 4.38984
450.185 4.38884
450.257 4.38766
450.329 4.38636
450.401 4.38508
450.473 4.38395
450.545 4.38303
450.617 4.38214
450.689 4.38035
450.761 4.37746
450.833 4.37535
450.905 4.37402
450.977 4.37303
451.049 4.37304
451.121 4.37409
451.193 4.37415
451.265 4.37322
451.337 4.37206
451.409 4.37089
451.481 4.36987
451.553 4.36909
451.625 4.36847
451.697 4.36777
451.769 4.3669
451.841 4.36589
451.913 4.36489
451.985 4.36405
452.057 4.36346
452.129 4.36302
452.201 4.36261
452.273 4.36211
452.345 4.36143
452.417 4.36062
452.489 4.35979
452.561 4.35903
452.633 4.35833
452.705 4.35755
452.777 4.35628
452.849 4.35445
452.921 4.35282
452.993 4.35036
453.065 4.34656
453.137 4.34462
453.209 4.34441
453.281 4.34423
453.353 4.34482
453.425 4.34588
453.497 4.34365
453.569 4.3393
453.641 4.33512
453.713 4.33178
453.785 4.33018
453.857 4.32934
453.929 4.32834
454.001 4.3282
454.073 4.32771
454.145 4.32534
454.217 4.32481
454.289 4.3254
454.361 4.32462
454.433 4.32397
454.505 4.3254
454.577 4.32646
454.649 4.32733
454.721 4.32847
454.793 4.32944
454.865 4.3294
454.937 4.32873
455.009 4.32786
455.081 4.32679
455.153 4.32528
455.225 4.32148
455.297 4.31412
455.369 4.30787
455.441 4.30528
455.513 4.30452
455.585 4.30608
455.657 4.31113
455.729 4.31521
455.801 4.31575
455.873 4.31484
455.945 4.31378
456.017 4.31259
456.089 4.31112
456.161 4.30934
456.233 4.30724
456.305 4.3049
456.377 4.3019
456.449 4.29832
456.521 4.2957
456.593 4.29386
456.665 4.29208
456.737 4.29016
456.809 4.28803
456.881 4.28578
456.953 4.28356
457.025 4.28161
457.097 4.2805
457.169 4.28022
457.241 4.27918
457.313 4.27737
457.385 4.27524
457.457 4.27298
457.529 4.27062
457.601 4.26757
457.673 4.26377
457.745 4.26108
457.817 4.25921
457.889 4.25681
457.961 4.25357
458.033 4.25061
458.105 4.24752
458.177 4.24351
458.249 4.23794
458.321 4.23437
458.393 4.23422
458.465 4.23369
458.537 4.2316
458.609 4.23113
458.681 4.23101
458.753 4.2298
458.825 4.22897
458.897 4.229
458.969 4.22835
459.041 4.2281
459.113 4.22714
459.185 4.22544
459.257 4.22465
459.329 4.22517
459.401 4.22452
459.473 4.22284
459.545 4.2211
459.617 4.21939
459.689 4.21777
459.761 4.21609
459.833 4.21422
459.905 4.21212
459.977 4.21005
460.049 4.20818
460.121 4.20659
460.193 4.20519
460.265 4.20382
460.337 4.20233
460.409 4.2006
460.481 4.19872
460.553 4.19681
460.625 4.19505
460.697 4.19352
460.769 4.19213
460.841 4.19075
460.913 4.18938
460.985 4.18789
461.057 4.18619
461.129 4.18435
461.201 4.1825
461.273 4.18078
461.345 4.17923
461.417 4.17777
461.489 4.17632
461.561 4.17488
461.633 4.17337
461.705 4.17164
461.777 4.16977
461.849 4.16788
461.921 4.16613
461.993 4.16457
462.065 4.16312
462.137 4.16165
462.209 4.16015
462.281 4.15854
462.353 4.15672
462.425 4.15477
462.497 4.15283
462.569 4.15107
462.641 4.14955
462.713 4.14817
462.785 4.14681
462.857 4.14548
462.929 4.14404
463.001 4.14239
463.073 4.14061
463.145 4.13882
463.217 4.13716
463.289 4.1357
463.361 4.13435
463.433 4.133
463.505 4.13166
463.577 4.13036
463.649 4.12898
463.721 4.12739
463.793 4.12563
463.865 4.12381
463.937 4.12216
464.009 4.1208
464.081 4.11968
464.153 4.11865
464.225 4.11767
464.297 4.11656
464.369 4.11522
464.441 4.11372
464.513 4.11219
464.585 4.11078
464.657 4.10959
464.729 4.10852
464.801 4.10744
464.873 4.10632
464.945 4.10515
465.017 4.10383
465.089 4.10227
465.161 4.10054
465.233 4.09879
465.305 4.09719
465.377 4.09581
465.449 4.09457
465.521 4.09337
465.593 4.0922
465.665 4.09094
465.737 4.0895
465.809 4.08781
465.881 4.08513
465.953 4.08137
466.025 4.07822
466.097 4.07472
466.169 4.07079
466.241 4.06861
466.313 4.06917
466.385 4.06984
466.457 4.0708
466.529 4.07218
466.601 4.07272
466.673 4.07097
466.745 4.06748
466.817 4.06434
466.889 4.06077
466.961 4.05702
467.033 4.05538
467.105 4.05399
467.177 4.04978
467.249 4.04684
467.321 4.04601
467.393 4.04288
467.465 4.03802
467.537 4.03554
467.609 4.03549
467.681 4.03503
467.753 4.03565
467.825 4.03896
467.897 4.0426
467.969 4.04191
468.041 4.0365
468.113 4.02896
468.185 4.0247
468.257 4.0226
468.329 4.02136
468.401 4.02292
468.473 4.02626
468.545 4.02602
468.617 4.02298
468.689 4.01978
468.761 4.01692
468.833 4.01479
468.905 4.01319
468.977 4.01147
469.049 4.00903
469.121 4.00674
469.193 4.00445
469.265 4.00199
469.337 3.99982
469.409 3.99775
469.481 3.99439
469.553 3.99007
469.625 3.98524
469.697 3.98107
469.769 3.97911
469.841 3.97893
469.913 3.97874
469.985 3.97684
470.057 3.97412
470.129 3.97169
470.201 3.96992
470.273 3.9686
470.345 3.96723
470.417 3.96495
470.489 3.96268
470.561 3.96048
470.633 3.95806
470.705 3.95563
470.777 3.95351
470.849 3.95099
470.921 3.94827
470.993 3.94457
471.065 3.93961
471.137 3.93525
471.209 3.93187
471.281 3.92931
471.353 3.92815
471.425 3.92857
471.497 3.92764
471.569 3.92519
471.641 3.92243
471.713 3.92001
471.785 3.91759
471.857 3.91447
471.929 3.91033
472.001 3.90623
472.073 3.9032
472.145 3.90047
472.217 3.89916
472.289 3.89921
472.361 3.8989
472.433 3.89748
472.505 3.89598
472.577 3.89387
472.649 3.89169
472.721 3.88857
472.793 3.88526
472.865 3.88234
472.937 3.87989
473.009 3.8781
473.081 3.87693
473.153 3.8754
473.225 3.87322
473.297 3.871
473.369 3.86861
473.441 3.86667
473.513 3.86497
473.585 3.86283
473.657 3.86009
473.729 3.85738
473.801 3.85496
473.873 3.85272
473.945 3.85061
474.017 3.84815
474.089 3.84589
474.161 3.8438
474.233 3.84164
474.305 3.83904
474.377 3.83621
474.449 3.833
474.521 3.82987
474.593 3.82706
474.665 3.82469
474.737 3.82238
474.809 3.82023
474.881 3.81805
474.953 3.81574
475.025 3.81337
475.097 3.811
475.169 3.80852
475.241 3.80586
475.313 3.80274
475.385 3.79941
475.457 3.79613
475.529 3.79318
475.601 3.79059
475.673 3.78817
475.745 3.78556
475.817 3.7829
475.889 3.7802
475.961 3.77744
476.033 3.77461
476.105 3.77166
476.177 3.76849
476.249 3.765
476.321 3.76137
476.393 3.75781
476.465 3.75446
476.537 3.75136
476.609 3.74838
476.681 3.74537
476.753 3.74235
476.825 3.73931
476.897 3.73623
476.969 3.73312
477.041 3.73
477.113 3.72667
477.185 3.72299
477.257 3.7191
477.329 3.71525
477.401 3.71165
477.473 3.70842
477.545 3.70539
477.617 3.70239
477.689 3.69941
477.761 3.69646
477.833 3.69352
477.905 3.69056
477.977 3.68761
478.049 3.68445
478.121 3.68093
478.193 3.67714
478.265 3.67334
478.337 3.66977
478.409 3.66656
478.481 3.66348
478.553 3.6603
478.625 3.65703
478.697 3.65372
478.769 3.65037
478.841 3.64702
478.913 3.64364
478.985 3.64023
479.057 3.63655
479.129 3.63238
479.201 3.62787
479.273 3.62332
479.345 3.61902
479.417 3.61509
479.489 3.61132
479.561 3.6075
479.633 3.60366
479.705 3.59984
479.777 3.59605
479.849 3.59227
479.921 3.58838
479.993 3.58428
480.065 3.57965
480.137 3.57428
480.209 3.5684
480.281 3.56244
480.353 3.55677
480.425 3.55156
480.497 3.54654
480.569 3.54142
480.641 3.53617
480.713 3.53081
480.785 3.52538
480.857 3.51991
480.929 3.5144
481.001 3.50879
481.073 3.50271
481.145 3.49517
481.217 3.48643
481.289 3.47826
481.361 3.47074
481.433 3.464
481.505 3.45883
481.577 3.45442
481.649 3.44882
481.721 3.4423
481.793 3.43485
481.865 3.42644
481.937 3.41867
482.009 3.41028
482.081 3.39936
482.153 3.38879
482.225 3.38144
482.297 3.37378
482.369 3.36452
482.441 3.35634
482.513 3.3496
482.585 3.34166
482.657 3.33338
482.729 3.32545
482.801 3.3159
482.873 3.30458
482.945 3.29425
483.017 3.28494
483.089 3.27669
483.161 3.27031
483.233 3.26395
483.305 3.25526
483.377 3.24518
483.449 3.23409
483.521 3.22152
483.593 3.20779
483.665 3.1938
483.737 3.18039
483.809 3.1679
483.881 3.15571
483.953 3.14333
484.025 3.13089
484.097 3.11827
484.169 3.10404
484.241 3.08813
484.313 3.07336
484.385 3.05965
484.457 3.04609
484.529 3.03368
484.601 3.02111
484.673 3.0045
484.745 2.98387
484.817 2.96246
484.889 2.94305
484.961 2.92607
485.033 2.91043
485.105 2.89629
485.177 2.88198
485.249 2.86624
485.321 2.84962
485.393 2.83309
485.465 2.81651
485.537 2.79944
485.609 2.78172
485.681 2.76323
485.753 2.74478
485.825 2.72608
485.897 2.7057
485.969 2.68413
486.041 2.66701
486.113 2.65899
486.185 2.66508
486.257 2.68148
486.329 2.70073
486.401 2.71956
486.473 2.73868
486.545 2.75565
486.617 2.77102
486.689 2.78622
486.761 2.80134
486.833 2.8161
486.905 2.83003
486.977 2.84368
487.049 2.8567
487.121 2.86994
487.193 2.88406
487.265 2.89984
487.337 2.91609
487.409 2.93213
487.481 2.94628
487.553 2.95904
487.625 2.97078
487.697 2.98251
487.769 2.99291
487.841 3.00296
487.913 3.01295
487.985 3.02349
488.057 3.03386
488.129 3.044
488.201 3.05198
488.273 3.05856
488.345 3.06571
488.417 3.07372
488.489 3.08165
488.561 3.09155
488.633 3.1037
488.705 3.11464
488.777 3.12362
488.849 3.13147
488.921 3.13839
488.993 3.14427
489.065 3.14992
489.137 3.15508
489.209 3.16073
489.281 3.16635
489.353 3.17234
489.425 3.17764
489.497 3.18281
489.569 3.18766
489.641 3.1922
489.713 3.19647
489.785 3.20092
489.857 3.20525
489.929 3.20959
490.001 3.21376
490.073 3.21762
490.145 3.22176
490.217 3.22589
490.289 3.22966
490.361 3.23307
490.433 3.23476
490.505 3.23444
490.577 3.2358
490.649 3.23841
490.721 3.24109
490.793 3.24535
490.865 3.25131
490.937 3.25489
491.009 3.25638
491.081 3.25812
491.153 3.26034
491.225 3.2627
491.297 3.26545
491.369 3.26836
491.441 3.27077
491.513 3.27278
491.585 3.27481
491.657 3.27662
491.729 3.27777
491.801 3.27787
491.873 3.27873
491.945 3.2801
492.017 3.28154
492.089 3.28364
492.161 3.28665
492.233 3.28861
492.305 3.28974
492.377 3.2907
492.449 3.29175
492.521 3.29283
492.593 3.29379
492.665 3.2946
492.737 3.2954
492.809 3.29616
492.881 3.29695
492.953 3.29774
493.025 3.29829
493.097 3.29759
493.169 3.29548
493.241 3.29462
493.313 3.29489
493.385 3.29553
493.457 3.29738
493.529 3.30023
493.601 3.30089
493.673 3.29825
493.745 3.2929
493.817 3.29031
493.889 3.29044
493.961 3.29161
494.033 3.29472
494.105 3.30019
494.177 3.30288
494.249 3.30316
494.321 3.3031
494.393 3.30301
494.465 3.3029
494.537 3.30281
494.609 3.30267
494.681 3.30202
494.753 3.30077
494.825 3.30014
494.897 3.30007
494.969 3.30016
495.041 3.30081
495.113 3.30206
495.185 3.30239
495.257 3.30014
495.329 3.29552
495.401 3.29313
495.473 3.2927
495.545 3.29276
495.617 3.29472
495.689 3.29885
495.761 3.3007
495.833 3.30055
495.905 3.30007
495.977 3.29945
496.049 3.29863
496.121 3.29762
496.193 3.29641
496.265 3.29477
496.337 3.29271
496.409 3.2911
496.481 3.28979
496.553 3.28783
496.625 3.28534
496.697 3.28413
496.769 3.28328
496.841 3.28232
496.913 3.28205
496.985 3.2826
497.057 3.28226
497.129 3.28119
497.201 3.28001
497.273 3.27878
497.345 3.2775
497.417 3.27609
497.489 3.27426
497.561 3.27197
497.633 3.27009
497.705 3.26826
497.777 3.26616
497.849 3.26497
497.921 3.26461
497.993 3.2639
498.065 3.26322
498.137 3.26288
498.209 3.26204
498.281 3.26078
498.353 3.25954
498.425 3.25827
498.497 3.25703
498.569 3.2556
498.641 3.25418
498.713 3.25265
498.785 3.25114
498.857 3.24955
498.929 3.24802
499.001 3.24642
499.073 3.24465
499.145 3.24235
499.217 3.23976
499.289 3.23763
499.361 3.23606
499.433 3.23458
499.505 3.23296
499.577 3.23119
499.649 3.22954
499.721 3.22797
499.793 3.22639
499.865 3.22536
499.937 3.22481
500.009 3.22378
500.081 3.22241
500.153 3.22101
500.225 3.21938
500.297 3.21795
500.369 3.21644
500.441 3.21457
500.513 3.21344
500.585 3.21252
500.657 3.21157
500.729 3.21068
500.801 3.21019
500.873 3.20854
500.945 3.20672
501.017 3.2053
501.089 3.20472
501.161 3.20432
501.233 3.20363
501.305 3.20157
501.377 3.19906
501.449 3.19688
501.521 3.19538
501.593 3.19403
501.665 3.19225
501.737 3.18987
501.809 3.18787
501.881 3.1855
501.953 3.1821
502.025 3.1788
502.097 3.17712
502.169 3.17757
502.241 3.17994
502.313 3.18188
502.385 3.18164
502.457 3.17763
502.529 3.17399
502.601 3.16818
502.673 3.1654
502.745 3.16528
502.817 3.16497
502.889 3.15826
502.961 3.15036
503.033 3.14449
503.105 3.14379
503.177 3.14957
503.249 3.15413
503.321 3.15404
503.393 3.14786
503.465 3.13298
503.537 3.11027
503.609 3.09397
503.681 3.09303
503.753 3.09013
503.825 3.09199
503.897 3.09133
503.969 3.09288
504.041 3.10037
504.113 3.11341
504.185 3.10772
504.257 3.10059
504.329 3.09106
504.401 3.0822
504.473 3.08426
504.545 3.0962
504.617 3.11023
504.689 3.12374
504.761 3.12804
504.833 3.12265
504.905 3.11817
504.977 3.11541
505.049 3.1146
505.121 3.11628
505.193 3.11699
505.265 3.11341
505.337 3.1103
505.409 3.1064
505.481 3.1045
505.553 3.10578
505.625 3.10037
505.697 3.09278
505.769 3.08019
505.841 3.06889
505.913 3.06573
505.985 3.06805
506.057 3.07189
506.129 3.07915
506.201 3.08368
506.273 3.08711
506.345 3.09318
506.417 3.09512
506.489 3.09778
506.561 3.09106
506.633 3.07965
506.705 3.06139
506.777 3.05187
506.849 3.0496
506.921 3.05652
506.993 3.06151
507.065 3.06736
507.137 3.06792
507.209 3.07305
507.281 3.06732
507.353 3.06011
507.425 3.05462
507.497 3.05759
507.569 3.06316
507.641 3.06153
507.713 3.04922
507.785 3.04149
507.857 3.04114
507.929 3.03855
508.001 3.03775
508.073 3.03483
508.145 3.03905
508.217 3.04941
508.289 3.05893
508.361 3.05497
508.433 3.04761
508.505 3.04325
508.577 3.04179
508.649 3.03744
508.721 3.03482
508.793 3.0331
508.865 3.0353
508.937 3.04201
509.009 3.04812
509.081 3.04702
509.153 3.04458
509.225 3.03765
509.297 3.03203
509.369 3.02672
509.441 3.02344
509.513 3.02387
509.585 3.02502
509.657 3.02436
509.729 3.02632
509.801 3.0285
509.873 3.02896
509.945 3.03054
510.017 3.02919
510.089 3.02705
510.161 3.02392
510.233 3.01936
510.305 3.01605
510.377 3.0151
510.449 3.01638
510.521 3.01862
510.593 3.02037
510.665 3.01955
510.737 3.01818
510.809 3.01641
510.881 3.01497
510.953 3.01374
511.025 3.01204
511.097 3.00839
511.169 3.00478
511.241 3.00307
511.313 3.00392
511.385 3.00559
511.457 3.00621
511.529 3.00489
511.601 3.0033
511.673 3.00126
511.745 2.99967
511.817 2.99867
511.889 2.99759
511.961 2.99665
512.033 2.99507
512.105 2.99304
512.177 2.99157
512.249 2.99005
512.321 2.98861
512.393 2.9873
512.465 2.98594
512.537 2.98465
512.609 2.9833
512.681 2.98115
512.753 2.97925
512.825 2.97763
512.897 2.97617
512.969 2.97456
513.041 2.97273
513.113 2.97082
513.185 2.9691
513.257 2.96736
513.329 2.96558
513.401 2.96377
513.473 2.96199
513.545 2.96032
513.617 2.95871
513.689 2.95684
513.761 2.95493
513.833 2.95303
513.905 2.95118
513.977 2.94939
514.049 2.94757
514.121 2.94565
514.193 2.94375
514.265 2.94191
514.337 2.94009
514.409 2.93832
514.481 2.9365
514.553 2.93464
514.625 2.93274
514.697 2.9308
514.769 2.92883
514.841 2.92687
514.913 2.92494
514.985 2.92304
515.057 2.92114
515.129 2.91931
515.201 2.91981
515.273 2.93752
