367.673 1.22266
367.745 1.19094
367.817 1.18888
367.889 1.19106
367.961 1.19266
368.033 1.19362
368.105 1.19447
368.177 1.19532
368.249 1.19607
368.321 1.19681
368.393 1.19763
368.465 1.19838
368.537 1.19882
368.609 1.19929
368.681 1.19971
368.753 1.19962
368.825 1.19932
368.897 1.19946
368.969 1.20009
369.041 1.20134
369.113 1.20333
369.185 1.20561
369.257 1.20789
369.329 1.21017
369.401 1.21247
369.473 1.21485
369.545 1.21745
369.617 1.22027
369.689 1.22285
369.761 1.22465
369.833 1.22625
369.905 1.22799
369.977 1.22983
370.049 1.23215
370.121 1.23527
370.193 1.23922
370.265 1.24347
370.337 1.24749
370.409 1.25139
370.481 1.25555
370.553 1.2593
370.625 1.26242
370.697 1.26571
370.769 1.26912
370.841 1.27196
370.913 1.27442
370.985 1.2769
371.057 1.27938
371.129 1.28193
371.201 1.28507
371.273 1.2884
371.345 1.29143
371.417 1.2939
371.489 1.29649
371.561 1.29906
371.633 1.30156
371.705 1.30483
371.777 1.30885
371.849 1.31255
371.921 1.31599
371.993 1.31976
372.065 1.32337
372.137 1.32643
372.209 1.32925
372.281 1.33266
372.353 1.33619
372.425 1.33964
372.497 1.34343
372.569 1.34763
372.641 1.35144
372.713 1.3547
372.785 1.35764
372.857 1.36152
372.929 1.36718
373.001 1.37398
373.073 1.38156
373.145 1.39052
373.217 1.39913
373.289 1.40593
373.361 1.41262
373.433 1.42064
373.505 1.42966
373.577 1.43883
373.649 1.44846
373.721 1.45823
373.793 1.46619
373.865 1.47125
373.937 1.47708
374.009 1.48534
374.081 1.49401
374.153 1.50472
374.225 1.5181
374.297 1.52916
374.369 1.53737
374.441 1.54735
374.513 1.55657
374.585 1.56297
374.657 1.57099
374.729 1.5815
374.801 1.59047
374.873 1.59827
374.945 1.60583
375.017 1.61126
375.089 1.61412
375.161 1.61598
375.233 1.61806
375.305 1.62036
375.377 1.62165
375.449 1.62174
375.521 1.62284
375.593 1.62504
375.665 1.62793
375.737 1.63194
375.809 1.63608
375.881 1.63845
375.953 1.64062
376.025 1.64372
376.097 1.6475
376.169 1.65199
376.241 1.65702
376.313 1.66081
376.385 1.66283
376.457 1.66476
376.529 1.66697
376.601 1.66942
376.673 1.67241
376.745 1.67598
376.817 1.67891
376.889 1.68138
376.961 1.68402
377.033 1.68774
377.105 1.69239
377.177 1.69717
377.249 1.70182
377.321 1.70649
377.393 1.70996
377.465 1.71174
377.537 1.71584
377.609 1.722
377.681 1.72802
377.753 1.73479
377.825 1.74483
377.897 1.754
377.969 1.76121
378.041 1.76805
378.113 1.77495
378.185 1.78144
378.257 1.78813
378.329 1.7954
378.401 1.80212
378.473 1.80779
378.545 1.81454
378.617 1.82239
378.689 1.83105
378.761 1.84217
378.833 1.85594
378.905 1.86797
378.977 1.87796
379.049 1.88782
379.121 1.89703
379.193 1.90559
379.265 1.91536
379.337 1.92639
379.409 1.93606
379.481 1.94523
379.553 1.95543
379.625 1.96446
379.697 1.97197
379.769 1.97988
379.841 1.98797
379.913 1.99457
379.985 2.00062
380.057 2.00633
380.129 2.01198
380.201 2.01795
380.273 2.02426
380.345 2.03078
380.417 2.03741
380.489 2.04395
380.561 2.05073
380.633 2.05827
380.705 2.06634
380.777 2.07502
380.849 2.08258
380.921 2.08646
380.993 2.08748
381.065 2.08631
381.137 2.08229
381.209 2.077
381.281 2.07194
381.353 2.06511
381.425 2.05651
381.497 2.04909
381.569 2.04228
381.641 2.03662
381.713 2.03507
381.785 2.03578
381.857 2.0351
381.929 2.03369
382.001 2.03155
382.073 2.0277
382.145 2.02374
382.217 2.0212
382.289 2.02005
382.361 2.01935
382.433 2.01803
382.505 2.01554
382.577 2.01207
382.649 2.00804
382.721 2.00306
382.793 1.99648
382.865 1.99251
382.937 1.99338
383.009 1.99716
383.081 2.00435
383.153 2.01575
383.225 2.02881
383.297 2.04569
383.369 2.06668
383.441 2.08798
383.513 2.10952
383.585 2.13034
383.657 2.14527
383.729 2.15481
383.801 2.16574
383.873 2.17704
383.945 2.1889
384.017 2.20208
384.089 2.21658
384.161 2.22964
384.233 2.24283
384.305 2.25515
384.377 2.26723
384.449 2.27883
384.521 2.28863
384.593 2.29944
384.665 2.31096
384.737 2.32319
384.809 2.33854
384.881 2.35581
384.953 2.36685
385.025 2.37318
385.097 2.37991
385.169 2.38647
385.241 2.3928
385.313 2.40029
385.385 2.40767
385.457 2.41153
385.529 2.41412
385.601 2.41801
385.673 2.42309
385.745 2.42942
385.817 2.43692
385.889 2.44423
385.961 2.45028
386.033 2.45575
386.105 2.46109
386.177 2.46643
386.249 2.47171
386.321 2.47641
386.393 2.48024
386.465 2.48448
386.537 2.48956
386.609 2.49489
386.681 2.50075
386.753 2.50756
386.825 2.51202
386.897 2.51256
386.969 2.5093
387.041 2.50083
387.113 2.48909
387.185 2.47676
387.257 2.46277
387.329 2.44671
387.401 2.43116
387.473 2.41506
387.545 2.39769
387.617 2.38288
387.689 2.37017
387.761 2.35595
387.833 2.34017
387.905 2.32547
387.977 2.31003
388.049 2.29321
388.121 2.27603
388.193 2.25892
388.265 2.24122
388.337 2.22326
388.409 2.20768
388.481 2.19355
388.553 2.17756
388.625 2.15922
388.697 2.14003
388.769 2.11766
388.841 2.09588
388.913 2.08421
388.985 2.08277
389.057 2.09084
389.129 2.1094
389.201 2.13385
389.273 2.15632
389.345 2.17779
389.417 2.19653
389.489 2.21342
389.561 2.23216
389.633 2.25329
389.705 2.27411
389.777 2.29527
389.849 2.31731
389.921 2.33935
389.993 2.36059
390.065 2.38164
390.137 2.4032
390.209 2.42264
390.281 2.44016
390.353 2.45696
390.425 2.47243
390.497 2.4881
390.569 2.50415
390.641 2.51861
390.713 2.53224
390.785 2.54943
390.857 2.56624
390.929 2.57886
391.001 2.58869
391.073 2.59619
391.145 2.59833
391.217 2.59768
391.289 2.59822
391.361 2.59697
391.433 2.59572
391.505 2.59713
391.577 2.59909
391.649 2.60204
391.721 2.60844
391.793 2.61487
391.865 2.62088
391.937 2.62839
392.009 2.6353
392.081 2.64215
392.153 2.65048
392.225 2.65736
392.297 2.66326
392.369 2.67009
392.441 2.67704
392.513 2.68315
392.585 2.69081
392.657 2.6997
392.729 2.70833
392.801 2.71694
392.873 2.72779
392.945 2.73974
393.017 2.75151
393.089 2.76343
393.161 2.7765
393.233 2.78903
393.305 2.80204
393.377 2.81617
393.449 2.83064
393.521 2.8422
393.593 2.84982
393.665 2.85195
393.737 2.84883
393.809 2.84253
393.881 2.83409
393.953 2.82414
394.025 2.81435
394.097 2.80365
394.169 2.79042
394.241 2.77578
394.313 2.76453
394.385 2.75674
394.457 2.74978
394.529 2.74515
394.601 2.74565
394.673 2.74529
394.745 2.73993
394.817 2.73497
394.889 2.73134
394.961 2.72116
395.033 2.70078
395.105 2.67401
395.177 2.64765
395.249 2.62133
395.321 2.5943
395.393 2.57018
395.465 2.55018
395.537 2.5282
395.609 2.50828
395.681 2.49433
395.753 2.48245
395.825 2.47061
395.897 2.46112
395.969 2.45007
396.041 2.43565
396.113 2.42329
396.185 2.41373
396.257 2.40316
396.329 2.3913
396.401 2.38043
396.473 2.3679
396.545 2.35197
396.617 2.33603
396.689 2.32001
396.761 2.29983
396.833 2.28035
396.905 2.26755
396.977 2.26274
397.049 2.26886
397.121 2.28571
397.193 2.30668
397.265 2.32685
397.337 2.34584
397.409 2.36349
397.481 2.38087
397.553 2.39845
397.625 2.41649
397.697 2.43076
397.769 2.44119
397.841 2.45233
397.913 2.46115
397.985 2.46741
398.057 2.47672
398.129 2.48991
398.201 2.50168
398.273 2.51265
398.345 2.52395
398.417 2.53404
398.489 2.54405
398.561 2.5564
398.633 2.57234
398.705 2.58993
398.777 2.60766
398.849 2.62257
398.921 2.63371
398.993 2.64134
399.065 2.64697
399.137 2.65102
399.209 2.65349
399.281 2.65268
399.353 2.65037
399.425 2.64915
399.497 2.64944
399.569 2.65032
399.641 2.65297
399.713 2.65681
399.785 2.65913
399.857 2.65893
399.929 2.65828
400.001 2.65925
400.073 2.6609
400.145 2.66334
400.217 2.66755
400.289 2.67248
400.361 2.67583
400.433 2.67804
400.505 2.67988
400.577 2.68113
400.649 2.68041
400.721 2.67712
400.793 2.67389
400.865 2.66952
400.937 2.66244
401.009 2.65717
401.081 2.65546
401.153 2.6535
401.225 2.65179
401.297 2.65202
401.369 2.64999
401.441 2.64731
401.513 2.64501
401.585 2.64294
401.657 2.64075
401.729 2.63952
401.801 2.63788
401.873 2.63544
401.945 2.63281
402.017 2.63073
402.089 2.62882
402.161 2.62662
402.233 2.62489
402.305 2.62308
402.377 2.62096
402.449 2.61899
402.521 2.61694
402.593 2.61456
402.665 2.61308
402.737 2.61215
402.809 2.61106
402.881 2.61065
402.953 2.61235
403.025 2.61619
403.097 2.62152
403.169 2.62815
403.241 2.63468
403.313 2.64092
403.385 2.6468
403.457 2.65281
403.529 2.65892
403.601 2.6649
403.673 2.6702
403.745 2.67499
403.817 2.67932
403.889 2.6834
403.961 2.68762
404.033 2.69205
404.105 2.69636
404.177 2.70043
404.249 2.70344
404.321 2.70483
404.393 2.70598
404.465 2.70741
404.537 2.70983
404.609 2.71333
404.681 2.71597
404.753 2.71789
404.825 2.72226
404.897 2.72663
404.969 2.72657
405.041 2.72285
405.113 2.72247
405.185 2.72318
405.257 2.72324
405.329 2.72525
405.401 2.72995
405.473 2.7318
405.545 2.73152
405.617 2.73172
405.689 2.73317
405.761 2.73496
405.833 2.73424
405.905 2.73233
405.977 2.73162
406.049 2.73127
406.121 2.73154
406.193 2.73328
406.265 2.73424
406.337 2.73379
406.409 2.73325
406.481 2.73194
406.553 2.73007
406.625 2.73051
406.697 2.73076
406.769 2.72904
406.841 2.72844
406.913 2.7299
406.985 2.72908
407.057 2.72614
407.129 2.72354
407.201 2.72082
407.273 2.7162
407.345 2.70987
407.417 2.70373
407.489 2.69687
407.561 2.68781
407.633 2.67897
407.705 2.67092
407.777 2.66233
407.849 2.65336
407.921 2.64339
407.993 2.63137
408.065 2.61823
408.137 2.60714
408.209 2.59954
408.281 2.59526
408.353 2.59231
408.425 2.58916
408.497 2.58379
408.569 2.57555
408.641 2.56669
408.713 2.56047
408.785 2.55637
408.857 2.55191
408.929 2.54694
409.001 2.54194
409.073 2.53347
409.145 2.52214
409.217 2.5121
409.289 2.50328
409.361 2.49304
409.433 2.48264
409.505 2.47439
409.577 2.46629
409.649 2.45755
409.721 2.4495
409.793 2.44248
409.865 2.43499
409.937 2.4277
410.009 2.42312
410.081 2.4204
410.153 2.41698
410.225 2.41274
410.297 2.40811
410.369 2.40212
410.441 2.39566
410.513 2.38927
410.585 2.38034
410.657 2.36676
410.729 2.35164
410.801 2.33583
410.873 2.32093
410.945 2.31365
411.017 2.31699
411.089 2.32592
411.161 2.3374
411.233 2.35064
411.305 2.36292
411.377 2.37281
411.449 2.38217
411.521 2.39336
411.593 2.40598
411.665 2.42028
411.737 2.43744
411.809 2.45464
411.881 2.46977
411.953 2.48435
412.025 2.49912
412.097 2.51407
412.169 2.52909
412.241 2.5447
412.313 2.56094
412.385 2.57787
412.457 2.59473
412.529 2.61194
412.601 2.62928
412.673 2.64578
412.745 2.66148
412.817 2.67774
412.889 2.69361
412.961 2.70604
413.033 2.71439
413.105 2.72076
413.177 2.72475
413.249 2.72737
413.321 2.73062
413.393 2.73442
413.465 2.73741
413.537 2.73963
413.609 2.74086
413.681 2.74244
413.753 2.74454
413.825 2.74564
413.897 2.74839
413.969 2.75345
414.041 2.75857
414.113 2.76371
414.185 2.76981
414.257 2.77451
414.329 2.778
414.401 2.78061
414.473 2.7816
414.545 2.78104
414.617 2.78151
414.689 2.78295
414.761 2.78463
414.833 2.7873
414.905 2.7911
414.977 2.79357
415.049 2.79481
415.121 2.79576
415.193 2.79666
415.265 2.79757
415.337 2.79833
415.409 2.79822
415.481 2.79581
415.553 2.79105
415.625 2.78599
415.697 2.78235
415.769 2.77813
415.841 2.77544
415.913 2.77734
415.985 2.77908
416.057 2.77648
416.129 2.77577
416.201 2.7779
416.273 2.77592
416.345 2.76942
416.417 2.76501
416.489 2.7623
416.561 2.75942
416.633 2.75997
416.705 2.76616
416.777 2.77134
416.849 2.77401
416.921 2.77715
416.993 2.78154
417.065 2.78668
417.137 2.7931
417.209 2.79886
417.281 2.8032
417.353 2.80754
417.425 2.81058
417.497 2.81427
417.569 2.82095
417.641 2.82672
417.713 2.82697
417.785 2.82528
417.857 2.82607
417.929 2.8276
418.001 2.82983
418.073 2.83442
418.145 2.83982
418.217 2.84172
418.289 2.84139
418.361 2.84013
418.433 2.8382
418.505 2.83567
418.577 2.83409
418.649 2.83318
418.721 2.83348
418.793 2.83461
418.865 2.83662
418.937 2.83768
419.009 2.83914
419.081 2.84067
419.153 2.84205
419.225 2.84399
419.297 2.84682
419.369 2.84691
419.441 2.84436
419.513 2.84299
419.585 2.84272
419.657 2.84253
419.729 2.84316
419.801 2.84499
419.873 2.84546
419.945 2.84453
420.017 2.84213
420.089 2.83822
420.161 2.83579
420.233 2.83443
420.305 2.83319
420.377 2.8334
420.449 2.83515
420.521 2.83555
420.593 2.83435
420.665 2.83227
420.737 2.82959
420.809 2.82622
420.881 2.8245
420.953 2.82454
421.025 2.8255
421.097 2.82697
421.169 2.82929
421.241 2.82979
421.313 2.829
421.385 2.82817
421.457 2.82722
421.529 2.82543
421.601 2.82316
421.673 2.82323
421.745 2.82539
421.817 2.82881
421.889 2.83399
421.961 2.84058
422.033 2.84561
422.105 2.84946
422.177 2.85317
422.249 2.85681
422.321 2.86043
422.393 2.86389
422.465 2.86553
422.537 2.86448
422.609 2.8641
422.681 2.86408
422.753 2.86304
422.825 2.86232
422.897 2.86297
422.969 2.86181
423.041 2.85908
423.113 2.85635
423.185 2.85377
423.257 2.85105
423.329 2.84816
423.401 2.84516
423.473 2.84092
423.545 2.83532
423.617 2.83165
423.689 2.8297
423.761 2.82824
423.833 2.82814
423.905 2.82966
423.977 2.82968
424.049 2.82829
424.121 2.82668
424.193 2.82509
424.265 2.82349
424.337 2.82184
424.409 2.82038
424.481 2.81907
424.553 2.81693
424.625 2.81309
424.697 2.80913
424.769 2.80594
424.841 2.80382
424.913 2.80395
424.985 2.8054
425.057 2.80643
425.129 2.80756
425.201 2.80813
425.273 2.80765
425.345 2.80711
425.417 2.8078
425.489 2.80869
425.561 2.80923
425.633 2.80911
425.705 2.80931
425.777 2.8089
425.849 2.80719
425.921 2.80497
425.993 2.80282
426.065 2.80068
426.137 2.79844
426.209 2.79655
426.281 2.79492
426.353 2.79299
426.425 2.79079
426.497 2.7889
426.569 2.78743
426.641 2.78633
426.713 2.78607
426.785 2.78649
426.857 2.78729
426.929 2.78872
427.001 2.79102
427.073 2.79383
427.145 2.79663
427.217 2.79915
427.289 2.80224
427.361 2.80591
427.433 2.8096
427.505 2.81366
427.577 2.81793
427.649 2.82109
427.721 2.82311
427.793 2.8245
427.865 2.8248
427.937 2.82424
428.009 2.8244
428.081 2.82522
428.153 2.82622
428.225 2.82781
428.297 2.8295
428.369 2.82953
428.441 2.82882
428.513 2.82794
428.585 2.82828
428.657 2.83026
428.729 2.83419
428.801 2.83905
428.873 2.84429
428.945 2.84813
429.017 2.85035
429.089 2.85083
429.161 2.85131
429.233 2.85221
429.305 2.85337
429.377 2.85521
429.449 2.85791
429.521 2.86037
429.593 2.86293
429.665 2.86546
429.737 2.86707
429.809 2.86963
429.881 2.87451
429.953 2.88036
430.025 2.887
430.097 2.89549
430.169 2.90395
430.241 2.90943
430.313 2.91288
430.385 2.91765
430.457 2.92265
430.529 2.92541
430.601 2.92594
430.673 2.92397
430.745 2.91682
430.817 2.90576
430.889 2.89248
430.961 2.87622
431.033 2.85616
431.105 2.83417
431.177 2.81234
431.249 2.7912
431.321 2.76955
431.393 2.7473
431.465 2.7267
431.537 2.70785
431.609 2.69182
431.681 2.67843
431.753 2.66778
431.825 2.65901
431.897 2.65196
431.969 2.64519
432.041 2.63896
432.113 2.63314
432.185 2.62639
432.257 2.61838
432.329 2.60956
432.401 2.60174
432.473 2.59479
432.545 2.58677
432.617 2.57841
432.689 2.57006
432.761 2.56043
432.833 2.54995
432.905 2.54036
432.977 2.53071
433.049 2.5209
433.121 2.51153
433.193 2.50264
433.265 2.49376
433.337 2.48459
433.409 2.4763
433.481 2.46885
433.553 2.46108
433.625 2.45293
433.697 2.44554
433.769 2.43861
433.841 2.4317
433.913 2.42541
433.985 2.41838
434.057 2.40947
434.129 2.40125
434.201 2.39457
434.273 2.38839
434.345 2.38331
434.417 2.38024
434.489 2.37617
434.561 2.36987
434.633 2.36216
434.705 2.35435
434.777 2.34619
434.849 2.33981
434.921 2.33908
434.993 2.34359
435.065 2.35196
435.137 2.3642
435.209 2.37729
435.281 2.3892
435.353 2.40226
435.425 2.41669
435.497 2.43041
435.569 2.44371
435.641 2.45695
435.713 2.46822
435.785 2.47786
435.857 2.48831
435.929 2.50004
436.001 2.51124
436.073 2.52238
436.145 2.53395
436.217 2.54405
436.289 2.55301
436.361 2.56309
436.433 2.57468
436.505 2.58629
436.577 2.59878
436.649 2.61262
436.721 2.62617
436.793 2.63865
436.865 2.65172
436.937 2.66296
437.009 2.66985
437.081 2.67441
437.153 2.67888
437.225 2.68156
437.297 2.68289
437.369 2.68403
437.441 2.68517
437.513 2.68671
437.585 2.68873
437.657 2.69103
437.729 2.69357
437.801 2.69655
437.873 2.69975
437.945 2.70293
438.017 2.70627
438.089 2.70974
438.161 2.71299
438.233 2.71543
438.305 2.71717
438.377 2.71922
438.449 2.72106
438.521 2.72251
438.593 2.72348
438.665 2.72347
438.737 2.72124
438.809 2.7175
438.881 2.71275
438.953 2.70769
439.025 2.70264
439.097 2.69766
439.169 2.69335
439.241 2.68952
439.313 2.68581
439.385 2.6826
439.457 2.68015
439.529 2.67812
439.601 2.67684
439.673 2.67673
439.745 2.67783
439.817 2.67994
439.889 2.68253
439.961 2.68489
440.033 2.68667
440.105 2.6878
440.177 2.6874
440.249 2.68729
440.321 2.68925
440.393 2.69185
440.465 2.6938
440.537 2.69407
440.609 2.69199
440.681 2.68812
440.753 2.68431
440.825 2.67959
440.897 2.67687
440.969 2.6774
441.041 2.67627
441.113 2.6705
441.185 2.6656
441.257 2.66167
441.329 2.65752
441.401 2.65497
441.473 2.65377
441.545 2.65045
441.617 2.64594
441.689 2.643
441.761 2.64067
441.833 2.64081
441.905 2.64359
441.977 2.64557
442.049 2.64261
442.121 2.63916
442.193 2.63657
442.265 2.63354
442.337 2.63279
442.409 2.63394
442.481 2.6327
442.553 2.62725
442.625 2.62219
442.697 2.61998
442.769 2.62014
442.841 2.62291
442.913 2.62703
442.985 2.62977
443.057 2.63119
443.129 2.63349
443.201 2.63656
443.273 2.63904
443.345 2.64136
443.417 2.6427
443.489 2.64361
443.561 2.64383
443.633 2.64477
443.705 2.64531
443.777 2.64518
443.849 2.64559
443.921 2.64571
443.993 2.64595
444.065 2.64562
444.137 2.64504
444.209 2.64271
444.281 2.64134
444.353 2.6398
444.425 2.63876
444.497 2.63789
444.569 2.63738
444.641 2.6363
444.713 2.63482
444.785 2.63572
444.857 2.63879
444.929 2.64185
445.001 2.64557
445.073 2.64853
445.145 2.64849
445.217 2.64565
445.289 2.64511
445.361 2.64336
445.433 2.64152
445.505 2.63856
445.577 2.63659
445.649 2.63232
445.721 2.6263
445.793 2.61913
445.865 2.61364
445.937 2.60886
446.009 2.60541
446.081 2.60364
446.153 2.60015
446.225 2.59328
446.297 2.58607
446.369 2.57904
446.441 2.5731
446.513 2.56912
446.585 2.56671
446.657 2.56228
446.729 2.55507
446.801 2.5473
446.873 2.54046
446.945 2.5353
447.017 2.53245
447.089 2.53221
447.161 2.53207
447.233 2.53227
447.305 2.53232
447.377 2.53169
447.449 2.52959
447.521 2.52922
447.593 2.53015
447.665 2.53169
447.737 2.53533
447.809 2.54066
447.881 2.54531
447.953 2.54972
448.025 2.55441
448.097 2.55849
448.169 2.56252
448.241 2.56663
448.313 2.57032
448.385 2.5731
448.457 2.57533
448.529 2.57829
448.601 2.58147
448.673 2.58439
448.745 2.58747
448.817 2.59045
448.889 2.59211
448.961 2.59281
449.033 2.59303
449.105 2.59273
449.177 2.592
449.249 2.59132
449.321 2.59061
449.393 2.58999
449.465 2.58938
449.537 2.58874
449.609 2.58782
449.681 2.5867
449.753 2.58535
449.825 2.58382
449.897 2.58222
449.969 2.5806
450.041 2.57893
450.113 2.57729
450.185 2.57567
450.257 2.57402
450.329 2.57233
450.401 2.57068
450.473 2.56916
450.545 2.56795
450.617 2.56714
450.689 2.56626
450.761 2.56513
450.833 2.56482
450.905 2.56507
450.977 2.5653
451.049 2.5658
451.121 2.56667
451.193 2.56683
451.265 2.56641
451.337 2.56587
451.409 2.56549
451.481 2.56537
451.553 2.56543
451.625 2.56574
451.697 2.56651
451.769 2.56768
451.841 2.56908
451.913 2.57078
451.985 2.57266
452.057 2.57446
452.129 2.57613
452.201 2.57788
452.273 2.57964
452.345 2.58135
452.417 2.58321
452.489 2.58503
452.561 2.58624
452.633 2.58663
452.705 2.58635
452.777 2.58524
452.849 2.58337
452.921 2.58167
452.993 2.57949
453.065 2.57634
453.137 2.57447
453.209 2.57397
453.281 2.57357
453.353 2.57368
453.425 2.57417
453.497 2.57238
453.569 2.5691
453.641 2.56589
453.713 2.56335
453.785 2.56217
453.857 2.56156
453.929 2.56086
454.001 2.56092
454.073 2.56073
454.145 2.55903
454.217 2.55867
454.289 2.55917
454.361 2.55857
454.433 2.55798
454.505 2.55902
454.577 2.5598
454.649 2.56026
454.721 2.56069
454.793 2.56079
454.865 2.55999
454.937 2.55867
455.009 2.55743
455.081 2.55628
455.153 2.55484
455.225 2.55161
455.297 2.54575
455.369 2.54057
455.441 2.53795
455.513 2.5368
455.585 2.53753
455.657 2.54087
455.729 2.5435
455.801 2.54364
455.873 2.54266
455.945 2.54143
456.017 2.54018
456.089 2.5389
456.161 2.53741
456.233 2.53572
456.305 2.534
456.377 2.53182
456.449 2.5291
456.521 2.52694
456.593 2.52536
456.665 2.52389
456.737 2.52242
456.809 2.52112
456.881 2.51993
456.953 2.51864
457.025 2.51727
457.097 2.51638
457.169 2.51599
457.241 2.51503
457.313 2.51371
457.385 2.51244
457.457 2.51114
457.529 2.50986
457.601 2.50842
457.673 2.50673
457.745 2.50614
457.817 2.50662
457.889 2.50708
457.961 2.50703
458.033 2.50714
458.105 2.50719
458.177 2.50649
458.249 2.50444
458.321 2.50377
458.393 2.50561
458.465 2.50709
458.537 2.5072
458.609 2.50835
458.681 2.50949
458.753 2.50925
458.825 2.50866
458.897 2.50837
458.969 2.50743
459.041 2.5067
459.113 2.50564
459.185 2.50428
459.257 2.50356
459.329 2.50365
459.401 2.50284
459.473 2.50114
459.545 2.4993
459.617 2.49766
459.689 2.49618
459.761 2.49463
459.833 2.49298
459.905 2.49133
459.977 2.48969
460.049 2.48804
460.121 2.48643
460.193 2.48491
460.265 2.48342
460.337 2.48188
460.409 2.48046
460.481 2.47918
460.553 2.47779
460.625 2.4763
460.697 2.47492
460.769 2.4736
460.841 2.47228
460.913 2.47115
460.985 2.47014
461.057 2.46902
461.129 2.46777
461.201 2.46657
461.273 2.46536
461.345 2.46409
461.417 2.46295
461.489 2.46191
461.561 2.46068
461.633 2.45924
461.705 2.45775
461.777 2.45617
461.849 2.45447
461.921 2.45274
461.993 2.45105
462.065 2.44936
462.137 2.44761
462.209 2.446
462.281 2.4445
462.353 2.44289
462.425 2.44117
462.497 2.43961
462.569 2.43831
462.641 2.43729
462.713 2.43673
462.785 2.4366
462.857 2.43657
462.929 2.43651
463.001 2.43651
463.073 2.43654
463.145 2.43652
463.217 2.43665
463.289 2.43688
463.361 2.437
463.433 2.43699
463.505 2.43702
463.577 2.43708
463.649 2.43712
463.721 2.43716
463.793 2.43723
463.865 2.43727
463.937 2.43728
464.009 2.43746
464.081 2.43782
464.153 2.43813
464.225 2.43833
464.297 2.43858
464.369 2.4388
464.441 2.43894
464.513 2.43903
464.585 2.43892
464.657 2.43835
464.729 2.43729
464.801 2.43594
464.873 2.43442
464.945 2.4329
465.017 2.43159
465.089 2.43047
465.161 2.42932
465.233 2.42808
465.305 2.42687
465.377 2.42568
465.449 2.42455
465.521 2.4237
465.593 2.42332
465.665 2.42346
465.737 2.42409
465.809 2.42513
465.881 2.42574
465.953 2.42543
466.025 2.42532
466.097 2.42489
466.169 2.42415
466.241 2.42466
466.313 2.42729
466.385 2.43015
466.457 2.43327
466.529 2.43641
466.601 2.43841
466.673 2.43798
466.745 2.43551
466.817 2.43281
466.889 2.42961
466.961 2.42612
467.033 2.42409
467.105 2.42231
467.177 2.41855
467.249 2.41581
467.321 2.41478
467.393 2.41198
467.465 2.40778
467.537 2.40529
467.609 2.40501
467.681 2.40474
467.753 2.40556
467.825 2.40849
467.897 2.41198
467.969 2.41247
468.041 2.40961
468.113 2.40533
468.185 2.40352
468.257 2.40303
468.329 2.40292
468.401 2.40497
468.473 2.40839
468.545 2.40904
468.617 2.40793
468.689 2.40707
468.761 2.40617
468.833 2.4052
468.905 2.40436
468.977 2.40309
469.049 2.40059
469.121 2.39786
469.193 2.39504
469.265 2.39201
469.337 2.38913
469.409 2.38677
469.481 2.38387
469.553 2.38067
469.625 2.37732
469.697 2.37451
469.769 2.37305
469.841 2.37264
469.913 2.37259
469.985 2.37175
470.057 2.37052
470.129 2.36907
470.201 2.36787
470.273 2.36713
470.345 2.36667
470.417 2.36573
470.489 2.3647
470.561 2.36294
470.633 2.36
470.705 2.35642
470.777 2.35237
470.849 2.34767
470.921 2.34352
470.993 2.33942
471.065 2.33496
471.137 2.3315
471.209 2.32917
471.281 2.32722
471.353 2.32583
471.425 2.32559
471.497 2.32452
471.569 2.32268
471.641 2.32104
471.713 2.31996
471.785 2.31909
471.857 2.31808
471.929 2.31666
472.001 2.31523
472.073 2.31459
472.145 2.31394
472.217 2.31419
472.289 2.3153
472.361 2.31611
472.433 2.31607
472.505 2.31622
472.577 2.31605
472.649 2.31621
472.721 2.31603
472.793 2.31621
472.865 2.31665
472.937 2.31685
473.009 2.31712
473.081 2.31772
473.153 2.31776
473.225 2.31717
473.297 2.31691
473.369 2.31648
473.441 2.31621
473.513 2.3162
473.585 2.31599
473.657 2.31511
473.729 2.31372
473.801 2.31204
473.873 2.31024
473.945 2.30854
474.017 2.30664
474.089 2.30499
474.161 2.30339
474.233 2.30159
474.305 2.29963
474.377 2.29786
474.449 2.29591
474.521 2.29409
474.593 2.29264
474.665 2.29159
474.737 2.29058
474.809 2.29005
474.881 2.28984
474.953 2.28972
475.025 2.28973
475.097 2.29002
475.169 2.29034
475.241 2.29067
475.313 2.29093
475.385 2.29127
475.457 2.29163
475.529 2.29204
475.601 2.29254
475.673 2.29315
475.745 2.2937
475.817 2.29432
475.889 2.29498
475.961 2.29561
476.033 2.29616
476.105 2.29666
476.177 2.29716
476.249 2.29766
476.321 2.29821
476.393 2.2988
476.465 2.29931
476.537 2.2995
476.609 2.29927
476.681 2.29859
476.753 2.29742
476.825 2.29573
476.897 2.29371
476.969 2.29147
477.041 2.28897
477.113 2.28637
477.185 2.28379
477.257 2.28114
477.329 2.27839
477.401 2.27572
477.473 2.27319
477.545 2.27094
477.617 2.2693
477.689 2.26826
477.761 2.2676
477.833 2.26719
477.905 2.26701
477.977 2.26687
478.049 2.26671
478.121 2.26657
478.193 2.2665
478.265 2.26645
478.337 2.26634
478.409 2.26635
478.481 2.26636
478.553 2.26598
478.625 2.26511
478.697 2.26394
478.769 2.26243
478.841 2.26059
478.913 2.25875
478.985 2.25694
479.057 2.25494
479.129 2.25274
479.201 2.25055
479.273 2.24837
479.345 2.24614
479.417 2.24407
479.489 2.24218
479.561 2.24036
479.633 2.23866
479.705 2.23731
479.777 2.23627
479.849 2.23541
479.921 2.23456
479.993 2.23369
480.065 2.23272
480.137 2.23159
480.209 2.23057
480.281 2.22968
480.353 2.22866
480.425 2.22746
480.497 2.22622
480.569 2.22476
480.641 2.22297
480.713 2.22109
480.785 2.21911
480.857 2.21688
480.929 2.21452
481.001 2.21224
481.073 2.20971
481.145 2.20639
481.217 2.20289
481.289 2.20033
481.361 2.19824
481.433 2.19637
481.505 2.19541
481.577 2.19506
481.649 2.19413
481.721 2.19288
481.793 2.19133
481.865 2.18934
481.937 2.18791
482.009 2.18625
482.081 2.18287
482.153 2.17974
482.225 2.179
482.297 2.17853
482.369 2.17761
482.441 2.17802
482.513 2.17976
482.585 2.18027
482.657 2.17975
482.729 2.17898
482.801 2.17697
482.873 2.17312
482.945 2.16877
483.017 2.16434
483.089 2.16008
483.161 2.15634
483.233 2.15212
483.305 2.14647
483.377 2.13988
483.449 2.13298
483.521 2.12614
483.593 2.11959
483.665 2.11318
483.737 2.10667
483.809 2.10091
483.881 2.09568
483.953 2.09001
484.025 2.08378
484.097 2.07777
484.169 2.07067
484.241 2.06235
484.313 2.05578
484.385 2.05071
484.457 2.04548
484.529 2.04086
484.601 2.03737
484.673 2.0326
484.745 2.02583
484.817 2.01947
484.889 2.01448
484.961 2.00942
485.033 2.0035
485.105 1.99881
485.177 1.99396
485.249 1.9879
485.321 1.98123
485.393 1.97508
485.465 1.96896
485.537 1.96239
485.609 1.95665
485.681 1.95139
485.753 1.94596
485.825 1.93983
485.897 1.93467
485.969 1.92914
486.041 1.92236
486.113 1.91465
486.185 1.90903
486.257 1.90353
486.329 1.89747
486.401 1.89269
486.473 1.88871
486.545 1.88261
486.617 1.87549
486.689 1.86814
486.761 1.85928
486.833 1.85084
486.905 1.84499
486.977 1.84265
487.049 1.84478
487.121 1.85243
487.193 1.86186
487.265 1.87156
487.337 1.88133
487.409 1.89013
487.481 1.89754
487.553 1.90643
487.625 1.91666
487.697 1.92702
487.769 1.93681
487.841 1.94744
487.913 1.95703
487.985 1.96603
488.057 1.97591
488.129 1.98733
488.201 1.99684
488.273 2.00541
488.345 2.01497
488.417 2.02448
488.489 2.03311
488.561 2.04399
488.633 2.05731
488.705 2.06921
488.777 2.08003
488.849 2.08991
488.921 2.09687
488.993 2.10046
489.065 2.10231
489.137 2.10208
489.209 2.10111
489.281 2.10007
489.353 2.09964
489.425 2.0987
489.497 2.09784
489.569 2.09684
489.641 2.09579
489.713 2.09472
489.785 2.0939
489.857 2.09296
489.929 2.09214
490.001 2.0914
490.073 2.09027
490.145 2.08921
490.217 2.08814
490.289 2.08692
490.361 2.08571
490.433 2.08353
490.505 2.0801
490.577 2.07837
490.649 2.07809
490.721 2.07827
490.793 2.08013
490.865 2.08336
490.937 2.08435
491.009 2.08345
491.081 2.0825
491.153 2.08147
491.225 2.08031
491.297 2.07968
491.369 2.07923
491.441 2.07835
491.513 2.07732
491.585 2.07637
491.657 2.07474
491.729 2.07206
491.801 2.06837
491.873 2.06519
491.945 2.06242
492.017 2.06016
492.089 2.0587
492.161 2.05777
492.233 2.05581
492.305 2.05338
492.377 2.05084
492.449 2.04828
492.521 2.04577
492.593 2.04333
492.665 2.04085
492.737 2.03833
492.809 2.03605
492.881 2.03439
492.953 2.03342
493.025 2.0331
493.097 2.03268
493.169 2.03158
493.241 2.03149
493.313 2.03221
493.385 2.03313
493.457 2.03497
493.529 2.03744
493.601 2.0379
493.673 2.03552
493.745 2.0308
493.817 2.02783
493.889 2.0267
493.961 2.02638
494.033 2.02765
494.105 2.03069
494.177 2.03162
494.249 2.03078
494.321 2.0297
494.393 2.0286
494.465 2.02762
494.537 2.02705
494.609 2.02694
494.681 2.02704
494.753 2.02742
494.825 2.02874
494.897 2.03053
494.969 2.03225
495.041 2.03403
495.113 2.03595
495.185 2.03709
495.257 2.03623
495.329 2.03351
495.401 2.03252
495.473 2.03293
495.545 2.03343
495.617 2.03504
495.689 2.03794
495.761 2.03853
495.833 2.03713
495.905 2.03532
495.977 2.03338
496.049 2.03131
496.121 2.02915
496.193 2.0269
496.265 2.02434
496.337 2.02146
496.409 2.01902
496.481 2.0169
496.553 2.01438
496.625 2.01157
496.697 2.00996
496.769 2.00881
496.841 2.00767
496.913 2.00717
496.985 2.00736
497.057 2.00675
497.129 2.00544
497.201 2.00407
497.273 2.00268
497.345 2.00123
497.417 1.99985
497.489 1.99836
497.561 1.9967
497.633 1.99554
497.705 1.99475
497.777 1.99403
497.849 1.99418
497.921 1.99508
497.993 1.99578
498.065 1.99653
498.137 1.9975
498.209 1.99824
498.281 1.99874
498.353 1.99917
498.425 1.99942
498.497 1.99964
498.569 1.9993
498.641 1.99843
498.713 1.99701
498.785 1.99519
498.857 1.99266
498.929 1.98954
499.001 1.98607
499.073 1.98222
499.145 1.97771
499.217 1.97311
499.289 1.96901
499.361 1.96512
499.433 1.96109
499.505 1.9572
499.577 1.95355
499.649 1.95038
499.721 1.9477
499.793 1.9455
499.865 1.94407
499.937 1.94301
500.009 1.94187
500.081 1.9407
500.153 1.93931
500.225 1.93741
500.297 1.93574
500.369 1.93392
500.441 1.93163
500.513 1.93016
500.585 1.92893
500.657 1.92733
500.729 1.92541
500.801 1.92388
500.873 1.92162
500.945 1.92006
501.017 1.91969
501.089 1.92046
501.161 1.92152
501.233 1.92269
501.305 1.92305
501.377 1.92319
501.449 1.92344
501.521 1.92394
501.593 1.92428
501.665 1.92416
501.737 1.92346
501.809 1.92282
501.881 1.92152
501.953 1.91956
502.025 1.91813
502.097 1.91762
502.169 1.91779
502.241 1.91917
502.313 1.92057
502.385 1.92065
502.457 1.91816
502.529 1.91696
502.601 1.91366
502.673 1.91276
502.745 1.91331
502.817 1.91355
502.889 1.90921
502.961 1.90551
503.033 1.90195
503.105 1.89914
503.177 1.90061
503.249 1.90173
503.321 1.90023
503.393 1.89479
503.465 1.8844
503.537 1.87003
503.609 1.86111
503.681 1.86051
503.753 1.85404
503.825 1.8559
503.897 1.85705
503.969 1.85616
504.041 1.85738
504.113 1.86652
504.185 1.86157
504.257 1.85759
504.329 1.85191
504.401 1.84571
504.473 1.84658
504.545 1.85259
504.617 1.85799
504.689 1.86421
504.761 1.86521
504.833 1.85958
504.905 1.85575
504.977 1.85256
505.049 1.85038
505.121 1.85114
505.193 1.85155
505.265 1.84854
505.337 1.84697
505.409 1.84474
505.481 1.84336
505.553 1.84408
505.625 1.84041
505.697 1.83786
505.769 1.83177
505.841 1.82637
505.913 1.82608
505.985 1.82872
506.057 1.83127
506.129 1.83702
506.201 1.84092
506.273 1.84352
506.345 1.84885
506.417 1.85044
506.489 1.85374
506.561 1.85056
506.633 1.84606
506.705 1.83689
506.777 1.83449
506.849 1.83367
506.921 1.8383
506.993 1.84124
507.065 1.8467
507.137 1.84649
507.209 1.85014
507.281 1.84579
507.353 1.84345
507.425 1.84147
507.497 1.84295
507.569 1.84476
507.641 1.84406
507.713 1.83795
507.785 1.83468
507.857 1.83337
507.929 1.82912
508.001 1.83079
508.073 1.82996
508.145 1.83076
508.217 1.83516
508.289 1.8418
508.361 1.83872
508.433 1.8341
508.505 1.83216
508.577 1.83092
508.649 1.82658
508.721 1.82593
508.793 1.82568
508.865 1.82583
508.937 1.82848
509.009 1.83245
509.081 1.8315
509.153 1.82989
509.225 1.82499
509.297 1.82237
509.369 1.81919
509.441 1.81658
509.513 1.81681
509.585 1.81756
509.657 1.81618
509.729 1.81706
509.801 1.818
509.873 1.81691
509.945 1.8175
510.017 1.81618
510.089 1.81452
510.161 1.81207
510.233 1.80876
510.305 1.80665
510.377 1.80552
510.449 1.8052
510.521 1.80565
510.593 1.80633
510.665 1.80491
510.737 1.80327
510.809 1.80173
510.881 1.80037
510.953 1.79876
511.025 1.79685
511.097 1.79398
511.169 1.7914
511.241 1.78957
511.313 1.78906
511.385 1.78914
511.457 1.78891
511.529 1.78753
511.601 1.78633
511.673 1.78505
511.745 1.78451
511.817 1.78479
511.889 1.78498
511.961 1.78534
512.033 1.78537
512.105 1.78515
512.177 1.78521
512.249 1.78507
512.321 1.78512
512.393 1.7854
512.465 1.78541
512.537 1.78524
512.609 1.78517
512.681 1.78438
512.753 1.78345
512.825 1.78235
512.897 1.78126
512.969 1.78014
513.041 1.77891
513.113 1.77776
513.185 1.77679
513.257 1.77571
513.329 1.77456
513.401 1.77344
513.473 1.7723
513.545 1.77115
513.617 1.77014
513.689 1.76897
513.761 1.76772
513.833 1.76634
513.905 1.76499
513.977 1.76367
514.049 1.76232
514.121 1.76091
514.193 1.75954
514.265 1.75821
514.337 1.75685
514.409 1.75561
514.481 1.75441
514.553 1.7531
514.625 1.75166
514.697 1.75021
514.769 1.74871
514.841 1.74722
514.913 1.7459
514.985 1.74473
515.057 1.74362
515.129 1.7428
515.201 1.75069
515.273 1.82626
