367.673 1.10125
367.745 1.10101
367.817 1.10332
367.889 1.10602
367.961 1.10865
368.033 1.11121
368.105 1.11375
368.177 1.1163
368.249 1.11884
368.321 1.12137
368.393 1.12387
368.465 1.12638
368.537 1.1289
368.609 1.13144
368.681 1.13396
368.753 1.13645
368.825 1.13893
368.897 1.14144
368.969 1.14398
369.041 1.14652
369.113 1.14905
369.185 1.15159
369.257 1.15416
369.329 1.15674
369.401 1.15932
369.473 1.16186
369.545 1.16442
369.617 1.16698
369.689 1.1694
369.761 1.17152
369.833 1.17353
369.905 1.17549
369.977 1.17739
370.049 1.1793
370.121 1.18137
370.193 1.18368
370.265 1.1861
370.337 1.18845
370.409 1.19074
370.481 1.19312
370.553 1.19546
370.625 1.19767
370.697 1.19999
370.769 1.2024
370.841 1.20464
370.913 1.20674
370.985 1.20883
371.057 1.21093
371.129 1.21312
371.201 1.21553
371.273 1.218
371.345 1.22035
371.417 1.22252
371.489 1.22472
371.561 1.22687
371.633 1.22897
371.705 1.23122
371.777 1.2336
371.849 1.23583
371.921 1.2379
371.993 1.24002
372.065 1.24207
372.137 1.24395
372.209 1.24576
372.281 1.24775
372.353 1.24978
372.425 1.25177
372.497 1.25382
372.569 1.25597
372.641 1.25802
372.713 1.2599
372.785 1.26168
372.857 1.26355
372.929 1.26547
373.001 1.2673
373.073 1.26903
373.145 1.27084
373.217 1.27256
373.289 1.27389
373.361 1.27506
373.433 1.27648
373.505 1.27828
373.577 1.28016
373.649 1.28215
373.721 1.28422
373.793 1.28591
373.865 1.28681
373.937 1.28788
374.009 1.28977
374.081 1.29185
374.153 1.29431
374.225 1.29727
374.297 1.29962
374.369 1.3012
374.441 1.30322
374.513 1.30525
374.585 1.30671
374.657 1.30853
374.729 1.31091
374.801 1.31297
374.873 1.3149
374.945 1.31718
375.017 1.31947
375.089 1.32157
375.161 1.32362
375.233 1.32573
375.305 1.32792
375.377 1.32983
375.449 1.33135
375.521 1.33307
375.593 1.33499
375.665 1.33701
375.737 1.33927
375.809 1.3415
375.881 1.34323
375.953 1.34486
376.025 1.34672
376.097 1.34875
376.169 1.35093
376.241 1.35325
376.313 1.35525
376.385 1.35675
376.457 1.35823
376.529 1.35979
376.601 1.36147
376.673 1.3634
376.745 1.36557
376.817 1.36761
376.889 1.36951
376.961 1.37128
377.033 1.37311
377.105 1.37513
377.177 1.37722
377.249 1.37931
377.321 1.38147
377.393 1.38335
377.465 1.38472
377.537 1.38662
377.609 1.38911
377.681 1.39156
377.753 1.394
377.825 1.39712
377.897 1.39994
377.969 1.40212
378.041 1.40408
378.113 1.40613
378.185 1.40812
378.257 1.41004
378.329 1.41197
378.401 1.41372
378.473 1.4151
378.545 1.41654
378.617 1.41814
378.689 1.41987
378.761 1.42195
378.833 1.4244
378.905 1.42632
378.977 1.4276
379.049 1.42871
379.121 1.42956
379.193 1.43015
379.265 1.43099
379.337 1.43214
379.409 1.43308
379.481 1.43412
379.553 1.43556
379.625 1.4369
379.697 1.43839
379.769 1.44055
379.841 1.44328
379.913 1.44614
379.985 1.44915
380.057 1.45205
380.129 1.45484
380.201 1.45773
380.273 1.46071
380.345 1.46368
380.417 1.46674
380.489 1.46973
380.561 1.47247
380.633 1.47504
380.705 1.47756
380.777 1.48003
380.849 1.48237
380.921 1.48457
380.993 1.48679
381.065 1.489
381.137 1.49106
381.209 1.49285
381.281 1.49444
381.353 1.49577
381.425 1.49685
381.497 1.49801
381.569 1.49919
381.641 1.50057
381.713 1.50257
381.785 1.50482
381.857 1.5068
381.929 1.50875
382.001 1.51039
382.073 1.5115
382.145 1.51253
382.217 1.51353
382.289 1.5145
382.361 1.51572
382.433 1.51703
382.505 1.51792
382.577 1.51862
382.649 1.51927
382.721 1.51963
382.793 1.51955
382.865 1.51949
382.937 1.51914
383.009 1.51797
383.081 1.51643
383.153 1.51504
383.225 1.51388
383.297 1.51393
383.369 1.51521
383.441 1.51701
383.513 1.52003
383.585 1.52413
383.657 1.52758
383.729 1.53022
383.801 1.53379
383.873 1.5377
383.945 1.5418
384.017 1.54663
384.089 1.55202
384.161 1.55681
384.233 1.56129
384.305 1.56551
384.377 1.56956
384.449 1.57326
384.521 1.57629
384.593 1.57939
384.665 1.58243
384.737 1.58526
384.809 1.58891
384.881 1.59337
384.953 1.59663
385.025 1.59922
385.097 1.6025
385.169 1.60594
385.241 1.60925
385.313 1.61278
385.385 1.61623
385.457 1.61874
385.529 1.62079
385.601 1.62307
385.673 1.62552
385.745 1.62814
385.817 1.63098
385.889 1.63373
385.961 1.63606
386.033 1.63818
386.105 1.6402
386.177 1.6421
386.249 1.64391
386.321 1.6455
386.393 1.64677
386.465 1.64808
386.537 1.6495
386.609 1.65086
386.681 1.65231
386.753 1.65387
386.825 1.65516
386.897 1.65619
386.969 1.65703
387.041 1.65766
387.113 1.65822
387.185 1.65863
387.257 1.65881
387.329 1.6589
387.401 1.65897
387.473 1.6588
387.545 1.6583
387.617 1.65772
387.689 1.65692
387.761 1.65584
387.833 1.65479
387.905 1.65363
387.977 1.6519
388.049 1.64987
388.121 1.6475
388.193 1.64464
388.265 1.64164
388.337 1.63869
388.409 1.63569
388.481 1.63292
388.553 1.63043
388.625 1.62824
388.697 1.62637
388.769 1.62465
388.841 1.6235
388.913 1.62452
388.985 1.62759
389.057 1.63219
389.129 1.63825
389.201 1.6455
389.273 1.65262
389.345 1.6594
389.417 1.6659
389.489 1.67227
389.561 1.67858
389.633 1.68488
389.705 1.69125
389.777 1.69759
389.849 1.70368
389.921 1.70953
389.993 1.71516
390.065 1.72038
390.137 1.72529
390.209 1.73002
390.281 1.73441
390.353 1.738
390.425 1.7406
390.497 1.74324
390.569 1.74585
390.641 1.74779
390.713 1.74988
390.785 1.75319
390.857 1.75646
390.929 1.75942
391.001 1.76298
391.073 1.76685
391.145 1.77011
391.217 1.77302
391.289 1.77611
391.361 1.7787
391.433 1.78118
391.505 1.78406
391.577 1.78667
391.649 1.78909
391.721 1.79199
391.793 1.79446
391.865 1.79654
391.937 1.7989
392.009 1.80095
392.081 1.80285
392.153 1.80512
392.225 1.80701
392.297 1.80853
392.369 1.81022
392.441 1.81186
392.513 1.81307
392.585 1.81445
392.657 1.81605
392.729 1.81747
392.801 1.81868
392.873 1.82023
392.945 1.82177
393.017 1.82293
393.089 1.82392
393.161 1.82501
393.233 1.82584
393.305 1.82671
393.377 1.82772
393.449 1.82883
393.521 1.82977
393.593 1.83063
393.665 1.83109
393.737 1.83116
393.809 1.83109
393.881 1.83066
393.953 1.8298
394.025 1.82892
394.097 1.82769
394.169 1.82565
394.241 1.82317
394.313 1.82145
394.385 1.82045
394.457 1.81946
394.529 1.81875
394.601 1.81887
394.673 1.81836
394.745 1.81635
394.817 1.81412
394.889 1.81243
394.961 1.81042
395.033 1.80766
395.105 1.80437
395.177 1.80155
395.249 1.79866
395.321 1.79511
395.393 1.7917
395.465 1.78914
395.537 1.78544
395.609 1.78051
395.681 1.77591
395.753 1.77179
395.825 1.76767
395.897 1.76352
395.969 1.75858
396.041 1.75236
396.113 1.74561
396.185 1.73914
396.257 1.7328
396.329 1.72653
396.401 1.72057
396.473 1.71473
396.545 1.70898
396.617 1.70359
396.689 1.69866
396.761 1.69385
396.833 1.68971
396.905 1.68688
396.977 1.68627
397.049 1.68816
397.121 1.69194
397.193 1.69718
397.265 1.70329
397.337 1.70986
397.409 1.71736
397.481 1.72573
397.553 1.7342
397.625 1.74299
397.697 1.75155
397.769 1.75963
397.841 1.76813
397.913 1.77634
397.985 1.78411
398.057 1.79227
398.129 1.80055
398.201 1.80817
398.273 1.81529
398.345 1.82192
398.417 1.82857
398.489 1.83565
398.561 1.84263
398.633 1.84934
398.705 1.85574
398.777 1.86136
398.849 1.86593
398.921 1.87068
398.993 1.8759
399.065 1.88147
399.137 1.88706
399.209 1.89247
399.281 1.89668
399.353 1.90042
399.425 1.90431
399.497 1.9085
399.569 1.91252
399.641 1.91671
399.713 1.92102
399.785 1.92477
399.857 1.92765
399.929 1.93033
400.001 1.93334
400.073 1.93628
400.145 1.93928
400.217 1.94275
400.289 1.94647
400.361 1.94968
400.433 1.95246
400.505 1.95503
400.577 1.95728
400.649 1.95878
400.721 1.95946
400.793 1.96027
400.865 1.96091
400.937 1.96097
401.009 1.96179
401.081 1.96393
401.153 1.96618
401.225 1.9686
401.297 1.97156
401.369 1.97375
401.441 1.97572
401.513 1.97761
401.585 1.97933
401.657 1.98101
401.729 1.98305
401.801 1.98482
401.873 1.98625
401.945 1.98763
402.017 1.98904
402.089 1.99036
402.161 1.99165
402.233 1.99321
402.305 1.99467
402.377 1.99599
402.449 1.99734
402.521 1.99857
402.593 1.99947
402.665 2.00052
402.737 2.00169
402.809 2.00257
402.881 2.00328
402.953 2.00421
403.025 2.00526
403.097 2.00624
403.169 2.00741
403.241 2.00847
403.313 2.00945
403.385 2.01029
403.457 2.01105
403.529 2.01181
403.601 2.01263
403.673 2.01328
403.745 2.01375
403.817 2.01416
403.889 2.01452
403.961 2.01484
404.033 2.01508
404.105 2.01524
404.177 2.01519
404.249 2.01467
404.321 2.01361
404.393 2.01253
404.465 2.01152
404.537 2.01076
404.609 2.01036
404.681 2.00971
404.753 2.00874
404.825 2.00863
404.897 2.0087
404.969 2.00756
405.041 2.00558
405.113 2.00492
405.185 2.00461
405.257 2.00399
405.329 2.00396
405.401 2.00476
405.473 2.00465
405.545 2.00379
405.617 2.00283
405.689 2.00199
405.761 2.00118
405.833 1.99955
405.905 1.99738
405.977 1.99545
406.049 1.99358
406.121 1.99184
406.193 1.99042
406.265 1.98861
406.337 1.98629
406.409 1.98382
406.481 1.98095
406.553 1.97793
406.625 1.9756
406.697 1.97309
406.769 1.97008
406.841 1.9678
406.913 1.96626
406.985 1.96402
407.057 1.96137
407.129 1.95919
407.201 1.95695
407.273 1.95393
407.345 1.95022
407.417 1.94618
407.489 1.94164
407.561 1.93645
407.633 1.93138
407.705 1.92639
407.777 1.92117
407.849 1.9157
407.921 1.90963
407.993 1.90267
408.065 1.89526
408.137 1.88837
408.209 1.88203
408.281 1.87634
408.353 1.87112
408.425 1.86574
408.497 1.85908
408.569 1.85061
408.641 1.84125
408.713 1.83224
408.785 1.82379
408.857 1.81531
408.929 1.80689
409.001 1.79823
409.073 1.78846
409.145 1.77797
409.217 1.76735
409.289 1.75642
409.361 1.74521
409.433 1.73435
409.505 1.72388
409.577 1.7131
409.649 1.70211
409.721 1.69155
409.793 1.6815
409.865 1.67162
409.937 1.66248
410.009 1.65524
410.081 1.65128
410.153 1.65103
410.225 1.65444
410.297 1.66097
410.369 1.66975
410.441 1.67983
410.513 1.69044
410.585 1.70093
410.657 1.71138
410.729 1.72274
410.801 1.73434
410.873 1.74548
410.945 1.75695
411.017 1.76953
411.089 1.78192
411.161 1.79349
411.233 1.80487
411.305 1.81597
411.377 1.82603
411.449 1.83527
411.521 1.84459
411.593 1.85406
411.665 1.86349
411.737 1.87293
411.809 1.88222
411.881 1.89082
411.953 1.89853
412.025 1.9054
412.097 1.91216
412.169 1.91873
412.241 1.92511
412.313 1.93188
412.385 1.939
412.457 1.94552
412.529 1.95144
412.601 1.95706
412.673 1.96197
412.745 1.96643
412.817 1.97165
412.889 1.97745
412.961 1.9827
413.033 1.98743
413.105 1.99257
413.177 1.99729
413.249 2.00137
413.321 2.0055
413.393 2.0097
413.465 2.01353
413.537 2.01698
413.609 2.02002
413.681 2.02315
413.753 2.02638
413.825 2.02918
413.897 2.03239
413.969 2.03626
414.041 2.04004
414.113 2.04367
414.185 2.04747
414.257 2.05077
414.329 2.05365
414.401 2.05622
414.473 2.05826
414.545 2.05982
414.617 2.06171
414.689 2.06381
414.761 2.06589
414.833 2.06829
414.905 2.07108
414.977 2.07343
415.049 2.07536
415.121 2.07717
415.193 2.07894
415.265 2.08067
415.337 2.08228
415.409 2.08355
415.481 2.08408
415.553 2.08392
415.625 2.08376
415.697 2.08412
415.769 2.08438
415.841 2.08519
415.913 2.08748
415.985 2.08967
416.057 2.09044
416.129 2.09183
416.201 2.09413
416.273 2.09504
416.345 2.09442
416.417 2.09439
416.489 2.09475
416.561 2.0948
416.633 2.09565
416.705 2.09804
416.777 2.09978
416.849 2.10049
416.921 2.10132
416.993 2.10256
417.065 2.104
417.137 2.10586
417.209 2.10742
417.281 2.10844
417.353 2.10944
417.425 2.11005
417.497 2.11095
417.569 2.11293
417.641 2.11479
417.713 2.11508
417.785 2.11499
417.857 2.11589
417.929 2.11705
418.001 2.11834
418.073 2.12036
418.145 2.12262
418.217 2.12369
418.289 2.124
418.361 2.12404
418.433 2.12394
418.505 2.12366
418.577 2.12363
418.649 2.12375
418.721 2.1242
418.793 2.12489
418.865 2.12588
418.937 2.12661
419.009 2.12748
419.081 2.12837
419.153 2.12922
419.225 2.13028
419.297 2.13159
419.369 2.13203
419.441 2.13167
419.513 2.13165
419.585 2.13193
419.657 2.1323
419.729 2.13301
419.801 2.13411
419.873 2.13478
419.945 2.13501
420.017 2.13477
420.089 2.13403
420.161 2.13375
420.233 2.13378
420.305 2.13384
420.377 2.13437
420.449 2.13539
420.521 2.13595
420.593 2.13594
420.665 2.13568
420.737 2.13524
420.809 2.13447
420.881 2.13415
420.953 2.13446
421.025 2.13524
421.097 2.13624
421.169 2.13749
421.241 2.13809
421.313 2.1382
421.385 2.13824
421.457 2.13822
421.529 2.13778
421.601 2.13689
421.673 2.13654
421.745 2.13664
421.817 2.1368
421.889 2.13727
421.961 2.1382
422.033 2.13868
422.105 2.13875
422.177 2.13873
422.249 2.13868
422.321 2.13869
422.393 2.13866
422.465 2.13809
422.537 2.13687
422.609 2.13616
422.681 2.13598
422.753 2.13594
422.825 2.13631
422.897 2.13712
422.969 2.13738
423.041 2.13716
423.113 2.13686
423.185 2.13653
423.257 2.13619
423.329 2.13592
423.401 2.13564
423.473 2.13486
423.545 2.1335
423.617 2.1326
423.689 2.1322
423.761 2.13196
423.833 2.1321
423.905 2.13263
423.977 2.13264
424.049 2.13227
424.121 2.13184
424.193 2.13131
424.265 2.13067
424.337 2.13002
424.409 2.12937
424.481 2.12866
424.553 2.12758
424.625 2.12585
424.697 2.12399
424.769 2.12229
424.841 2.12082
424.913 2.11996
424.985 2.11956
425.057 2.11928
425.129 2.11926
425.201 2.11899
425.273 2.11826
425.345 2.11753
425.417 2.11718
425.489 2.1169
425.561 2.11657
425.633 2.11608
425.705 2.11574
425.777 2.11537
425.849 2.11473
425.921 2.11386
425.993 2.11284
426.065 2.11182
426.137 2.11091
426.209 2.11007
426.281 2.10912
426.353 2.108
426.425 2.10687
426.497 2.10585
426.569 2.10492
426.641 2.1039
426.713 2.10273
426.785 2.10153
426.857 2.10033
426.929 2.0991
427.001 2.09781
427.073 2.09647
427.145 2.09508
427.217 2.09355
427.289 2.09206
427.361 2.09056
427.433 2.08904
427.505 2.08784
427.577 2.08694
427.649 2.08574
427.721 2.08417
427.793 2.08251
427.865 2.0807
427.937 2.07872
428.009 2.07681
428.081 2.07488
428.153 2.07296
428.225 2.07135
428.297 2.06984
428.369 2.06764
428.441 2.06495
428.513 2.06209
428.585 2.05964
428.657 2.0578
428.729 2.05637
428.801 2.05475
428.873 2.05297
428.945 2.05086
429.017 2.04856
429.089 2.04595
429.161 2.04328
429.233 2.04053
429.305 2.03776
429.377 2.03532
429.449 2.0332
429.521 2.03063
429.593 2.02754
429.665 2.02415
429.737 2.02044
429.809 2.01683
429.881 2.01343
429.953 2.00995
430.025 2.00663
430.097 2.00395
430.169 2.00128
430.241 1.99746
430.313 1.99262
430.385 1.98799
430.457 1.98387
430.529 1.97988
430.601 1.97577
430.673 1.97149
430.745 1.96666
430.817 1.96171
430.889 1.95708
430.961 1.95212
431.033 1.94613
431.105 1.93948
431.177 1.93291
431.249 1.92689
431.321 1.92079
431.393 1.91386
431.465 1.90661
431.537 1.89934
431.609 1.8923
431.681 1.88528
431.753 1.87818
431.825 1.87078
431.897 1.86338
431.969 1.85637
432.041 1.84973
432.113 1.84225
432.185 1.83343
432.257 1.82431
432.329 1.81569
432.401 1.80802
432.473 1.80041
432.545 1.79145
432.617 1.78125
432.689 1.77067
432.761 1.76054
432.833 1.75068
432.905 1.74016
432.977 1.72855
433.049 1.71667
433.121 1.7054
433.193 1.69512
433.265 1.68468
433.337 1.67288
433.409 1.66011
433.481 1.64723
433.553 1.63513
433.625 1.62362
433.697 1.61171
433.769 1.59926
433.841 1.58698
433.913 1.57662
433.985 1.57087
434.057 1.57116
434.129 1.57744
434.201 1.58765
434.273 1.59875
434.345 1.60951
434.417 1.62089
434.489 1.63298
434.561 1.64543
434.633 1.65774
434.705 1.66919
434.777 1.67944
434.849 1.68951
434.921 1.70045
434.993 1.71192
435.065 1.72321
435.137 1.73363
435.209 1.74335
435.281 1.75321
435.353 1.76344
435.425 1.77341
435.497 1.78252
435.569 1.79054
435.641 1.79828
435.713 1.80657
435.785 1.81517
435.857 1.82359
435.929 1.83129
436.001 1.83839
436.073 1.84547
436.145 1.85275
436.217 1.85979
436.289 1.86621
436.361 1.87182
436.433 1.87721
436.505 1.88294
436.577 1.88884
436.649 1.89453
436.721 1.8993
436.793 1.90297
436.865 1.90702
436.937 1.91184
437.009 1.91693
437.081 1.92235
437.153 1.92787
437.225 1.93235
437.297 1.93622
437.369 1.94023
437.441 1.94434
437.513 1.94834
437.585 1.952
437.657 1.95538
437.729 1.95877
437.801 1.96226
437.873 1.96565
437.945 1.96875
438.017 1.97146
438.089 1.97402
438.161 1.97669
438.233 1.97923
438.305 1.98147
438.377 1.98363
438.449 1.98557
438.521 1.98762
438.593 1.99009
438.665 1.99283
438.737 1.99537
438.809 1.99765
438.881 1.99952
438.953 2.00116
439.025 2.00271
439.097 2.00414
439.169 2.00564
439.241 2.00714
439.313 2.00854
439.385 2.01006
439.457 2.01181
439.529 2.01347
439.601 2.01495
439.673 2.01626
439.745 2.0174
439.817 2.01849
439.889 2.01966
439.961 2.02079
440.033 2.02172
440.105 2.02236
440.177 2.02245
440.249 2.02269
440.321 2.02368
440.393 2.02487
440.465 2.02584
440.537 2.02637
440.609 2.02643
440.681 2.02625
440.753 2.02647
440.825 2.02666
440.897 2.02772
440.969 2.02994
441.041 2.03174
441.113 2.032
441.185 2.03253
441.257 2.03327
441.329 2.03397
441.401 2.0353
441.473 2.03701
441.545 2.03793
441.617 2.03808
441.689 2.03858
441.761 2.03921
441.833 2.04072
441.905 2.04306
441.977 2.04532
442.049 2.04587
442.121 2.04587
442.193 2.04572
442.265 2.04532
442.337 2.04606
442.409 2.04747
442.481 2.04743
442.553 2.04468
442.625 2.04132
442.697 2.0396
442.769 2.04031
442.841 2.04304
442.913 2.04577
442.985 2.04691
443.057 2.04735
443.129 2.04884
443.201 2.05116
443.273 2.05312
443.345 2.05447
443.417 2.0549
443.489 2.05503
443.561 2.05498
443.633 2.05541
443.705 2.05587
443.777 2.05623
443.849 2.05694
443.921 2.05745
443.993 2.05803
444.065 2.05846
444.137 2.05884
444.209 2.058
444.281 2.05714
444.353 2.05639
444.425 2.05672
444.497 2.0576
444.569 2.05834
444.641 2.05808
444.713 2.05646
444.785 2.05487
444.857 2.0544
444.929 2.05509
445.001 2.05719
445.073 2.05953
445.145 2.06075
445.217 2.06017
445.289 2.05999
445.361 2.05951
445.433 2.05985
445.505 2.05983
445.577 2.06034
445.649 2.06014
445.721 2.05956
445.793 2.05831
445.865 2.0577
445.937 2.05804
446.009 2.0596
446.081 2.06175
446.153 2.06272
446.225 2.06209
446.297 2.06089
446.369 2.0594
446.441 2.0587
446.513 2.05937
446.585 2.06123
446.657 2.0626
446.729 2.06268
446.801 2.06216
446.873 2.06177
446.945 2.06142
447.017 2.06105
447.089 2.06117
447.161 2.06122
447.233 2.06159
447.305 2.06194
447.377 2.062
447.449 2.06125
447.521 2.06099
447.593 2.06095
447.665 2.0607
447.737 2.06081
447.809 2.06132
447.881 2.0616
447.953 2.06188
448.025 2.0622
448.097 2.06212
448.169 2.06188
448.241 2.06156
448.313 2.06108
448.385 2.06029
448.457 2.05932
448.529 2.05878
448.601 2.0586
448.673 2.05847
448.745 2.05841
448.817 2.05841
448.889 2.05821
448.961 2.05794
449.033 2.05773
449.105 2.05746
449.177 2.05696
449.249 2.05638
449.321 2.05579
449.393 2.05534
449.465 2.05505
449.537 2.05483
449.609 2.05446
449.681 2.05396
449.753 2.05339
449.825 2.05283
449.897 2.05233
449.969 2.0519
450.041 2.0515
450.113 2.05108
450.185 2.05061
450.257 2.05004
450.329 2.04942
450.401 2.0488
450.473 2.04825
450.545 2.04782
450.617 2.04741
450.689 2.04674
450.761 2.04573
450.833 2.04487
450.905 2.0442
450.977 2.04364
451.049 2.04339
451.121 2.04344
451.193 2.04321
451.265 2.04269
451.337 2.04208
451.409 2.04146
451.481 2.04092
451.553 2.04049
451.625 2.04014
451.697 2.03974
451.769 2.03924
451.841 2.03865
451.913 2.03807
451.985 2.03758
452.057 2.03721
452.129 2.03692
452.201 2.03665
452.273 2.03633
452.345 2.03592
452.417 2.03544
452.489 2.03496
452.561 2.03452
452.633 2.03413
452.705 2.03372
452.777 2.03317
452.849 2.03246
452.921 2.03179
452.993 2.03091
453.065 2.02969
453.137 2.02896
453.209 2.02869
453.281 2.02846
453.353 2.02842
453.425 2.02847
453.497 2.02764
453.569 2.02625
453.641 2.02493
453.713 2.02386
453.785 2.02327
453.857 2.02284
453.929 2.02232
454.001 2.02199
454.073 2.02158
454.145 2.02073
454.217 2.02037
454.289 2.02032
454.361 2.01992
454.433 2.01955
454.505 2.01967
454.577 2.01968
454.649 2.01962
454.721 2.01966
454.793 2.01971
454.865 2.01952
454.937 2.01917
455.009 2.01875
455.081 2.01823
455.153 2.01755
455.225 2.01629
455.297 2.01416
455.369 2.01235
455.441 2.0115
455.513 2.0111
455.585 2.01126
455.657 2.01226
455.729 2.01298
455.801 2.01282
455.873 2.01232
455.945 2.01179
456.017 2.01119
456.089 2.01045
456.161 2.00954
456.233 2.00847
456.305 2.00729
456.377 2.00595
456.449 2.0045
456.521 2.00336
456.593 2.00244
456.665 2.00153
456.737 2.00055
456.809 1.99945
456.881 1.99829
456.953 1.99715
457.025 1.99612
457.097 1.99536
457.169 1.99483
457.241 1.99411
457.313 1.99315
457.385 1.99206
457.457 1.9909
457.529 1.98971
457.601 1.98838
457.673 1.9869
457.745 1.98573
457.817 1.98478
457.889 1.98368
457.961 1.98234
458.033 1.98104
458.105 1.97971
458.177 1.97818
458.249 1.97632
458.321 1.97501
458.393 1.97457
458.465 1.97403
458.537 1.97306
458.609 1.97244
458.681 1.97187
458.753 1.97102
458.825 1.97033
458.897 1.9699
458.969 1.96932
459.041 1.96883
459.113 1.96813
459.185 1.9672
459.257 1.96646
459.329 1.96606
459.401 1.96541
459.473 1.96451
459.545 1.96362
459.617 1.96276
459.689 1.96193
459.761 1.96108
459.833 1.96012
459.905 1.95906
459.977 1.958
460.049 1.95705
460.121 1.95624
460.193 1.95553
460.265 1.95484
460.337 1.95408
460.409 1.9532
460.481 1.95224
460.553 1.95127
460.625 1.95038
460.697 1.94959
460.769 1.94889
460.841 1.94818
460.913 1.94749
460.985 1.94673
461.057 1.94586
461.129 1.94491
461.201 1.94397
461.273 1.94309
461.345 1.9423
461.417 1.94155
461.489 1.94081
461.561 1.94008
461.633 1.93931
461.705 1.93844
461.777 1.93749
461.849 1.93654
461.921 1.93566
461.993 1.93488
462.065 1.93415
462.137 1.93341
462.209 1.93266
462.281 1.93185
462.353 1.93093
462.425 1.92995
462.497 1.92897
462.569 1.92807
462.641 1.92729
462.713 1.92657
462.785 1.92586
462.857 1.92515
462.929 1.92439
463.001 1.92353
463.073 1.92259
463.145 1.92165
463.217 1.92077
463.289 1.92
463.361 1.91928
463.433 1.91857
463.505 1.91786
463.577 1.91717
463.649 1.91644
463.721 1.9156
463.793 1.91467
463.865 1.91372
463.937 1.91285
464.009 1.91213
464.081 1.91153
464.153 1.91099
464.225 1.91047
464.297 1.90988
464.369 1.90917
464.441 1.90838
464.513 1.90758
464.585 1.90686
464.657 1.90625
464.729 1.90571
464.801 1.90518
464.873 1.90463
464.945 1.90406
465.017 1.90341
465.089 1.90264
465.161 1.90178
465.233 1.90091
465.305 1.90012
465.377 1.89944
465.449 1.89883
465.521 1.89823
465.593 1.89764
465.665 1.89699
465.737 1.89623
465.809 1.89538
465.881 1.89428
465.953 1.89295
466.025 1.89181
466.097 1.89061
466.169 1.8893
466.241 1.88843
466.313 1.88826
466.385 1.88807
466.457 1.8879
466.529 1.8878
466.601 1.88751
466.673 1.88669
466.745 1.88549
466.817 1.88436
466.889 1.88311
466.961 1.88179
467.033 1.88101
467.105 1.8803
467.177 1.87888
467.249 1.87766
467.321 1.87695
467.393 1.8756
467.465 1.87397
467.537 1.873
467.609 1.87275
467.681 1.87234
467.753 1.87224
467.825 1.87272
467.897 1.87327
467.969 1.87262
468.041 1.87072
468.113 1.86819
468.185 1.86648
468.257 1.86538
468.329 1.86449
468.401 1.86433
468.473 1.86461
468.545 1.86383
468.617 1.86218
468.689 1.86053
468.761 1.85907
468.833 1.85797
468.905 1.85716
468.977 1.85628
469.049 1.85503
469.121 1.85386
469.193 1.85269
469.265 1.85143
469.337 1.85031
469.409 1.84925
469.481 1.84752
469.553 1.84529
469.625 1.8428
469.697 1.84064
469.769 1.8396
469.841 1.83948
469.913 1.83935
469.985 1.83834
470.057 1.83692
470.129 1.83564
470.201 1.8347
470.273 1.83399
470.345 1.83326
470.417 1.83206
470.489 1.83087
470.561 1.82973
470.633 1.82849
470.705 1.82726
470.777 1.82621
470.849 1.82497
470.921 1.82366
470.993 1.82204
471.065 1.82
471.137 1.81804
471.209 1.81639
471.281 1.81511
471.353 1.81436
471.425 1.81419
471.497 1.81356
471.569 1.81232
471.641 1.81095
471.713 1.80974
471.785 1.80855
471.857 1.80721
471.929 1.80559
472.001 1.80374
472.073 1.80224
472.145 1.80083
472.217 1.79994
472.289 1.79951
472.361 1.79913
472.433 1.79839
472.505 1.79764
472.577 1.79657
472.649 1.79546
472.721 1.79386
472.793 1.79217
472.865 1.79067
472.937 1.78941
473.009 1.78849
473.081 1.78789
473.153 1.78709
473.225 1.78597
473.297 1.78483
473.369 1.7836
473.441 1.78261
473.513 1.78174
473.585 1.78065
473.657 1.77926
473.729 1.7779
473.801 1.77669
473.873 1.77557
473.945 1.77453
474.017 1.7733
474.089 1.77218
474.161 1.77114
474.233 1.77007
474.305 1.76878
474.377 1.76736
474.449 1.76576
474.521 1.76419
474.593 1.76278
474.665 1.76159
474.737 1.76042
474.809 1.75932
474.881 1.75821
474.953 1.75703
475.025 1.75582
475.097 1.7546
475.169 1.75334
475.241 1.75198
475.313 1.75039
475.385 1.74869
475.457 1.74702
475.529 1.74551
475.601 1.74419
475.673 1.74295
475.745 1.74161
475.817 1.74025
475.889 1.73886
475.961 1.73744
476.033 1.73599
476.105 1.73447
476.177 1.73284
476.249 1.73106
476.321 1.7292
476.393 1.72738
476.465 1.72567
476.537 1.72409
476.609 1.72259
476.681 1.72108
476.753 1.71958
476.825 1.71808
476.897 1.71656
476.969 1.71504
477.041 1.7135
477.113 1.71186
477.185 1.71005
477.257 1.70813
477.329 1.70623
477.401 1.70446
477.473 1.70287
477.545 1.70137
477.617 1.69988
477.689 1.69838
477.761 1.69689
477.833 1.69539
477.905 1.69389
477.977 1.69238
478.049 1.69077
478.121 1.68897
478.193 1.68705
478.265 1.68511
478.337 1.6833
478.409 1.68166
478.481 1.6801
478.553 1.67849
478.625 1.67684
478.697 1.67518
478.769 1.67351
478.841 1.67185
478.913 1.67018
478.985 1.66849
479.057 1.66666
479.129 1.6646
479.201 1.66236
479.273 1.6601
479.345 1.65796
479.417 1.65602
479.489 1.65415
479.561 1.65224
479.633 1.65033
479.705 1.64841
479.777 1.64651
479.849 1.6446
479.921 1.64264
479.993 1.64057
480.065 1.63823
480.137 1.63551
480.209 1.63254
480.281 1.62954
480.353 1.62667
480.425 1.62404
480.497 1.6215
480.569 1.61892
480.641 1.61628
480.713 1.61359
480.785 1.61088
480.857 1.60815
480.929 1.6054
481.001 1.60262
481.073 1.5997
481.145 1.59633
481.217 1.59249
481.289 1.58864
481.361 1.5849
481.433 1.58143
481.505 1.57847
481.577 1.57576
481.649 1.57274
481.721 1.56948
481.793 1.56596
481.865 1.5622
481.937 1.55856
482.009 1.55476
482.081 1.55032
482.153 1.54591
482.225 1.54222
482.297 1.5383
482.369 1.53375
482.441 1.52925
482.513 1.52506
482.585 1.52068
482.657 1.5164
482.729 1.51228
482.801 1.50775
482.873 1.50275
482.945 1.49794
483.017 1.49332
483.089 1.48892
483.161 1.4849
483.233 1.48084
483.305 1.47619
483.377 1.47116
483.449 1.46567
483.521 1.45946
483.593 1.45268
483.665 1.44577
483.737 1.43915
483.809 1.43299
483.881 1.42697
483.953 1.42086
484.025 1.41473
484.097 1.40857
484.169 1.40195
484.241 1.3949
484.313 1.38803
484.385 1.38134
484.457 1.37463
484.529 1.36817
484.601 1.36126
484.673 1.35294
484.745 1.34331
484.817 1.33335
484.889 1.32404
484.961 1.31574
485.033 1.3079
485.105 1.30049
485.177 1.293
485.249 1.28515
485.321 1.27704
485.393 1.26901
485.465 1.26096
485.537 1.25267
485.609 1.24408
485.681 1.23512
485.753 1.22618
485.825 1.21713
485.897 1.20728
485.969 1.19692
486.041 1.18902
486.113 1.18584
486.185 1.18906
486.257 1.19692
486.329 1.20605
486.401 1.21468
486.473 1.22307
486.545 1.23082
486.617 1.23815
486.689 1.24547
486.761 1.25278
486.833 1.25994
486.905 1.26672
486.977 1.27337
487.049 1.27971
487.121 1.28617
487.193 1.29306
487.265 1.30076
487.337 1.3087
487.409 1.31654
487.481 1.32347
487.553 1.32972
487.625 1.33547
487.697 1.34121
487.769 1.3463
487.841 1.35122
487.913 1.35611
487.985 1.36126
488.057 1.36634
488.129 1.37136
488.201 1.37561
488.273 1.3795
488.345 1.38333
488.417 1.38731
488.489 1.39117
488.561 1.39571
488.633 1.40102
488.705 1.40606
488.777 1.41042
488.849 1.41428
488.921 1.41768
488.993 1.42057
489.065 1.42335
489.137 1.42588
489.209 1.42867
489.281 1.43144
489.353 1.43439
489.425 1.43701
489.497 1.43956
489.569 1.44195
489.641 1.44419
489.713 1.4463
489.785 1.4485
489.857 1.45064
489.929 1.45279
490.001 1.45485
490.073 1.45676
490.145 1.45881
490.217 1.46084
490.289 1.46271
490.361 1.46445
490.433 1.46574
490.505 1.46648
490.577 1.4676
490.649 1.46893
490.721 1.47017
490.793 1.4718
490.865 1.47381
490.937 1.47522
491.009 1.47611
491.081 1.47706
491.153 1.47812
491.225 1.47923
491.297 1.48042
491.369 1.48156
491.441 1.48258
491.513 1.48352
491.585 1.48449
491.657 1.48539
491.729 1.48617
491.801 1.48665
491.873 1.48729
491.945 1.48799
492.017 1.48866
492.089 1.48947
492.161 1.4905
492.233 1.49124
492.305 1.49176
492.377 1.49223
492.449 1.49274
492.521 1.49326
492.593 1.49373
492.665 1.49413
492.737 1.49451
492.809 1.49488
492.881 1.49526
492.953 1.49565
493.025 1.49595
493.097 1.49595
493.169 1.49561
493.241 1.49553
493.313 1.49569
493.385 1.49596
493.457 1.49653
493.529 1.49734
493.601 1.49764
493.673 1.49714
493.745 1.49597
493.817 1.49543
493.889 1.49551
493.961 1.49582
494.033 1.49658
494.105 1.49788
494.177 1.49854
494.249 1.49864
494.321 1.49865
494.393 1.49865
494.465 1.49864
494.537 1.49863
494.609 1.4986
494.681 1.49844
494.753 1.49812
494.825 1.49793
494.897 1.49786
494.969 1.49784
495.041 1.49796
495.113 1.49821
495.185 1.49824
495.257 1.49765
495.329 1.49649
495.401 1.49584
495.473 1.49565
495.545 1.49557
495.617 1.49593
495.689 1.49679
495.761 1.49711
495.833 1.49698
495.905 1.49676
495.977 1.49647
496.049 1.49608
496.121 1.4956
496.193 1.49503
496.265 1.49434
496.337 1.49356
496.409 1.49289
496.481 1.4923
496.553 1.49155
496.625 1.49065
496.697 1.49005
496.769 1.48954
496.841 1.48902
496.913 1.48865
496.985 1.48847
497.057 1.48807
497.129 1.4875
497.201 1.4869
497.273 1.48628
497.345 1.48563
497.417 1.48494
497.489 1.48413
497.561 1.48319
497.633 1.48236
497.705 1.48155
497.777 1.4807
497.849 1.48008
497.921 1.47963
497.993 1.4791
498.065 1.47857
498.137 1.47809
498.209 1.47749
498.281 1.47679
498.353 1.47612
498.425 1.47543
498.497 1.47477
498.569 1.47402
498.641 1.47329
498.713 1.47252
498.785 1.47178
498.857 1.47101
498.929 1.47027
499.001 1.4695
499.073 1.46866
499.145 1.46765
499.217 1.46661
499.289 1.46568
499.361 1.46494
499.433 1.46423
499.505 1.46346
499.577 1.46262
499.649 1.46182
499.721 1.46102
499.793 1.46019
499.865 1.45952
499.937 1.45895
500.009 1.45828
500.081 1.45754
500.153 1.45681
500.225 1.45596
500.297 1.45523
500.369 1.45453
500.441 1.45375
500.513 1.45325
500.585 1.45277
500.657 1.45226
500.729 1.45171
500.801 1.45125
500.873 1.45032
500.945 1.44939
501.017 1.44867
501.089 1.44837
501.161 1.44815
501.233 1.4478
501.305 1.44676
501.377 1.4455
501.449 1.4444
501.521 1.44364
501.593 1.44296
501.665 1.44207
501.737 1.4409
501.809 1.43992
501.881 1.43876
501.953 1.43709
502.025 1.43548
502.097 1.43468
502.169 1.43493
502.241 1.43613
502.313 1.43712
502.385 1.43702
502.457 1.43506
502.529 1.43326
502.601 1.43041
502.673 1.42904
502.745 1.42899
502.817 1.42882
502.889 1.42549
502.961 1.4216
503.033 1.41871
503.105 1.41837
503.177 1.42124
503.249 1.42351
503.321 1.42348
503.393 1.42039
503.465 1.41299
503.537 1.40175
503.609 1.3937
503.681 1.39317
503.753 1.39168
503.825 1.39259
503.897 1.39231
503.969 1.39306
504.041 1.39673
504.113 1.40315
504.185 1.40034
504.257 1.3968
504.329 1.39206
504.401 1.38768
504.473 1.38869
504.545 1.3946
504.617 1.40155
504.689 1.40826
504.761 1.41044
504.833 1.40783
504.905 1.40566
504.977 1.40432
505.049 1.40395
505.121 1.40482
505.193 1.4052
505.265 1.40347
505.337 1.40196
505.409 1.40008
505.481 1.39917
505.553 1.3998
505.625 1.39713
505.697 1.39337
505.769 1.38715
505.841 1.38155
505.913 1.37997
505.985 1.3811
506.057 1.383
506.129 1.38659
506.201 1.38885
506.273 1.39055
506.345 1.39356
506.417 1.39452
506.489 1.39581
506.561 1.39246
506.633 1.38678
506.705 1.37776
506.777 1.37304
506.849 1.37189
506.921 1.37527
506.993 1.37773
507.065 1.38063
507.137 1.38092
507.209 1.38341
507.281 1.38055
507.353 1.37701
507.425 1.37431
507.497 1.37574
507.569 1.37843
507.641 1.37761
507.713 1.37158
507.785 1.36787
507.857 1.36783
507.929 1.36661
508.001 1.36626
508.073 1.36487
508.145 1.36687
508.217 1.37179
508.289 1.37641
508.361 1.37447
508.433 1.37085
508.505 1.36871
508.577 1.36797
508.649 1.36581
508.721 1.36454
508.793 1.36371
508.865 1.3648
508.937 1.36811
509.009 1.37122
509.081 1.37087
509.153 1.36974
509.225 1.36633
509.297 1.36354
509.369 1.36084
509.441 1.35904
509.513 1.35916
509.585 1.35972
509.657 1.35941
509.729 1.36039
509.801 1.36149
509.873 1.36172
509.945 1.36252
510.017 1.36187
510.089 1.36083
510.161 1.35929
510.233 1.35707
510.305 1.35546
510.377 1.35501
510.449 1.35565
510.521 1.35678
510.593 1.35767
510.665 1.35729
510.737 1.35664
510.809 1.3558
510.881 1.35511
510.953 1.35452
511.025 1.3537
511.097 1.35192
511.169 1.35017
511.241 1.34936
511.313 1.34979
511.385 1.35064
511.457 1.35097
511.529 1.35035
511.601 1.34957
511.673 1.34857
511.745 1.34777
511.817 1.34726
511.889 1.3467
511.961 1.3462
512.033 1.3454
512.105 1.34437
512.177 1.34362
512.249 1.34284
512.321 1.3421
512.393 1.34143
512.465 1.34074
512.537 1.34008
512.609 1.3394
512.681 1.33833
512.753 1.33739
512.825 1.3366
512.897 1.33588
512.969 1.3351
513.041 1.3342
513.113 1.33327
513.185 1.33243
513.257 1.33158
513.329 1.33071
513.401 1.32983
513.473 1.32896
513.545 1.32815
513.617 1.32737
513.689 1.32645
513.761 1.32553
513.833 1.3246
513.905 1.32371
513.977 1.32284
514.049 1.32195
514.121 1.32102
514.193 1.3201
514.265 1.31921
514.337 1.31833
514.409 1.31747
514.481 1.31659
514.553 1.31569
514.625 1.31477
514.697 1.31383
514.769 1.31288
514.841 1.31193
514.913 1.31099
514.985 1.31007
515.057 1.30916
515.129 1.30826
515.201 1.30787
515.273 1.31131
