367.673 3.71778
367.745 3.7
367.817 3.70654
367.889 3.71654
367.961 3.72542
368.033 3.73339
368.105 3.74087
368.177 3.74832
368.249 3.75572
368.321 3.76308
368.393 3.77036
368.465 3.77763
368.537 3.78495
368.609 3.79227
368.681 3.79953
368.753 3.80665
368.825 3.81374
368.897 3.8209
368.969 3.82814
369.041 3.83541
369.113 3.84265
369.185 3.84991
369.257 3.85727
369.329 3.86468
369.401 3.87204
369.473 3.87933
369.545 3.88665
369.617 3.8939
369.689 3.89968
369.761 3.90254
369.833 3.90431
369.905 3.90616
369.977 3.90818
370.049 3.9114
370.121 3.91678
370.193 3.92461
370.265 3.93335
370.337 3.94142
370.409 3.94908
370.481 3.95762
370.553 3.96547
370.625 3.97207
370.697 3.97961
370.769 3.98789
370.841 3.99481
370.913 4.00073
370.985 4.00669
371.057 4.01279
371.129 4.01941
371.201 4.02779
371.273 4.0367
371.345 4.04471
371.417 4.05103
371.489 4.05743
371.561 4.06336
371.633 4.06862
371.705 4.07534
371.777 4.08348
371.849 4.0903
371.921 4.09613
371.993 4.10281
372.065 4.10908
372.137 4.11393
372.209 4.11815
372.281 4.12391
372.353 4.13004
372.425 4.13593
372.497 4.14256
372.569 4.15018
372.641 4.15676
372.713 4.16168
372.785 4.16564
372.857 4.17046
372.929 4.17587
373.001 4.18064
373.073 4.18458
373.145 4.18921
373.217 4.19283
373.289 4.19296
373.361 4.1916
373.433 4.19228
373.505 4.19625
373.577 4.201
373.649 4.20678
373.721 4.21328
373.793 4.21622
373.865 4.21218
373.937 4.20968
374.009 4.21457
374.081 4.22147
374.153 4.23201
374.225 4.24732
374.297 4.25731
374.369 4.26048
374.441 4.26749
374.513 4.27454
374.585 4.27668
374.657 4.28217
374.729 4.29278
374.801 4.30075
374.873 4.30766
374.945 4.31713
375.017 4.32617
375.089 4.33287
375.161 4.33868
375.233 4.34497
375.305 4.35185
375.377 4.35631
375.449 4.35764
375.521 4.36089
375.593 4.36606
375.665 4.3722
375.737 4.38036
375.809 4.38839
375.881 4.39205
375.953 4.39499
376.025 4.39992
376.097 4.40638
376.169 4.41434
376.241 4.42347
376.313 4.42976
376.385 4.43187
376.457 4.43389
376.529 4.4369
376.601 4.44116
376.673 4.44755
376.745 4.45605
376.817 4.46371
376.889 4.46982
376.961 4.47421
377.033 4.4785
377.105 4.48351
377.177 4.48823
377.249 4.49255
377.321 4.49711
377.393 4.49912
377.465 4.49685
377.537 4.49921
377.609 4.50679
377.681 4.51407
377.753 4.52144
377.825 4.53496
377.897 4.54632
377.969 4.5527
378.041 4.5577
378.113 4.5638
378.185 4.56968
378.257 4.57509
378.329 4.58071
378.401 4.58509
378.473 4.5864
378.545 4.58861
378.617 4.59271
378.689 4.59787
378.761 4.60629
378.833 4.6184
378.905 4.62621
378.977 4.62901
379.049 4.63093
379.121 4.63112
379.193 4.62977
379.265 4.63089
379.337 4.63444
379.409 4.63603
379.481 4.63809
379.553 4.64334
379.625 4.64728
379.697 4.65098
379.769 4.65842
379.841 4.66831
379.913 4.67739
379.985 4.68671
380.057 4.69486
380.129 4.70209
380.201 4.71038
380.273 4.71935
380.345 4.72837
380.417 4.73824
380.489 4.74793
380.561 4.75603
380.633 4.76321
380.705 4.77022
380.777 4.77707
380.849 4.78319
380.921 4.78852
380.993 4.79432
381.065 4.80038
381.137 4.80547
381.209 4.80864
381.281 4.81048
381.353 4.81021
381.425 4.80806
381.497 4.80712
381.569 4.80664
381.641 4.80831
381.713 4.81552
381.785 4.82494
381.857 4.83247
381.929 4.8402
382.001 4.8456
382.073 4.84718
382.145 4.84896
382.217 4.85122
382.289 4.8542
382.361 4.85967
382.433 4.86607
382.505 4.86966
382.577 4.87198
382.649 4.87464
382.721 4.87596
382.793 4.87405
382.865 4.87289
382.937 4.87022
383.009 4.86097
383.081 4.84889
383.153 4.83844
383.225 4.82924
383.297 4.82898
383.369 4.83749
383.441 4.84743
383.513 4.86338
383.585 4.88384
383.657 4.89503
383.729 4.89687
383.801 4.90482
383.873 4.91487
383.945 4.92569
384.017 4.94176
384.089 4.96228
384.161 4.97791
384.233 4.99116
384.305 5.00319
384.377 5.01444
384.449 5.02341
384.521 5.02764
384.593 5.0331
384.665 5.03838
384.737 5.04261
384.809 5.054
384.881 5.07246
384.953 5.08187
385.025 5.08636
385.097 5.09688
385.169 5.10903
385.241 5.12046
385.313 5.13413
385.385 5.14757
385.457 5.15375
385.529 5.15676
385.601 5.1619
385.673 5.16879
385.745 5.17746
385.817 5.1882
385.889 5.19844
385.961 5.20579
386.033 5.21163
386.105 5.21708
386.177 5.2222
386.249 5.22699
386.321 5.23043
386.393 5.23192
386.465 5.23406
386.537 5.23747
386.609 5.24118
386.681 5.24594
386.753 5.25202
386.825 5.25688
386.897 5.26002
386.969 5.26225
387.041 5.26388
387.113 5.26529
387.185 5.26628
387.257 5.26663
387.329 5.26674
387.401 5.2667
387.473 5.26535
387.545 5.26236
387.617 5.25992
387.689 5.25753
387.761 5.25458
387.833 5.25236
387.905 5.2506
387.977 5.24656
388.049 5.24102
388.121 5.23441
388.193 5.22589
388.265 5.2163
388.337 5.20751
388.409 5.19918
388.481 5.19162
388.553 5.1854
388.625 5.18058
388.697 5.1755
388.769 5.16712
388.841 5.15668
388.913 5.1551
388.985 5.16148
389.057 5.17346
389.129 5.19292
389.201 5.21923
389.273 5.24227
389.345 5.26194
389.417 5.27981
389.489 5.29676
389.561 5.3135
389.633 5.3302
389.705 5.34713
389.777 5.36397
389.849 5.38012
389.921 5.39564
389.993 5.41058
390.065 5.42441
390.137 5.43741
390.209 5.44989
390.281 5.46104
390.353 5.4669
390.425 5.46561
390.497 5.46573
390.569 5.46647
390.641 5.46258
390.713 5.46084
390.785 5.46935
390.857 5.47817
390.929 5.48529
391.001 5.49746
391.073 5.51226
391.145 5.52272
391.217 5.53118
391.289 5.54142
391.361 5.54814
391.433 5.55466
391.505 5.5647
391.577 5.57312
391.649 5.58057
391.721 5.59196
391.793 5.60045
391.865 5.60633
391.937 5.61473
392.009 5.62103
392.081 5.6265
392.153 5.63507
392.225 5.641
392.297 5.64451
392.369 5.64959
392.441 5.65464
392.513 5.65673
392.585 5.66041
392.657 5.66578
392.729 5.67003
392.801 5.67302
392.873 5.67896
392.945 5.68537
393.017 5.68948
393.089 5.69244
393.161 5.69663
393.233 5.69937
393.305 5.70259
393.377 5.7074
393.449 5.71356
393.521 5.71863
393.593 5.72311
393.665 5.72487
393.737 5.72415
393.809 5.72295
393.881 5.71996
393.953 5.71444
394.025 5.70898
394.097 5.70141
394.169 5.68856
394.241 5.67272
394.313 5.66262
394.385 5.6583
394.457 5.65475
394.529 5.65423
394.601 5.66141
394.673 5.66514
394.745 5.65802
394.817 5.6501
394.889 5.64785
394.961 5.64363
395.033 5.63367
395.105 5.62029
395.177 5.61151
395.249 5.6036
395.321 5.59297
395.393 5.58543
395.465 5.58484
395.537 5.577
395.609 5.56196
395.681 5.54985
395.753 5.54109
395.825 5.53305
395.897 5.52622
395.969 5.51518
396.041 5.49731
396.113 5.47774
396.185 5.4603
396.257 5.44459
396.329 5.43075
396.401 5.4184
396.473 5.40534
396.545 5.39094
396.617 5.3767
396.689 5.36349
396.761 5.35045
396.833 5.3391
396.905 5.33127
396.977 5.32942
397.049 5.3343
397.121 5.34428
397.193 5.358
397.265 5.37261
397.337 5.38628
397.409 5.40282
397.481 5.42333
397.553 5.44514
397.625 5.46799
397.697 5.4887
397.769 5.50638
397.841 5.52696
397.913 5.54712
397.985 5.565
398.057 5.58565
398.129 5.60935
398.201 5.63018
398.273 5.64849
398.345 5.66566
398.417 5.68358
398.489 5.70335
398.561 5.72202
398.633 5.73992
398.705 5.758
398.777 5.77263
398.849 5.78159
398.921 5.79162
398.993 5.80459
399.065 5.82014
399.137 5.83816
399.209 5.85556
399.281 5.86544
399.353 5.87139
399.425 5.87956
399.497 5.89009
399.569 5.90128
399.641 5.91518
399.713 5.93015
399.785 5.94029
399.857 5.9441
399.929 5.94635
400.001 5.95213
400.073 5.95956
400.145 5.96842
400.217 5.98108
400.289 5.99527
400.361 6.00546
400.433 6.0128
400.505 6.01938
400.577 6.02476
400.649 6.02574
400.721 6.02086
400.793 6.01644
400.865 6.0106
400.937 6.0007
401.009 5.99706
401.081 6.00344
401.153 6.01094
401.225 6.01994
401.297 6.0331
401.369 6.04081
401.441 6.04714
401.513 6.05301
401.585 6.05801
401.657 6.06306
401.729 6.07089
401.801 6.07692
401.873 6.08075
401.945 6.08433
402.017 6.08815
402.089 6.09149
402.161 6.09485
402.233 6.1003
402.305 6.10516
402.377 6.10917
402.449 6.11365
402.521 6.11739
402.593 6.11916
402.665 6.12224
402.737 6.12623
402.809 6.12822
402.881 6.12906
402.953 6.13168
403.025 6.13535
403.097 6.1387
403.169 6.14348
403.241 6.1477
403.313 6.1516
403.385 6.15486
403.457 6.1579
403.529 6.16093
403.601 6.16435
403.673 6.16662
403.745 6.16789
403.817 6.16887
403.889 6.16974
403.961 6.17051
404.033 6.17108
404.105 6.1714
404.177 6.17086
404.249 6.16739
404.321 6.16013
404.393 6.15259
404.465 6.14565
404.537 6.14074
404.609 6.13874
404.681 6.13511
404.753 6.12936
404.825 6.12987
404.897 6.13207
404.969 6.12583
405.041 6.11374
405.113 6.11138
405.185 6.11194
405.257 6.11103
405.329 6.11492
405.401 6.1248
405.473 6.12805
405.545 6.12607
405.617 6.12373
405.689 6.12283
405.761 6.12246
405.833 6.11642
405.905 6.10698
405.977 6.09993
406.049 6.09379
406.121 6.08891
406.193 6.08687
406.265 6.08265
406.337 6.07522
406.409 6.06684
406.481 6.05621
406.553 6.04519
406.625 6.04027
406.697 6.03507
406.769 6.02631
406.841 6.02236
406.913 6.0241
406.985 6.02166
407.057 6.01721
407.129 6.01676
407.201 6.01637
407.273 6.0112
407.345 6.00212
407.417 5.99133
407.489 5.97742
407.561 5.9598
407.633 5.9444
407.705 5.93036
407.777 5.91523
407.849 5.89951
407.921 5.88076
407.993 5.85615
408.065 5.82859
408.137 5.8058
408.209 5.78844
408.281 5.77683
408.353 5.76948
408.425 5.76257
408.497 5.7482
408.569 5.72406
408.641 5.69634
408.713 5.67168
408.785 5.65013
408.857 5.62925
408.929 5.6105
409.001 5.59209
409.073 5.56644
409.145 5.53613
409.217 5.50621
409.289 5.47579
409.361 5.44395
409.433 5.41457
409.505 5.38829
409.577 5.3604
409.649 5.33036
409.721 5.30133
409.793 5.27352
409.865 5.24477
409.937 5.21883
410.009 5.20029
410.081 5.192
410.153 5.1943
410.225 5.20726
410.297 5.22744
410.369 5.25166
410.441 5.27981
410.513 5.30906
410.585 5.33507
410.657 5.35838
410.729 5.38663
410.801 5.41628
410.873 5.44302
410.945 5.4727
411.017 5.51062
411.089 5.54786
411.161 5.58055
411.233 5.61315
411.305 5.64425
411.377 5.66869
411.449 5.68899
411.521 5.71148
411.593 5.73593
411.665 5.76127
411.737 5.78873
411.809 5.81676
411.881 5.84067
411.953 5.85926
412.025 5.87364
412.097 5.88885
412.169 5.90367
412.241 5.91794
412.313 5.93622
412.385 5.95801
412.457 5.97593
412.529 5.99035
412.601 6.00481
412.673 6.01608
412.745 6.0242
412.817 6.03736
412.889 6.05533
412.961 6.07034
413.033 6.08257
413.105 6.09828
413.177 6.11154
413.249 6.12111
413.321 6.13172
413.393 6.14332
413.465 6.15281
413.537 6.16019
413.609 6.16517
413.681 6.17094
413.753 6.17784
413.825 6.18221
413.897 6.19009
413.969 6.20307
414.041 6.21592
414.113 6.22847
414.185 6.2429
414.257 6.25408
414.329 6.26271
414.401 6.26955
414.473 6.27301
414.545 6.27342
414.617 6.27646
414.689 6.28159
414.761 6.28708
414.833 6.29496
414.905 6.30564
414.977 6.31341
415.049 6.31853
415.121 6.32316
415.193 6.32766
415.265 6.33204
415.337 6.33598
415.409 6.33772
415.481 6.33436
415.553 6.32637
415.625 6.3186
415.697 6.31473
415.769 6.31025
415.841 6.30977
415.913 6.31964
415.985 6.32896
416.057 6.32841
416.129 6.33226
416.201 6.34246
416.273 6.34317
416.345 6.33342
416.417 6.32809
416.489 6.32564
416.561 6.32114
416.633 6.32245
416.705 6.33441
416.777 6.34194
416.849 6.34234
416.921 6.34342
416.993 6.34727
417.065 6.35288
417.137 6.36137
417.209 6.36815
417.281 6.3715
417.353 6.37486
417.425 6.3756
417.497 6.37828
417.569 6.38879
417.641 6.39861
417.713 6.39752
417.785 6.39346
417.857 6.39597
417.929 6.40044
418.001 6.40635
418.073 6.41747
418.145 6.4304
418.217 6.43538
418.289 6.43516
418.361 6.43302
418.433 6.42967
418.505 6.42495
418.577 6.42215
418.649 6.42078
418.721 6.42208
418.793 6.42505
418.865 6.43002
418.937 6.43316
419.009 6.43713
419.081 6.44114
419.153 6.44517
419.225 6.45065
419.297 6.45797
419.369 6.45933
419.441 6.45498
419.513 6.45303
419.585 6.45344
419.657 6.45451
419.729 6.45801
419.801 6.46434
419.873 6.46772
419.945 6.46812
420.017 6.4651
420.089 6.4585
420.161 6.45533
420.233 6.45464
420.305 6.45413
420.377 6.45687
420.449 6.46312
420.521 6.46622
420.593 6.46545
420.665 6.46271
420.737 6.45864
420.809 6.45248
420.881 6.44972
420.953 6.45142
421.025 6.45606
421.097 6.46214
421.169 6.47016
421.241 6.47399
421.313 6.47447
421.385 6.47448
421.457 6.47409
421.529 6.47093
421.601 6.46468
421.673 6.46189
421.745 6.46211
421.817 6.463
421.889 6.4665
421.961 6.47319
422.033 6.47673
422.105 6.47745
422.177 6.47771
422.249 6.4779
422.321 6.4782
422.393 6.47814
422.465 6.47454
422.537 6.46681
422.609 6.46272
422.681 6.46196
422.753 6.46206
422.825 6.46521
422.897 6.47188
422.969 6.47472
423.041 6.47424
423.113 6.47326
423.185 6.47219
423.257 6.47109
423.329 6.47017
423.401 6.46894
423.473 6.46462
423.545 6.4567
423.617 6.45212
423.689 6.45068
423.761 6.4502
423.833 6.45255
423.905 6.45801
423.977 6.46005
424.049 6.45925
424.121 6.45806
424.193 6.4566
424.265 6.45486
424.337 6.45309
424.409 6.45133
424.481 6.44924
424.553 6.4447
424.625 6.43567
424.697 6.42542
424.769 6.41609
424.841 6.40876
424.913 6.40611
424.985 6.40669
425.057 6.40773
425.129 6.41038
425.201 6.41165
425.273 6.41024
425.345 6.40892
425.417 6.40989
425.489 6.41106
425.561 6.41225
425.633 6.41298
425.705 6.41475
425.777 6.41596
425.849 6.41503
425.921 6.41286
425.993 6.41026
426.065 6.40764
426.137 6.40531
426.209 6.40315
426.281 6.40071
426.353 6.39784
426.425 6.39494
426.497 6.39236
426.569 6.39003
426.641 6.38749
426.713 6.38463
426.785 6.38172
426.857 6.37884
426.929 6.37589
427.001 6.37278
427.073 6.36945
427.145 6.36521
427.217 6.35977
427.289 6.35527
427.361 6.35153
427.433 6.34793
427.505 6.3459
427.577 6.34547
427.649 6.34337
427.721 6.33949
427.793 6.3351
427.865 6.32938
427.937 6.32213
428.009 6.31613
428.081 6.31104
428.153 6.30621
428.225 6.30298
428.297 6.30014
428.369 6.29324
428.441 6.28403
428.513 6.27378
428.585 6.26573
428.657 6.26082
428.729 6.25897
428.801 6.25729
428.873 6.25579
428.945 6.25233
429.017 6.24687
429.089 6.23879
429.161 6.2311
429.233 6.22408
429.305 6.21725
429.377 6.21223
429.449 6.20909
429.521 6.20376
429.593 6.19609
429.665 6.18638
429.737 6.17368
429.809 6.16119
429.881 6.15155
429.953 6.1431
430.025 6.13637
430.097 6.13354
430.169 6.13067
430.241 6.1211
430.313 6.10596
430.385 6.09288
430.457 6.08249
430.529 6.07265
430.601 6.06369
430.673 6.05564
430.745 6.04427
430.817 6.03087
430.889 6.01789
430.961 6.00335
431.033 5.98461
431.105 5.96352
431.177 5.94364
431.249 5.92626
431.321 5.90772
431.393 5.8854
431.465 5.86355
431.537 5.84244
431.609 5.82159
431.681 5.8004
431.753 5.7812
431.825 5.7632
431.897 5.7462
431.969 5.73039
432.041 5.71682
432.113 5.70009
432.185 5.67727
432.257 5.653
432.329 5.63039
432.401 5.61124
432.473 5.59367
432.545 5.57189
432.617 5.54541
432.689 5.51731
432.761 5.49031
432.833 5.46448
432.905 5.43738
432.977 5.40679
433.049 5.37492
433.121 5.34456
433.193 5.31684
433.265 5.28863
433.337 5.25672
433.409 5.22214
433.481 5.18723
433.553 5.1544
433.625 5.12315
433.697 5.09082
433.769 5.057
433.841 5.02356
433.913 4.99481
433.985 4.97651
434.057 4.97291
434.129 4.98802
434.201 5.01572
434.273 5.04656
434.345 5.07857
434.417 5.11407
434.489 5.14907
434.561 5.18306
434.633 5.21634
434.705 5.2472
434.777 5.27473
434.849 5.30175
434.921 5.33104
434.993 5.36169
435.065 5.39182
435.137 5.41959
435.209 5.44544
435.281 5.47162
435.353 5.49874
435.425 5.52514
435.497 5.54924
435.569 5.57033
435.641 5.59062
435.713 5.6123
435.785 5.63476
435.857 5.65664
435.929 5.67663
436.001 5.69498
436.073 5.71329
436.145 5.73209
436.217 5.75027
436.289 5.76677
436.361 5.78117
436.433 5.79498
436.505 5.80971
436.577 5.82496
436.649 5.83945
436.721 5.84953
436.793 5.85442
436.865 5.86278
436.937 5.87523
437.009 5.889
437.081 5.90569
437.153 5.92508
437.225 5.93933
437.297 5.94988
437.369 5.96051
437.441 5.97139
437.513 5.982
437.585 5.99174
437.657 6.00081
437.729 6.00992
437.801 6.01933
437.873 6.0285
437.945 6.03692
438.017 6.0443
438.089 6.05132
438.161 6.05847
438.233 6.06437
438.305 6.06837
438.377 6.07259
438.449 6.07649
438.521 6.08152
438.593 6.08898
438.665 6.09822
438.737 6.10631
438.809 6.11336
438.881 6.11845
438.953 6.12225
439.025 6.12516
439.097 6.12707
439.169 6.12984
439.241 6.13321
439.313 6.13647
439.385 6.14063
439.457 6.1461
439.529 6.15072
439.601 6.15439
439.673 6.15768
439.745 6.16064
439.817 6.16356
439.889 6.16664
439.961 6.16895
440.033 6.16974
440.105 6.16878
440.177 6.16395
440.249 6.15984
440.321 6.1606
440.393 6.16291
440.465 6.16416
440.537 6.16316
440.609 6.1589
440.681 6.15312
440.753 6.14977
440.825 6.14676
440.897 6.14961
440.969 6.16093
441.041 6.16947
441.113 6.16804
441.185 6.16829
441.257 6.1717
441.329 6.17459
441.401 6.18077
441.473 6.19032
441.545 6.19363
441.617 6.19233
441.689 6.19276
441.761 6.19447
441.833 6.20084
441.905 6.21334
441.977 6.22331
442.049 6.22214
442.121 6.21982
442.193 6.21851
442.265 6.21656
442.337 6.22031
442.409 6.22862
442.481 6.22977
442.553 6.22108
442.625 6.21244
442.697 6.20855
442.769 6.21071
442.841 6.21911
442.913 6.22883
442.985 6.23309
443.057 6.23441
443.129 6.23818
443.201 6.24329
443.273 6.24659
443.345 6.2492
443.417 6.25014
443.489 6.2496
443.561 6.2483
443.633 6.2501
443.705 6.25198
443.777 6.25305
443.849 6.25585
443.921 6.25914
443.993 6.26156
444.065 6.26267
444.137 6.26357
444.209 6.26136
444.281 6.25908
444.353 6.25697
444.425 6.25691
444.497 6.25656
444.569 6.25434
444.641 6.24984
444.713 6.24443
444.785 6.24121
444.857 6.24271
444.929 6.24877
445.001 6.25829
445.073 6.26598
445.145 6.26949
445.217 6.26828
445.289 6.26803
445.361 6.26705
445.433 6.2681
445.505 6.26757
445.577 6.26763
445.649 6.26637
445.721 6.26362
445.793 6.25794
445.865 6.25568
445.937 6.2576
446.009 6.26224
446.081 6.2687
446.153 6.27204
446.225 6.26868
446.297 6.26424
446.369 6.26018
446.441 6.25844
446.513 6.26144
446.585 6.26874
446.657 6.27234
446.729 6.2703
446.801 6.26761
446.873 6.2662
446.945 6.26514
447.017 6.26494
447.089 6.26706
447.161 6.26794
447.233 6.26868
447.305 6.26905
447.377 6.26741
447.449 6.26232
447.521 6.25996
447.593 6.25951
447.665 6.25898
447.737 6.2607
447.809 6.26496
447.881 6.26725
447.953 6.26829
448.025 6.26928
448.097 6.26922
448.169 6.26876
448.241 6.2681
448.313 6.26695
448.385 6.26405
448.457 6.25962
448.529 6.25732
448.601 6.25682
448.673 6.25665
448.745 6.25753
448.817 6.25958
448.889 6.26003
448.961 6.25938
449.033 6.25876
449.105 6.25798
449.177 6.25663
449.249 6.25506
449.321 6.25344
449.393 6.25221
449.465 6.25137
449.537 6.25072
449.609 6.24963
449.681 6.2482
449.753 6.24658
449.825 6.24498
449.897 6.2435
449.969 6.24221
450.041 6.24098
450.113 6.23972
450.185 6.23831
450.257 6.23666
450.329 6.23485
450.401 6.23306
450.473 6.23148
450.545 6.2302
450.617 6.2289
450.689 6.22607
450.761 6.22137
450.833 6.21814
450.905 6.21635
450.977 6.21511
451.049 6.21556
451.121 6.21783
451.193 6.21836
451.265 6.2172
451.337 6.21568
451.409 6.21414
451.481 6.21281
451.553 6.21181
451.625 6.21103
451.697 6.21017
451.769 6.2091
451.841 6.20786
451.913 6.20663
451.985 6.20563
452.057 6.20494
452.129 6.20446
452.201 6.20403
452.273 6.20347
452.345 6.20266
452.417 6.20169
452.489 6.20068
452.561 6.19975
452.633 6.19887
452.705 6.19783
452.777 6.19595
452.849 6.19311
452.921 6.19063
452.993 6.18665
453.065 6.18028
453.137 6.1772
453.209 6.1772
453.281 6.1772
453.353 6.1786
453.425 6.18089
453.497 6.17736
453.569 6.17003
453.641 6.16298
453.713 6.15735
453.785 6.15482
453.857 6.15369
453.929 6.15235
454.001 6.15261
454.073 6.15223
454.145 6.14843
454.217 6.14787
454.289 6.14928
454.361 6.14823
454.433 6.14742
454.505 6.15042
454.577 6.15279
454.649 6.15486
454.721 6.15734
454.793 6.15945
454.865 6.15969
454.937 6.15878
455.009 6.15758
455.081 6.1561
455.153 6.1539
455.225 6.14758
455.297 6.13482
455.369 6.12397
455.441 6.11965
455.513 6.11864
455.585 6.12186
455.657 6.13145
455.729 6.13933
455.801 6.14086
455.873 6.13969
455.945 6.13825
456.017 6.13662
456.089 6.13464
456.161 6.13224
456.233 6.12942
456.305 6.12623
456.377 6.12187
456.449 6.11638
456.521 6.11253
456.593 6.11001
456.665 6.10762
456.737 6.10505
456.809 6.10219
456.881 6.09918
456.953 6.09622
457.025 6.09365
457.097 6.0925
457.169 6.09281
457.241 6.09176
457.313 6.08937
457.385 6.08654
457.457 6.08351
457.529 6.08031
457.601 6.07581
457.673 6.06986
457.745 6.06588
457.817 6.06337
457.889 6.05991
457.961 6.055
458.033 6.05065
458.105 6.04605
458.177 6.03974
458.249 6.0305
458.321 6.02481
458.393 6.02524
458.465 6.02499
458.537 6.02203
458.609 6.02208
458.681 6.02283
458.753 6.02158
458.825 6.02097
458.897 6.0218
458.969 6.02135
459.041 6.02166
459.113 6.02076
459.185 6.01859
459.257 6.01812
459.329 6.02001
459.401 6.01973
459.473 6.01754
459.545 6.0152
459.617 6.0129
459.689 6.01071
459.761 6.00844
459.833 6.00592
459.905 6.00311
459.977 6.00032
460.049 5.9978
460.121 5.99566
460.193 5.99377
460.265 5.99192
460.337 5.98991
460.409 5.98758
460.481 5.98504
460.553 5.98248
460.625 5.98011
460.697 5.97804
460.769 5.97617
460.841 5.97432
460.913 5.97248
460.985 5.97048
461.057 5.9682
461.129 5.96572
461.201 5.96325
461.273 5.96093
461.345 5.95885
461.417 5.95689
461.489 5.95494
461.561 5.95301
461.633 5.95096
461.705 5.94863
461.777 5.9461
461.849 5.94354
461.921 5.94117
461.993 5.93906
462.065 5.93708
462.137 5.93508
462.209 5.93305
462.281 5.93086
462.353 5.92839
462.425 5.92575
462.497 5.92314
462.569 5.92077
462.641 5.91873
462.713 5.9169
462.785 5.91511
462.857 5.91336
462.929 5.91148
463.001 5.90932
463.073 5.90698
463.145 5.90462
463.217 5.90245
463.289 5.90054
463.361 5.89877
463.433 5.89701
463.505 5.89526
463.577 5.89355
463.649 5.89175
463.721 5.88966
463.793 5.88734
463.865 5.88496
463.937 5.88278
464.009 5.881
464.081 5.87954
464.153 5.8782
464.225 5.87693
464.297 5.87548
464.369 5.87372
464.441 5.87174
464.513 5.86971
464.585 5.86784
464.657 5.86625
464.729 5.86479
464.801 5.8633
464.873 5.86175
464.945 5.86014
465.017 5.85832
465.089 5.85618
465.161 5.85381
465.233 5.85142
465.305 5.84923
465.377 5.84733
465.449 5.84563
465.521 5.84399
465.593 5.8424
465.665 5.84073
465.737 5.83883
465.809 5.83656
465.881 5.83247
465.953 5.82633
466.025 5.82125
466.097 5.81548
466.169 5.80896
466.241 5.80558
466.313 5.80718
466.385 5.80902
466.457 5.81153
466.529 5.81484
466.601 5.81661
466.673 5.81412
466.745 5.80838
466.817 5.80329
466.889 5.79745
466.961 5.79134
467.033 5.78903
467.105 5.78717
467.177 5.78018
467.249 5.77573
467.321 5.77513
467.393 5.77048
467.465 5.7624
467.537 5.75855
467.609 5.75887
467.681 5.75856
467.753 5.76019
467.825 5.76682
467.897 5.7741
467.969 5.77372
468.041 5.76487
468.113 5.75234
468.185 5.74578
468.257 5.74302
468.329 5.74183
468.401 5.74566
468.473 5.75275
468.545 5.75365
468.617 5.74974
468.689 5.74547
468.761 5.74165
468.833 5.73879
468.905 5.73664
468.977 5.73434
469.049 5.73107
469.121 5.72801
469.193 5.72495
469.265 5.72166
469.337 5.71875
469.409 5.71598
469.481 5.71151
469.553 5.70576
469.625 5.69933
469.697 5.6938
469.769 5.69123
469.841 5.69104
469.913 5.69085
469.985 5.68837
470.057 5.68479
470.129 5.6816
470.201 5.67931
470.273 5.67761
470.345 5.67583
470.417 5.67282
470.489 5.66985
470.561 5.66693
470.633 5.66368
470.705 5.6604
470.777 5.6575
470.849 5.65404
470.921 5.65024
470.993 5.64477
471.065 5.63723
471.137 5.63089
471.209 5.6262
471.281 5.62271
471.353 5.62147
471.425 5.62273
471.497 5.6218
471.569 5.61849
471.641 5.61472
471.713 5.61142
471.785 5.60808
471.857 5.60343
471.929 5.59697
472.001 5.591
472.073 5.58687
472.145 5.58324
472.217 5.5819
472.289 5.58282
472.361 5.58281
472.433 5.58094
472.505 5.5789
472.577 5.57605
472.649 5.57313
472.721 5.56895
472.793 5.56453
472.865 5.56062
472.937 5.55736
473.009 5.55499
473.081 5.55343
473.153 5.55139
473.225 5.54848
473.297 5.54552
473.369 5.54234
473.441 5.53976
473.513 5.53749
473.585 5.5346
473.657 5.5309
473.729 5.52724
473.801 5.52395
473.873 5.5209
473.945 5.51801
474.017 5.51466
474.089 5.51157
474.161 5.50871
474.233 5.50575
474.305 5.50221
474.377 5.49836
474.449 5.494
474.521 5.48975
474.593 5.48595
474.665 5.48274
474.737 5.47963
474.809 5.47674
474.881 5.47382
474.953 5.47073
475.025 5.46755
475.097 5.46438
475.169 5.46106
475.241 5.45751
475.313 5.45332
475.385 5.44887
475.457 5.44447
475.529 5.44052
475.601 5.43705
475.673 5.43381
475.745 5.43033
475.817 5.42679
475.889 5.42319
475.961 5.41952
476.033 5.41574
476.105 5.41181
476.177 5.40757
476.249 5.40291
476.321 5.39806
476.393 5.3933
476.465 5.38882
476.537 5.38466
476.609 5.38064
476.681 5.37656
476.753 5.37244
476.825 5.36827
476.897 5.36403
476.969 5.35977
477.041 5.35547
477.113 5.3509
477.185 5.34586
477.257 5.34053
477.329 5.33524
477.401 5.33031
477.473 5.32588
477.545 5.32173
477.617 5.31763
477.689 5.3136
477.761 5.30962
477.833 5.30568
477.905 5.30173
477.977 5.29777
478.049 5.29355
478.121 5.28882
478.193 5.28374
478.265 5.27864
478.337 5.27386
478.409 5.26955
478.481 5.26542
478.553 5.26115
478.625 5.25674
478.697 5.25224
478.769 5.24769
478.841 5.24311
478.913 5.23849
478.985 5.23383
479.057 5.2288
479.129 5.22312
479.201 5.21696
479.273 5.21075
479.345 5.20488
479.417 5.19952
479.489 5.19438
479.561 5.18917
479.633 5.18395
479.705 5.17878
479.777 5.17366
479.849 5.16856
479.921 5.16331
479.993 5.15779
480.065 5.15156
480.137 5.14433
480.209 5.1364
480.281 5.12838
480.353 5.12075
480.425 5.11373
480.497 5.10698
480.569 5.10007
480.641 5.09297
480.713 5.08572
480.785 5.07835
480.857 5.07093
480.929 5.06344
481.001 5.0558
481.073 5.04731
481.145 5.03629
481.217 5.02342
481.289 5.01188
481.361 5.00162
481.433 4.99268
481.505 4.98642
481.577 4.98143
481.649 4.97429
481.721 4.96547
481.793 4.95493
481.865 4.94268
481.937 4.93164
482.009 4.91949
482.081 4.90269
482.153 4.88662
482.225 4.87668
482.297 4.86648
482.369 4.8538
482.441 4.84349
482.513 4.83602
482.585 4.82608
482.657 4.81514
482.729 4.80471
482.801 4.79128
482.873 4.77464
482.945 4.75993
483.017 4.74726
483.089 4.73663
483.161 4.72967
483.233 4.72284
483.305 4.71172
483.377 4.69806
483.449 4.68294
483.521 4.66578
483.593 4.64704
483.665 4.62795
483.737 4.60964
483.809 4.59261
483.881 4.57597
483.953 4.55907
484.025 4.54207
484.097 4.52472
484.169 4.50445
484.241 4.48109
484.313 4.46008
484.385 4.44121
484.457 4.42273
484.529 4.40653
484.601 4.39084
484.673 4.36848
484.745 4.3392
484.817 4.30876
484.889 4.28172
484.961 4.25843
485.033 4.23737
485.105 4.21902
485.177 4.20044
485.249 4.17921
485.321 4.15638
485.393 4.13363
485.465 4.11079
485.537 4.08726
485.609 4.06284
485.681 4.03735
485.753 4.0119
485.825 3.9861
485.897 3.95794
485.969 3.92802
486.041 3.90355
486.113 3.89093
486.185 3.89873
486.257 3.92154
486.329 3.94849
486.401 3.97556
486.473 4.00382
486.545 4.02825
486.617 4.04972
486.689 4.07077
486.761 4.09165
486.833 4.11198
486.905 4.13115
486.977 4.14991
487.049 4.16779
487.121 4.18599
487.193 4.20536
487.265 4.22703
487.337 4.24933
487.409 4.27133
487.481 4.29072
487.553 4.3082
487.625 4.32427
487.697 4.34036
487.769 4.35463
487.841 4.36841
487.913 4.38212
487.985 4.39656
488.057 4.41077
488.129 4.42457
488.201 4.43481
488.273 4.44244
488.345 4.45154
488.417 4.46243
488.489 4.47336
488.561 4.48758
488.633 4.5056
488.705 4.52126
488.777 4.53363
488.849 4.54438
488.921 4.55386
488.993 4.56191
489.065 4.56964
489.137 4.57669
489.209 4.58442
489.281 4.5921
489.353 4.60028
489.425 4.60752
489.497 4.61457
489.569 4.6212
489.641 4.62739
489.713 4.63322
489.785 4.63929
489.857 4.64519
489.929 4.6511
490.001 4.65679
490.073 4.66206
490.145 4.6677
490.217 4.67333
490.289 4.67847
490.361 4.683
490.433 4.68438
490.505 4.68212
490.577 4.68307
490.649 4.68656
490.721 4.69037
490.793 4.69717
490.865 4.70718
490.937 4.71281
491.009 4.71453
491.081 4.71673
491.153 4.71981
491.225 4.72315
491.297 4.72725
491.369 4.73183
491.441 4.73547
491.513 4.73832
491.585 4.74115
491.657 4.74362
491.729 4.74477
491.801 4.74402
491.873 4.74475
491.945 4.74659
492.017 4.74861
492.089 4.75195
492.161 4.75699
492.233 4.76014
492.305 4.76175
492.377 4.76308
492.449 4.76452
492.521 4.76601
492.593 4.76733
492.665 4.76845
492.737 4.76956
492.809 4.77062
492.881 4.77171
492.953 4.77281
493.025 4.77348
493.097 4.77183
493.169 4.76754
493.241 4.76566
493.313 4.76597
493.385 4.76695
493.457 4.77017
493.529 4.77525
493.601 4.77622
493.673 4.77098
493.745 4.76071
493.817 4.75569
493.889 4.75584
493.961 4.75795
494.033 4.76377
494.105 4.77406
494.177 4.7791
494.249 4.77958
494.321 4.77941
494.393 4.77919
494.465 4.77895
494.537 4.77875
494.609 4.77849
494.681 4.77729
494.753 4.77498
494.825 4.77387
494.897 4.77382
494.969 4.77408
495.041 4.77538
495.113 4.77783
495.185 4.77855
495.257 4.77443
495.329 4.76586
495.401 4.76152
495.473 4.76088
495.545 4.76118
495.617 4.76508
495.689 4.77312
495.761 4.77683
495.833 4.77676
495.905 4.77608
495.977 4.77519
496.049 4.77404
496.121 4.77262
496.193 4.77091
496.265 4.76842
496.337 4.76513
496.409 4.76268
496.481 4.76077
496.553 4.75766
496.625 4.75358
496.697 4.75193
496.769 4.75095
496.841 4.74975
496.913 4.74985
496.985 4.75154
497.057 4.75155
497.129 4.75017
497.201 4.74858
497.273 4.74693
497.345 4.7452
497.417 4.74329
497.489 4.74059
497.561 4.73707
497.633 4.73431
497.705 4.73161
497.777 4.72837
497.849 4.72682
497.921 4.72686
497.993 4.72627
498.065 4.72575
498.137 4.72592
498.209 4.72515
498.281 4.72359
498.353 4.72202
498.425 4.72039
498.497 4.71882
498.569 4.71695
498.641 4.71508
498.713 4.71301
498.785 4.71095
498.857 4.70874
498.929 4.70661
499.001 4.70439
499.073 4.7019
499.145 4.69851
499.217 4.69449
499.289 4.69133
499.361 4.68911
499.433 4.68706
499.505 4.68478
499.577 4.68229
499.649 4.68003
499.721 4.67792
499.793 4.67587
499.865 4.67481
499.937 4.67465
500.009 4.67358
500.081 4.67183
500.153 4.67002
500.225 4.66787
500.297 4.66598
500.369 4.66381
500.441 4.66098
500.513 4.65932
500.585 4.65811
500.657 4.6569
500.729 4.65593
500.801 4.65568
500.873 4.65367
500.945 4.65126
501.017 4.64936
501.089 4.64861
501.161 4.6481
501.233 4.6472
501.305 4.64442
501.377 4.64105
501.449 4.63812
501.521 4.63612
501.593 4.6343
501.665 4.63187
501.737 4.62862
501.809 4.62587
501.881 4.62263
501.953 4.61797
502.025 4.61342
502.097 4.61109
502.169 4.61165
502.241 4.61482
502.313 4.6174
502.385 4.61703
502.457 4.61152
502.529 4.60654
502.601 4.59861
502.673 4.5948
502.745 4.59463
502.817 4.59423
502.889 4.58511
502.961 4.57432
503.033 4.56629
503.105 4.56533
503.177 4.5732
503.249 4.57935
503.321 4.57921
503.393 4.57085
503.465 4.55069
503.537 4.51979
503.609 4.49758
503.681 4.49643
503.753 4.4926
503.825 4.49515
503.897 4.49416
503.969 4.4963
504.041 4.50656
504.113 4.52437
504.185 4.51662
504.257 4.50697
504.329 4.49403
504.401 4.48199
504.473 4.48478
504.545 4.50104
504.617 4.5201
504.689 4.53844
504.761 4.54419
504.833 4.53674
504.905 4.53055
504.977 4.52672
505.049 4.52556
505.121 4.52776
505.193 4.52866
505.265 4.52372
505.337 4.5194
505.409 4.514
505.481 4.51135
505.553 4.51311
505.625 4.50573
505.697 4.4954
505.769 4.47828
505.841 4.46292
505.913 4.45865
505.985 4.46183
506.057 4.46707
506.129 4.47695
506.201 4.48308
506.273 4.48771
506.345 4.49597
506.417 4.49861
506.489 4.50228
506.561 4.49319
506.633 4.47773
506.705 4.45289
506.777 4.43995
506.849 4.43691
506.921 4.44644
506.993 4.45323
507.065 4.46117
507.137 4.46192
507.209 4.46901
507.281 4.46123
507.353 4.4514
507.425 4.44388
507.497 4.44801
507.569 4.45572
507.641 4.45354
507.713 4.43664
507.785 4.42589
507.857 4.42515
507.929 4.42149
508.001 4.42029
508.073 4.41622
508.145 4.42217
508.217 4.43667
508.289 4.44981
508.361 4.44437
508.433 4.43431
508.505 4.42836
508.577 4.42641
508.649 4.42052
508.721 4.41691
508.793 4.4145
508.865 4.41751
508.937 4.42665
509.009 4.43477
509.081 4.43287
509.153 4.42938
509.225 4.41993
509.297 4.41228
509.369 4.40523
509.441 4.40114
509.513 4.40191
509.585 4.4035
509.657 4.40257
509.729 4.40521
509.801 4.40816
509.873 4.40874
509.945 4.41088
510.017 4.40899
510.089 4.40605
510.161 4.40176
510.233 4.39551
510.305 4.39094
510.377 4.38961
510.449 4.39132
510.521 4.39433
510.593 4.39666
510.665 4.39548
510.737 4.39356
510.809 4.39111
510.881 4.38909
510.953 4.38737
511.025 4.38502
511.097 4.37999
511.169 4.375
511.241 4.37261
511.313 4.37373
511.385 4.37597
511.457 4.37675
511.529 4.37491
511.601 4.37271
511.673 4.36994
511.745 4.36779
511.817 4.36647
511.889 4.36505
511.961 4.36384
512.033 4.36174
512.105 4.35902
512.177 4.35708
512.249 4.35508
512.321 4.35316
512.393 4.35143
512.465 4.34964
512.537 4.34794
512.609 4.34613
512.681 4.34321
512.753 4.34063
512.825 4.33842
512.897 4.3364
512.969 4.3342
513.041 4.33168
513.113 4.32907
513.185 4.32671
513.257 4.32432
513.329 4.32186
513.401 4.31937
513.473 4.31694
513.545 4.31464
513.617 4.31243
513.689 4.30985
513.761 4.30723
513.833 4.3046
513.905 4.30205
513.977 4.29959
514.049 4.29707
514.121 4.29442
514.193 4.2918
514.265 4.28926
514.337 4.28676
514.409 4.28431
514.481 4.2818
514.553 4.27923
514.625 4.27661
514.697 4.27393
514.769 4.27121
514.841 4.26849
514.913 4.26582
514.985 4.26319
515.057 4.26057
515.129 4.25807
515.201 4.26012
515.273 4.29573
