367.673 1.59894
367.745 1.59698
367.817 1.60022
367.889 1.60423
367.961 1.60803
368.033 1.61169
368.105 1.61528
368.177 1.61887
368.249 1.62245
368.321 1.62601
368.393 1.62953
368.465 1.63305
368.537 1.6366
368.609 1.64016
368.681 1.64371
368.753 1.6472
368.825 1.65068
368.897 1.6542
368.969 1.65775
369.041 1.66132
369.113 1.66487
369.185 1.66842
369.257 1.67203
369.329 1.67565
369.401 1.67926
369.473 1.68283
369.545 1.68641
369.617 1.69
369.689 1.69328
369.761 1.69595
369.833 1.69837
369.905 1.70076
369.977 1.70308
370.049 1.70554
370.121 1.70838
370.193 1.71174
370.265 1.71531
370.337 1.71874
370.409 1.72205
370.481 1.72557
370.553 1.72895
370.625 1.73208
370.697 1.73542
370.769 1.73893
370.841 1.74212
370.913 1.74506
370.985 1.74798
371.057 1.75093
371.129 1.75404
371.201 1.75756
371.273 1.7612
371.345 1.76463
371.417 1.76768
371.489 1.77077
371.561 1.77377
371.633 1.77662
371.705 1.7798
371.777 1.78328
371.849 1.78644
371.921 1.78933
371.993 1.79237
372.065 1.79529
372.137 1.79787
372.209 1.80031
372.281 1.8031
372.353 1.80597
372.425 1.80878
372.497 1.81172
372.569 1.81489
372.641 1.81784
372.713 1.82042
372.785 1.8228
372.857 1.82537
372.929 1.82804
373.001 1.83057
373.073 1.83289
373.145 1.83537
373.217 1.83765
373.289 1.83914
373.361 1.84031
373.433 1.84196
373.505 1.84436
373.577 1.84694
373.649 1.84973
373.721 1.85269
373.793 1.85486
373.865 1.85545
373.937 1.85638
374.009 1.85898
374.081 1.86198
374.153 1.86579
374.225 1.87063
374.297 1.87424
374.369 1.87632
374.441 1.87927
374.513 1.88224
374.585 1.88408
374.657 1.88666
374.729 1.89038
374.801 1.89347
374.873 1.89632
374.945 1.8998
375.017 1.90326
375.089 1.90627
375.161 1.90914
375.233 1.91212
375.305 1.91525
375.377 1.91781
375.449 1.91964
375.521 1.92188
375.593 1.92454
375.665 1.92741
375.737 1.93073
375.809 1.93403
375.881 1.93631
375.953 1.93843
376.025 1.94099
376.097 1.94389
376.169 1.94712
376.241 1.95063
376.313 1.95348
376.385 1.95536
376.457 1.9572
376.529 1.95925
376.601 1.96154
376.673 1.96433
376.745 1.9676
376.817 1.97064
376.889 1.97338
376.961 1.97578
377.033 1.97824
377.105 1.981
377.177 1.98378
377.249 1.98654
377.321 1.98941
377.393 1.99169
377.465 1.99297
377.537 1.99531
377.609 1.99884
377.681 2.0023
377.753 2.00575
377.825 2.01059
377.897 2.01488
377.969 2.01794
378.041 2.02062
378.113 2.02352
378.185 2.02632
378.257 2.029
378.329 2.03171
378.401 2.03409
378.473 2.03575
378.545 2.03757
378.617 2.03976
378.689 2.0422
378.761 2.04536
378.833 2.04932
378.905 2.05225
378.977 2.05395
379.049 2.05538
379.121 2.05633
379.193 2.05684
379.265 2.05788
379.337 2.05952
379.409 2.06072
379.481 2.06207
379.553 2.06421
379.625 2.0661
379.697 2.06812
379.769 2.07128
379.841 2.07531
379.913 2.0794
379.985 2.08369
380.057 2.08773
380.129 2.09155
380.201 2.0956
380.273 2.09982
380.345 2.10403
380.417 2.10842
380.489 2.11272
380.561 2.11658
380.633 2.12016
380.705 2.12367
380.777 2.1271
380.849 2.13031
380.921 2.13329
380.993 2.13634
381.065 2.1394
381.137 2.14219
381.209 2.1445
381.281 2.14644
381.353 2.14787
381.425 2.14882
381.497 2.14999
381.569 2.15123
381.641 2.15293
381.713 2.15587
381.785 2.15933
381.857 2.16231
381.929 2.16526
382.001 2.16763
382.073 2.16901
382.145 2.17033
382.217 2.17166
382.289 2.17304
382.361 2.17496
382.433 2.17707
382.505 2.17843
382.577 2.17943
382.649 2.18043
382.721 2.18096
382.793 2.18068
382.865 2.18049
382.937 2.17981
383.009 2.17756
383.081 2.17458
383.153 2.17194
383.225 2.1697
383.297 2.16972
383.369 2.17203
383.441 2.17506
383.513 2.18006
383.585 2.18672
383.657 2.19169
383.729 2.19478
383.801 2.19952
383.873 2.20487
383.945 2.2105
384.017 2.21749
384.089 2.22558
384.161 2.23248
384.233 2.23878
384.305 2.24468
384.377 2.2503
384.449 2.25531
384.521 2.25906
384.593 2.26303
384.665 2.26691
384.737 2.27045
384.809 2.27566
384.881 2.28251
384.953 2.28707
385.025 2.29037
385.097 2.29508
385.169 2.30014
385.241 2.30497
385.313 2.3103
385.385 2.31551
385.457 2.3189
385.529 2.32146
385.601 2.3245
385.673 2.32791
385.745 2.3317
385.817 2.33595
385.889 2.34004
385.961 2.34338
386.033 2.34631
386.105 2.3491
386.177 2.35172
386.249 2.35422
386.321 2.35632
386.393 2.35786
386.465 2.35952
386.537 2.36142
386.609 2.36331
386.681 2.36541
386.753 2.36776
386.825 2.36969
386.897 2.37115
386.969 2.3723
387.041 2.37316
387.113 2.37392
387.185 2.37448
387.257 2.37471
387.329 2.37482
387.401 2.37489
387.473 2.37456
387.545 2.37369
387.617 2.3728
387.689 2.37167
387.761 2.37018
387.833 2.3688
387.905 2.36734
387.977 2.36503
388.049 2.36221
388.121 2.35892
388.193 2.35489
388.265 2.35059
388.337 2.34643
388.409 2.34226
388.481 2.33843
388.553 2.33505
388.625 2.33214
388.697 2.32956
388.769 2.32678
388.841 2.3244
388.913 2.32534
388.985 2.32936
389.057 2.33566
389.129 2.34436
389.201 2.3551
389.273 2.36534
389.345 2.37484
389.417 2.38385
389.489 2.39261
389.561 2.40128
389.633 2.40993
389.705 2.4187
389.777 2.42742
389.849 2.43578
389.921 2.44381
389.993 2.45156
390.065 2.45873
390.137 2.46547
390.209 2.47196
390.281 2.47794
390.353 2.48247
390.425 2.48513
390.497 2.48798
390.569 2.49087
390.641 2.49252
390.713 2.49457
390.785 2.49908
390.857 2.50359
390.929 2.50756
391.001 2.51276
391.073 2.51859
391.145 2.52326
391.217 2.52735
391.289 2.53182
391.361 2.53535
391.433 2.53875
391.505 2.54298
391.577 2.54673
391.649 2.55017
391.721 2.55457
391.793 2.55818
391.865 2.56107
391.937 2.56455
392.009 2.56746
392.081 2.57012
392.153 2.57353
392.225 2.57622
392.297 2.57824
392.369 2.58064
392.441 2.58297
392.513 2.5845
392.585 2.5864
392.657 2.58872
392.729 2.59072
392.801 2.59236
392.873 2.5947
392.945 2.59707
393.017 2.59878
393.089 2.60017
393.161 2.60182
393.233 2.60302
393.305 2.60432
393.377 2.60595
393.449 2.60783
393.521 2.60941
393.593 2.61084
393.665 2.61154
393.737 2.61153
393.809 2.61132
393.881 2.61052
393.953 2.60897
394.025 2.60741
394.097 2.60524
394.169 2.60159
394.241 2.59714
394.313 2.59415
394.385 2.59259
394.457 2.59112
394.529 2.59031
394.601 2.59125
394.673 2.59112
394.745 2.58817
394.817 2.58488
394.889 2.58281
394.961 2.58018
395.033 2.5761
395.105 2.57105
395.177 2.56703
395.249 2.56304
395.321 2.55803
395.393 2.55352
395.465 2.5507
395.537 2.54585
395.609 2.53886
395.681 2.53255
395.753 2.52714
395.825 2.52181
395.897 2.51658
395.969 2.51003
396.041 2.50133
396.113 2.49188
396.185 2.48296
396.257 2.47437
396.329 2.46607
396.401 2.45826
396.473 2.45051
396.545 2.44271
396.617 2.43531
396.689 2.42852
396.761 2.42188
396.833 2.41615
396.905 2.41223
396.977 2.41136
397.049 2.41394
397.121 2.41913
397.193 2.42632
397.265 2.43453
397.337 2.44315
397.409 2.45308
397.481 2.46439
397.553 2.47594
397.625 2.48797
397.697 2.4995
397.769 2.51017
397.841 2.52162
397.913 2.5327
397.985 2.54306
398.057 2.55415
398.129 2.56571
398.201 2.57624
398.273 2.58595
398.345 2.595
398.417 2.60416
398.489 2.61398
398.561 2.62358
398.633 2.6328
398.705 2.64171
398.777 2.64938
398.849 2.6553
398.921 2.66151
398.993 2.66857
399.065 2.6763
399.137 2.68433
399.209 2.6921
399.281 2.69774
399.353 2.70241
399.425 2.70749
399.497 2.71317
399.569 2.71874
399.641 2.72481
399.713 2.73113
399.785 2.73629
399.857 2.7398
399.929 2.74291
400.001 2.74679
400.073 2.75078
400.145 2.75499
400.217 2.76015
400.289 2.76576
400.361 2.77035
400.433 2.77416
400.505 2.77766
400.577 2.78067
400.649 2.78237
400.721 2.78253
400.793 2.78287
400.865 2.78286
400.937 2.78176
401.009 2.7822
401.081 2.78521
401.153 2.78848
401.225 2.7921
401.297 2.79678
401.369 2.80001
401.441 2.80284
401.513 2.80552
401.585 2.80794
401.657 2.81031
401.729 2.81339
401.801 2.81597
401.873 2.81794
401.945 2.81982
402.017 2.82176
402.089 2.82355
402.161 2.82531
402.233 2.82761
402.305 2.82972
402.377 2.83159
402.449 2.83355
402.521 2.83529
402.593 2.83646
402.665 2.83793
402.737 2.83963
402.809 2.8408
402.881 2.84165
402.953 2.84294
403.025 2.84448
403.097 2.84592
403.169 2.84771
403.241 2.84933
403.313 2.85083
403.385 2.85211
403.457 2.85327
403.529 2.85443
403.601 2.8557
403.673 2.85665
403.745 2.85731
403.817 2.85785
403.889 2.85833
403.961 2.85876
404.033 2.85909
404.105 2.85929
404.177 2.85917
404.249 2.85821
404.321 2.85624
404.393 2.85421
404.465 2.85232
404.537 2.85093
404.609 2.85027
404.681 2.84915
404.753 2.84745
404.825 2.84739
404.897 2.84773
404.969 2.84579
405.041 2.84225
405.113 2.84128
405.185 2.84103
405.257 2.84026
405.329 2.84069
405.401 2.8427
405.473 2.84298
405.545 2.84184
405.617 2.84054
405.689 2.83955
405.761 2.83865
405.833 2.83622
405.905 2.8328
405.977 2.82993
406.049 2.82722
406.121 2.82481
406.193 2.82307
406.265 2.82065
406.337 2.81733
406.409 2.81372
406.481 2.80944
406.553 2.80495
406.625 2.8019
406.697 2.79863
406.769 2.79441
406.841 2.79154
406.913 2.79011
406.985 2.78746
407.057 2.78413
407.129 2.78176
407.201 2.77934
407.273 2.77553
407.345 2.77053
407.417 2.76499
407.489 2.75854
407.561 2.75098
407.633 2.7438
407.705 2.73687
407.777 2.72956
407.849 2.72192
407.921 2.71329
407.993 2.70303
408.065 2.69195
408.137 2.68197
408.209 2.67322
408.281 2.66582
408.353 2.65942
408.425 2.6529
408.497 2.64414
408.569 2.63233
408.641 2.61916
408.713 2.60672
408.785 2.59522
408.857 2.58377
408.929 2.57263
409.001 2.56127
409.073 2.54789
409.145 2.53321
409.217 2.51844
409.289 2.50327
409.361 2.48764
409.433 2.47268
409.505 2.45847
409.577 2.44375
409.649 2.42856
409.721 2.41395
409.793 2.40002
409.865 2.38617
409.937 2.37343
410.009 2.36355
410.081 2.35836
410.153 2.35834
410.225 2.36346
410.297 2.37275
410.369 2.38491
410.441 2.39892
410.513 2.41362
410.585 2.42782
410.657 2.44168
410.729 2.45706
410.801 2.47286
410.873 2.48783
410.945 2.50349
411.017 2.52127
411.089 2.53878
411.161 2.55488
411.233 2.57077
411.305 2.58619
411.377 2.59974
411.449 2.61194
411.521 2.62446
411.593 2.63737
411.665 2.65035
411.737 2.66358
411.809 2.67671
411.881 2.68863
411.953 2.69899
412.025 2.70796
412.097 2.71691
412.169 2.72562
412.241 2.73406
412.313 2.74338
412.385 2.75348
412.457 2.76248
412.529 2.77045
412.601 2.77811
412.673 2.78463
412.745 2.7903
412.817 2.79738
412.889 2.80564
412.961 2.81295
413.033 2.8194
413.105 2.82669
413.177 2.83325
413.249 2.83869
413.321 2.84431
413.393 2.85012
413.465 2.85529
413.537 2.85981
413.609 2.86361
413.681 2.86759
413.753 2.87182
413.825 2.87529
413.897 2.87962
413.969 2.88524
414.041 2.89075
414.113 2.89607
414.185 2.9018
414.257 2.90661
414.329 2.91068
414.401 2.9142
414.473 2.91676
414.545 2.91845
414.617 2.92081
414.689 2.92363
414.761 2.92647
414.833 2.92994
414.905 2.93416
414.977 2.93756
415.049 2.9402
415.121 2.94267
415.193 2.94507
415.265 2.94741
415.337 2.94958
415.409 2.95112
415.481 2.95127
415.553 2.95015
415.625 2.94905
415.697 2.94896
415.769 2.94868
415.841 2.94948
415.913 2.95307
415.985 2.9565
416.057 2.95724
416.129 2.95916
416.201 2.96281
416.273 2.96385
416.345 2.96202
416.417 2.96133
416.489 2.96142
416.561 2.96092
416.633 2.96197
416.705 2.96593
416.777 2.96866
416.849 2.96946
416.921 2.97046
416.993 2.97222
417.065 2.97441
417.137 2.97739
417.209 2.97984
417.281 2.98132
417.353 2.98278
417.425 2.98351
417.497 2.98477
417.569 2.98812
417.641 2.99126
417.713 2.99143
417.785 2.99085
417.857 2.99209
417.929 2.99385
418.001 2.99592
418.073 2.99938
418.145 3.00331
418.217 3.00504
418.289 3.00534
418.361 3.00512
418.433 3.00461
418.505 3.00374
418.577 3.00337
418.649 3.00333
418.721 3.00396
418.793 3.00505
418.865 3.00669
418.937 3.00783
419.009 3.00922
419.081 3.01064
419.153 3.01202
419.225 3.0138
419.297 3.01605
419.369 3.01668
419.441 3.01578
419.513 3.01552
419.585 3.01586
419.657 3.01638
419.729 3.01754
419.801 3.01947
419.873 3.02057
419.945 3.02086
420.017 3.02025
420.089 3.01867
420.161 3.018
420.233 3.01795
420.305 3.01795
420.377 3.01883
420.449 3.02066
420.521 3.02162
420.593 3.02152
420.665 3.02092
420.737 3.01997
420.809 3.01841
420.881 3.01774
420.953 3.01827
421.025 3.01965
421.097 3.02144
421.169 3.02372
421.241 3.02481
421.313 3.02498
421.385 3.02502
421.457 3.02495
421.529 3.02411
421.601 3.02242
421.673 3.02172
421.745 3.02185
421.817 3.02212
421.889 3.02304
421.961 3.02482
422.033 3.02575
422.105 3.02591
422.177 3.02593
422.249 3.0259
422.321 3.02594
422.393 3.02591
422.465 3.02487
422.537 3.02266
422.609 3.02142
422.681 3.02114
422.753 3.02111
422.825 3.02188
422.897 3.02354
422.969 3.02415
423.041 3.02386
423.113 3.02343
423.185 3.02296
423.257 3.02247
423.329 3.02207
423.401 3.02162
423.473 3.02029
423.545 3.0179
423.617 3.0164
423.689 3.01581
423.761 3.01551
423.833 3.01594
423.905 3.01715
423.977 3.01741
424.049 3.01692
424.121 3.01633
424.193 3.0156
424.265 3.01471
424.337 3.01382
424.409 3.01292
424.481 3.01193
424.553 3.01025
424.625 3.00734
424.697 3.00414
424.769 3.00123
424.841 2.99881
424.913 2.99759
424.985 2.99723
425.057 2.99707
425.129 2.99737
425.201 2.99724
425.273 2.9963
425.345 2.99538
425.417 2.99513
425.489 2.99498
425.561 2.99477
425.633 2.99435
425.705 2.9942
425.777 2.99396
425.849 2.99318
425.921 2.992
425.993 2.99062
426.065 2.98923
426.137 2.988
426.209 2.98685
426.281 2.98556
426.353 2.98404
426.425 2.9825
426.497 2.98113
426.569 2.97987
426.641 2.97849
426.713 2.97692
426.785 2.9753
426.857 2.9737
426.929 2.97205
427.001 2.97032
427.073 2.96851
427.145 2.96654
427.217 2.96428
427.289 2.96218
427.361 2.96015
427.433 2.95811
427.505 2.95661
427.577 2.95561
427.649 2.95411
427.721 2.95198
427.793 2.94971
427.865 2.94713
427.937 2.94417
428.009 2.94144
428.081 2.9388
428.153 2.93621
428.225 2.93413
428.297 2.93219
428.369 2.92906
428.441 2.92512
428.513 2.92089
428.585 2.91734
428.657 2.91482
428.729 2.9131
428.801 2.91119
428.873 2.90914
428.945 2.90649
429.017 2.90342
429.089 2.8997
429.161 2.89597
429.233 2.89224
429.305 2.88851
429.377 2.88534
429.449 2.88273
429.521 2.87938
429.593 2.87521
429.665 2.87047
429.737 2.86506
429.809 2.85976
429.881 2.85503
429.953 2.85036
430.025 2.84606
430.097 2.84288
430.169 2.83972
430.241 2.83456
430.313 2.82764
430.385 2.82121
430.457 2.81563
430.529 2.81024
430.601 2.80484
430.673 2.79935
430.745 2.79291
430.817 2.78609
430.889 2.77965
430.961 2.7727
431.033 2.76416
431.105 2.75463
431.177 2.74534
431.249 2.73692
431.321 2.72828
431.393 2.71832
431.465 2.70807
431.537 2.69789
431.609 2.68799
431.681 2.67806
431.753 2.66828
431.825 2.65832
431.897 2.64849
431.969 2.63919
432.041 2.63056
432.113 2.62065
432.185 2.60863
432.257 2.5961
432.329 2.58431
432.401 2.57392
432.473 2.56378
432.545 2.55171
432.617 2.53778
432.689 2.52326
432.761 2.50933
432.833 2.49584
432.905 2.48148
432.977 2.46557
433.049 2.44922
433.121 2.43369
433.193 2.41953
433.265 2.40513
433.337 2.38885
433.409 2.37123
433.481 2.35346
433.553 2.33676
433.625 2.32086
433.697 2.30442
433.769 2.28722
433.841 2.27025
433.913 2.25587
433.985 2.24764
434.057 2.24755
434.129 2.25602
434.201 2.27012
434.273 2.28552
434.345 2.30068
434.417 2.31691
434.489 2.33385
434.561 2.35106
434.633 2.36804
434.705 2.38382
434.777 2.39793
434.849 2.4118
434.921 2.42686
434.993 2.44263
435.065 2.45815
435.137 2.47247
435.209 2.48583
435.281 2.49936
435.353 2.5134
435.425 2.52707
435.497 2.53958
435.569 2.55056
435.641 2.56115
435.713 2.57249
435.785 2.58426
435.857 2.59575
435.929 2.60627
436.001 2.61595
436.073 2.62561
436.145 2.63553
436.217 2.64514
436.289 2.65388
436.361 2.66152
436.433 2.66886
436.505 2.67666
436.577 2.68471
436.649 2.69244
436.721 2.69868
436.793 2.70314
436.865 2.70842
436.937 2.71499
437.009 2.722
437.081 2.7297
437.153 2.73782
437.225 2.74424
437.297 2.74957
437.369 2.75507
437.441 2.76071
437.513 2.76619
437.585 2.77121
437.657 2.77586
437.729 2.78052
437.801 2.78532
437.873 2.78999
437.945 2.79426
438.017 2.79799
438.089 2.80153
438.161 2.80519
438.233 2.80858
438.305 2.81143
438.377 2.8142
438.449 2.81672
438.521 2.81948
438.593 2.82297
438.665 2.82696
438.737 2.8306
438.809 2.83385
438.881 2.83642
438.953 2.8386
439.025 2.84059
439.097 2.84232
439.169 2.84423
439.241 2.84622
439.313 2.84808
439.385 2.85018
439.457 2.85268
439.529 2.85498
439.601 2.85698
439.673 2.85875
439.745 2.8603
439.817 2.8618
439.889 2.8634
439.961 2.86487
440.033 2.86594
440.105 2.8665
440.177 2.86603
440.249 2.86578
440.321 2.86692
440.393 2.86845
440.465 2.86961
440.537 2.87005
440.609 2.8696
440.681 2.86872
440.753 2.86855
440.825 2.86839
440.897 2.86984
440.969 2.87354
441.041 2.87646
441.113 2.87656
441.185 2.87715
441.257 2.87834
441.329 2.87942
441.401 2.88156
441.473 2.88451
441.545 2.88587
441.617 2.88587
441.689 2.88645
441.761 2.88732
441.833 2.88967
441.905 2.89363
441.977 2.8972
442.049 2.89763
442.121 2.89736
442.193 2.89705
442.265 2.89639
442.337 2.89762
442.409 2.9001
442.481 2.90019
442.553 2.89626
442.625 2.89169
442.697 2.88941
442.769 2.89042
442.841 2.89429
442.913 2.89833
442.985 2.90004
443.057 2.90066
443.129 2.90268
443.201 2.90573
443.273 2.90819
443.345 2.90992
443.417 2.91049
443.489 2.91056
443.561 2.91036
443.633 2.91102
443.705 2.91173
443.777 2.91223
443.849 2.91332
443.921 2.91425
443.993 2.91515
444.065 2.91573
444.137 2.91624
444.209 2.91509
444.281 2.91392
444.353 2.91288
444.425 2.91322
444.497 2.9141
444.569 2.91461
444.641 2.9138
444.713 2.91145
444.785 2.90939
444.857 2.90907
444.929 2.91053
445.001 2.91388
445.073 2.91726
445.145 2.91896
445.217 2.91821
445.289 2.91798
445.361 2.91737
445.433 2.91785
445.505 2.91776
445.577 2.91831
445.649 2.91795
445.721 2.91701
445.793 2.91501
445.865 2.9141
445.937 2.91469
446.009 2.91688
446.081 2.91992
446.153 2.92134
446.225 2.92028
446.297 2.91847
446.369 2.91642
446.441 2.91548
446.513 2.91655
446.585 2.91938
446.657 2.92125
446.729 2.92109
446.801 2.92023
446.873 2.91965
446.945 2.91915
447.017 2.91873
447.089 2.91911
447.161 2.91927
447.233 2.91974
447.305 2.92016
447.377 2.92002
447.449 2.91863
447.521 2.91807
447.593 2.91798
447.665 2.91765
447.737 2.91797
447.809 2.91902
447.881 2.91958
447.953 2.92
448.025 2.92046
448.097 2.92037
448.169 2.92006
448.241 2.91964
448.313 2.91901
448.385 2.91783
448.457 2.91627
448.529 2.91543
448.601 2.91518
448.673 2.91502
448.745 2.91507
448.817 2.91532
448.889 2.91515
448.961 2.91479
449.033 2.9145
449.105 2.91412
449.177 2.91344
449.249 2.91264
449.321 2.91182
449.393 2.9112
449.465 2.91079
449.537 2.91049
449.609 2.90996
449.681 2.90926
449.753 2.90847
449.825 2.9077
449.897 2.90699
449.969 2.90638
450.041 2.90581
450.113 2.90522
450.185 2.90456
450.257 2.90377
450.329 2.90289
450.401 2.90202
450.473 2.90126
450.545 2.90065
450.617 2.90006
450.689 2.89902
450.761 2.89739
450.833 2.8961
450.905 2.89518
450.977 2.89445
451.049 2.89424
451.121 2.89456
451.193 2.89439
451.265 2.8937
451.337 2.89287
451.409 2.89204
451.481 2.89131
451.553 2.89074
451.625 2.89027
451.697 2.88975
451.769 2.8891
451.841 2.88833
451.913 2.88757
451.985 2.88693
452.057 2.88646
452.129 2.8861
452.201 2.88577
452.273 2.88536
452.345 2.88483
452.417 2.88421
452.489 2.88358
452.561 2.88301
452.633 2.88249
452.705 2.88194
452.777 2.88114
452.849 2.88005
452.921 2.87904
452.993 2.87764
453.065 2.8756
453.137 2.87446
453.209 2.87418
453.281 2.87393
453.353 2.87406
453.425 2.87439
453.497 2.87308
453.569 2.87075
453.641 2.86852
453.713 2.86672
453.785 2.86579
453.857 2.8652
453.929 2.8645
454.001 2.86419
454.073 2.86371
454.145 2.86236
454.217 2.86191
454.289 2.86202
454.361 2.86148
454.433 2.86099
454.505 2.86148
454.577 2.86177
454.649 2.86196
454.721 2.86229
454.793 2.86259
454.865 2.86243
454.937 2.86195
455.009 2.86136
455.081 2.86063
455.153 2.85966
455.225 2.85758
455.297 2.85381
455.369 2.85061
455.441 2.8492
455.513 2.84866
455.585 2.84921
455.657 2.85141
455.729 2.85311
455.801 2.85312
455.873 2.85245
455.945 2.85172
456.017 2.85089
456.089 2.84988
456.161 2.84864
456.233 2.84717
456.305 2.84555
456.377 2.84362
456.449 2.84144
456.521 2.83977
456.593 2.8385
456.665 2.83726
456.737 2.83592
456.809 2.83442
456.881 2.83284
456.953 2.83129
457.025 2.8299
457.097 2.82896
457.169 2.82843
457.241 2.82755
457.313 2.82625
457.385 2.82476
457.457 2.82318
457.529 2.82154
457.601 2.8196
457.673 2.81734
457.745 2.81564
457.817 2.81433
457.889 2.81276
457.961 2.81076
458.033 2.80887
458.105 2.80692
458.177 2.80457
458.249 2.8015
458.321 2.79944
458.393 2.79903
458.465 2.79843
458.537 2.79706
458.609 2.7964
458.681 2.79589
458.753 2.79485
458.825 2.79404
458.897 2.79369
458.969 2.79303
459.041 2.79255
459.113 2.7917
459.185 2.79045
459.257 2.78962
459.329 2.78943
459.401 2.7887
459.473 2.78749
459.545 2.78628
459.617 2.78509
459.689 2.78396
459.761 2.78278
459.833 2.78148
459.905 2.78002
459.977 2.77857
460.049 2.77727
460.121 2.77616
460.193 2.77519
460.265 2.77424
460.337 2.7732
460.409 2.772
460.481 2.77068
460.553 2.76935
460.625 2.76813
460.697 2.76706
460.769 2.76608
460.841 2.76512
460.913 2.76417
460.985 2.76313
461.057 2.76194
461.129 2.76065
461.201 2.75936
461.273 2.75815
461.345 2.75707
461.417 2.75605
461.489 2.75504
461.561 2.75404
461.633 2.75299
461.705 2.75179
461.777 2.75049
461.849 2.74918
461.921 2.74796
461.993 2.74689
462.065 2.74588
462.137 2.74487
462.209 2.74384
462.281 2.74272
462.353 2.74146
462.425 2.7401
462.497 2.73876
462.569 2.73753
462.641 2.73647
462.713 2.73549
462.785 2.73453
462.857 2.73357
462.929 2.73254
463.001 2.73137
463.073 2.7301
463.145 2.72883
463.217 2.72765
463.289 2.72661
463.361 2.72564
463.433 2.72467
463.505 2.72371
463.577 2.72278
463.649 2.72179
463.721 2.72066
463.793 2.71941
463.865 2.71812
463.937 2.71694
464.009 2.71597
464.081 2.71517
464.153 2.71443
464.225 2.71373
464.297 2.71294
464.369 2.71198
464.441 2.71091
464.513 2.70983
464.585 2.70884
464.657 2.70801
464.729 2.70727
464.801 2.70653
464.873 2.70576
464.945 2.70497
465.017 2.70407
465.089 2.703
465.161 2.70181
465.233 2.70061
465.305 2.69951
465.377 2.69857
465.449 2.69773
465.521 2.6969
465.593 2.69608
465.665 2.6952
465.737 2.69417
465.809 2.693
465.881 2.69136
465.953 2.68923
466.025 2.68743
466.097 2.68549
466.169 2.68333
466.241 2.68201
466.313 2.68201
466.385 2.68203
466.457 2.68214
466.529 2.68242
466.601 2.68232
466.673 2.68116
466.745 2.67921
466.817 2.67743
466.889 2.67542
466.961 2.6733
467.033 2.6722
467.105 2.67123
467.177 2.66891
467.249 2.6671
467.321 2.66627
467.393 2.6643
467.465 2.66163
467.537 2.66014
467.609 2.65992
467.681 2.65945
467.753 2.65953
467.825 2.66081
467.897 2.66224
467.969 2.66151
468.041 2.65846
468.113 2.65431
468.185 2.65174
468.257 2.65024
468.329 2.64916
468.401 2.64943
468.473 2.65056
468.545 2.64983
468.617 2.64762
468.689 2.64538
468.761 2.64337
468.833 2.64188
468.905 2.64076
468.977 2.63956
469.049 2.63785
469.121 2.63625
469.193 2.63465
469.265 2.63292
469.337 2.6314
469.409 2.62995
469.481 2.62759
469.553 2.62455
469.625 2.62115
469.697 2.61822
469.769 2.61681
469.841 2.61666
469.913 2.6165
469.985 2.61514
470.057 2.61321
470.129 2.61148
470.201 2.61021
470.273 2.60926
470.345 2.60828
470.417 2.60665
470.489 2.60504
470.561 2.60349
470.633 2.60179
470.705 2.60011
470.777 2.59865
470.849 2.59693
470.921 2.5951
470.993 2.59274
471.065 2.58969
471.137 2.58688
471.209 2.58458
471.281 2.58281
471.353 2.58187
471.425 2.58183
471.497 2.58104
471.569 2.57935
471.641 2.57745
471.713 2.57578
471.785 2.57413
471.857 2.57217
471.929 2.56969
472.001 2.56704
472.073 2.56495
472.145 2.56304
472.217 2.56193
472.289 2.56158
472.361 2.56117
472.433 2.56017
472.505 2.55913
472.577 2.55767
472.649 2.55614
472.721 2.55396
472.793 2.55164
472.865 2.54959
472.937 2.54787
473.009 2.54662
473.081 2.54579
473.153 2.54472
473.225 2.54318
473.297 2.54162
473.369 2.53995
473.441 2.53859
473.513 2.5374
473.585 2.5359
473.657 2.534
473.729 2.53213
473.801 2.53046
473.873 2.52891
473.945 2.52746
474.017 2.52577
474.089 2.52422
474.161 2.52279
474.233 2.5213
474.305 2.51951
474.377 2.51756
474.449 2.51535
474.521 2.51318
474.593 2.51124
474.665 2.5096
474.737 2.50799
474.809 2.50649
474.881 2.50497
474.953 2.50336
475.025 2.50169
475.097 2.50004
475.169 2.4983
475.241 2.49644
475.313 2.49426
475.385 2.49194
475.457 2.48965
475.529 2.48759
475.601 2.48578
475.673 2.48407
475.745 2.48225
475.817 2.48039
475.889 2.47849
475.961 2.47655
476.033 2.47457
476.105 2.4725
476.177 2.47027
476.249 2.46783
476.321 2.46529
476.393 2.4628
476.465 2.46045
476.537 2.45829
476.609 2.45622
476.681 2.45415
476.753 2.45207
476.825 2.44999
476.897 2.44788
476.969 2.44576
477.041 2.44363
477.113 2.44135
477.185 2.43884
477.257 2.43618
477.329 2.43354
477.401 2.43108
477.473 2.42888
477.545 2.4268
477.617 2.42473
477.689 2.42267
477.761 2.42062
477.833 2.41857
477.905 2.41651
477.977 2.41444
478.049 2.41223
478.121 2.40977
478.193 2.40713
478.265 2.40448
478.337 2.40199
478.409 2.39975
478.481 2.3976
478.553 2.39539
478.625 2.39313
478.697 2.39083
478.769 2.38853
478.841 2.38623
478.913 2.38391
478.985 2.38157
479.057 2.37904
479.129 2.37618
479.201 2.37308
479.273 2.36995
479.345 2.367
479.417 2.3643
479.489 2.36172
479.561 2.35909
479.633 2.35644
479.705 2.3538
479.777 2.35118
479.849 2.34855
479.921 2.34585
479.993 2.343
480.065 2.33979
480.137 2.33606
480.209 2.33197
480.281 2.32783
480.353 2.3239
480.425 2.32027
480.497 2.31679
480.569 2.31323
480.641 2.30959
480.713 2.30589
480.785 2.30214
480.857 2.29837
480.929 2.29457
481.001 2.29072
481.073 2.28663
481.145 2.28177
481.217 2.2762
481.289 2.27076
481.361 2.26559
481.433 2.26085
481.505 2.25696
481.577 2.25347
481.649 2.24942
481.721 2.24491
481.793 2.23995
481.865 2.23453
481.937 2.22938
482.009 2.22393
482.081 2.21727
482.153 2.21073
482.225 2.20565
482.297 2.20028
482.369 2.19395
482.441 2.18796
482.513 2.18259
482.585 2.17675
482.657 2.17091
482.729 2.16531
482.801 2.15892
482.873 2.15168
482.945 2.14485
483.017 2.13846
483.089 2.13252
483.161 2.12739
483.233 2.12224
483.305 2.11597
483.377 2.10901
483.449 2.10141
483.521 2.09279
483.593 2.08337
483.665 2.07379
483.737 2.0646
483.809 2.05605
483.881 2.04769
483.953 2.03922
484.025 2.0307
484.097 2.02211
484.169 2.01272
484.241 2.00252
484.313 1.99277
484.385 1.98344
484.457 1.97414
484.529 1.96534
484.601 1.9561
484.673 1.94461
484.745 1.93096
484.817 1.91682
484.889 1.90376
484.961 1.89219
485.033 1.88137
485.105 1.8713
485.177 1.86111
485.249 1.85025
485.321 1.83894
485.393 1.82772
485.465 1.81647
485.537 1.80489
485.609 1.79288
485.681 1.78034
485.753 1.76784
485.825 1.75518
485.897 1.74139
485.969 1.72686
486.041 1.71561
486.113 1.7108
486.185 1.71517
486.257 1.7262
486.329 1.73908
486.401 1.75139
486.473 1.76358
486.545 1.77465
486.617 1.78497
486.689 1.79523
486.761 1.80546
486.833 1.81547
486.905 1.82493
486.977 1.83421
487.049 1.84306
487.121 1.85207
487.193 1.86168
487.265 1.87242
487.337 1.88348
487.409 1.89441
487.481 1.90406
487.553 1.91277
487.625 1.92077
487.697 1.92877
487.769 1.93586
487.841 1.94271
487.913 1.94952
487.985 1.9567
488.057 1.96377
488.129 1.97073
488.201 1.97648
488.273 1.98155
488.345 1.98672
488.417 1.99223
488.489 1.99762
488.561 2.00409
488.633 2.01181
488.705 2.01899
488.777 2.02509
488.849 2.03045
488.921 2.03518
488.993 2.03919
489.065 2.04306
489.137 2.04658
489.209 2.05045
489.281 2.0543
489.353 2.0584
489.425 2.06203
489.497 2.06557
489.569 2.0689
489.641 2.072
489.713 2.07493
489.785 2.07798
489.857 2.08095
489.929 2.08393
490.001 2.08679
490.073 2.08944
490.145 2.09228
490.217 2.0951
490.289 2.09769
490.361 2.10008
490.433 2.10163
490.505 2.1022
490.577 2.10352
490.649 2.10534
490.721 2.10711
490.793 2.10961
490.865 2.11289
490.937 2.11502
491.009 2.11619
491.081 2.11745
491.153 2.11895
491.225 2.12051
491.297 2.12225
491.369 2.12398
491.441 2.12549
491.513 2.12682
491.585 2.12818
491.657 2.12943
491.729 2.1304
491.801 2.13084
491.873 2.13162
491.945 2.13258
492.017 2.13353
492.089 2.13477
492.161 2.13644
492.233 2.13758
492.305 2.13832
492.377 2.13898
492.449 2.13969
492.521 2.14042
492.593 2.14107
492.665 2.14162
492.737 2.14216
492.809 2.14268
492.881 2.14321
492.953 2.14375
493.025 2.14415
493.097 2.14398
493.169 2.14314
493.241 2.14285
493.313 2.14306
493.385 2.14346
493.457 2.14443
493.529 2.14586
493.601 2.14629
493.673 2.14518
493.745 2.1428
493.817 2.14166
493.889 2.14177
493.961 2.14234
494.033 2.14379
494.105 2.14632
494.177 2.14758
494.249 2.14774
494.321 2.14773
494.393 2.14771
494.465 2.14767
494.537 2.14764
494.609 2.14758
494.681 2.14727
494.753 2.14667
494.825 2.14635
494.897 2.14627
494.969 2.14628
495.041 2.14654
495.113 2.14708
495.185 2.14719
495.257 2.1461
495.329 2.14391
495.401 2.14274
495.473 2.14247
495.545 2.14242
495.617 2.14322
495.689 2.14503
495.761 2.14578
495.833 2.14563
495.905 2.14531
495.977 2.1449
496.049 2.14436
496.121 2.14367
496.193 2.14287
496.265 2.14186
496.337 2.14065
496.409 2.13966
496.481 2.1388
496.553 2.13765
496.625 2.13624
496.697 2.1354
496.769 2.13474
496.841 2.13404
496.913 2.13365
496.985 2.13364
497.057 2.1332
497.129 2.13243
497.201 2.1316
497.273 2.13075
497.345 2.12986
497.417 2.1289
497.489 2.12772
497.561 2.12633
497.633 2.12512
497.705 2.12395
497.777 2.12268
497.849 2.12183
497.921 2.12135
497.993 2.1207
498.065 2.12007
498.137 2.11956
498.209 2.11882
498.281 2.11789
498.353 2.11699
498.425 2.11607
498.497 2.11517
498.569 2.11415
498.641 2.11316
498.713 2.1121
498.785 2.11107
498.857 2.10999
498.929 2.10896
499.001 2.10788
499.073 2.10669
499.145 2.10523
499.217 2.10366
499.289 2.10231
499.361 2.10126
499.433 2.10027
499.505 2.09919
499.577 2.098
499.649 2.09688
499.721 2.09579
499.793 2.09466
499.865 2.09381
499.937 2.09318
500.009 2.09233
500.081 2.09134
500.153 2.09034
500.225 2.08919
500.297 2.08818
500.369 2.08719
500.441 2.08604
500.513 2.08531
500.585 2.08466
500.657 2.08397
500.729 2.08326
500.801 2.08274
500.873 2.08151
500.945 2.08023
501.017 2.07924
501.089 2.07883
501.161 2.07854
501.233 2.07805
501.305 2.07662
501.377 2.07488
501.449 2.07337
501.521 2.07233
501.593 2.07139
501.665 2.07016
501.737 2.06853
501.809 2.06717
501.881 2.06556
501.953 2.06323
502.025 2.06099
502.097 2.05986
502.169 2.06019
502.241 2.06184
502.313 2.0632
502.385 2.06306
502.457 2.06032
502.529 2.05783
502.601 2.05386
502.673 2.05196
502.745 2.05188
502.817 2.05166
502.889 2.04705
502.961 2.04164
503.033 2.03762
503.105 2.03714
503.177 2.04112
503.249 2.04427
503.321 2.04421
503.393 2.03995
503.465 2.0297
503.537 2.01411
503.609 2.00293
503.681 2.00224
503.753 2.00019
503.825 2.00146
503.897 2.00105
503.969 2.0021
504.041 2.00721
504.113 2.01613
504.185 2.01223
504.257 2.00732
504.329 2.00076
504.401 1.99468
504.473 1.99609
504.545 2.00429
504.617 2.01392
504.689 2.02322
504.761 2.02622
504.833 2.02257
504.905 2.01953
504.977 2.01766
505.049 2.01713
505.121 2.01832
505.193 2.01884
505.265 2.01641
505.337 2.0143
505.409 2.01167
505.481 2.01039
505.553 2.01127
505.625 2.00756
505.697 2.00235
505.769 1.99371
505.841 1.98595
505.913 1.98377
505.985 1.98534
506.057 1.98798
506.129 1.99296
506.201 1.99608
506.273 1.99844
506.345 2.00261
506.417 2.00395
506.489 2.00575
506.561 2.00111
506.633 1.99325
506.705 1.98073
506.777 1.97419
506.849 1.97261
506.921 1.97732
506.993 1.98073
507.065 1.98475
507.137 1.98515
507.209 1.98863
507.281 1.98468
507.353 1.97975
507.425 1.976
507.497 1.978
507.569 1.98177
507.641 1.98063
507.713 1.97224
507.785 1.96704
507.857 1.96691
507.929 1.96519
508.001 1.96468
508.073 1.96272
508.145 1.96554
508.217 1.97247
508.289 1.97892
508.361 1.97622
508.433 1.9712
508.505 1.96822
508.577 1.9672
508.649 1.96421
508.721 1.96243
508.793 1.96127
508.865 1.96278
508.937 1.96737
509.009 1.97164
509.081 1.97106
509.153 1.96946
509.225 1.96472
509.297 1.96085
509.369 1.95714
509.441 1.95473
509.513 1.95495
509.585 1.95573
509.657 1.95529
509.729 1.95665
509.801 1.95816
509.873 1.95848
509.945 1.95958
510.017 1.95867
510.089 1.95722
510.161 1.95508
510.233 1.95197
510.305 1.94972
510.377 1.9491
510.449 1.94998
510.521 1.95154
510.593 1.95276
510.665 1.95222
510.737 1.9513
510.809 1.95011
510.881 1.94915
510.953 1.94832
511.025 1.94717
511.097 1.9447
511.169 1.94225
511.241 1.9411
511.313 1.9417
511.385 1.94286
511.457 1.94331
511.529 1.94243
511.601 1.94134
511.673 1.93995
511.745 1.93885
511.817 1.93815
511.889 1.93738
511.961 1.93671
512.033 1.93561
512.105 1.9342
512.177 1.93316
512.249 1.9321
512.321 1.93109
512.393 1.93017
512.465 1.92921
512.537 1.92831
512.609 1.92737
512.681 1.92589
512.753 1.92459
512.825 1.92348
512.897 1.92248
512.969 1.92139
513.041 1.92015
513.113 1.91885
513.185 1.91768
513.257 1.91649
513.329 1.91528
513.401 1.91404
513.473 1.91284
513.545 1.9117
513.617 1.91061
513.689 1.90934
513.761 1.90804
513.833 1.90675
513.905 1.9055
513.977 1.90429
514.049 1.90305
514.121 1.90175
514.193 1.90046
514.265 1.89921
514.337 1.89798
514.409 1.89678
514.481 1.89554
514.553 1.89429
514.625 1.893
514.697 1.89169
514.769 1.89035
514.841 1.88903
514.913 1.88772
514.985 1.88643
515.057 1.88516
515.129 1.8839
515.201 1.88368
515.273 1.89112
