367.673 4.57695
367.745 4.54976
367.817 4.55743
367.889 4.57
367.961 4.58094
368.033 4.59055
368.105 4.59942
368.177 4.60822
368.249 4.61697
368.321 4.62567
368.393 4.63428
368.465 4.64287
368.537 4.6515
368.609 4.66014
368.681 4.66868
368.753 4.67706
368.825 4.68539
368.897 4.69381
368.969 4.70232
369.041 4.71087
369.113 4.71939
369.185 4.72793
369.257 4.73659
369.329 4.74531
369.401 4.75398
369.473 4.76256
369.545 4.77118
369.617 4.77967
369.689 4.78607
369.761 4.7883
369.833 4.78898
369.905 4.78985
369.977 4.79104
370.049 4.79404
370.121 4.8002
370.193 4.80985
370.265 4.82076
370.337 4.83075
370.409 4.84015
370.481 4.85081
370.553 4.86046
370.625 4.86834
370.697 4.87753
370.769 4.88776
370.841 4.8961
370.913 4.90302
370.985 4.91004
371.057 4.91727
371.129 4.92518
371.201 4.93557
371.273 4.94671
371.345 4.95659
371.417 4.96408
371.489 4.97165
371.561 4.97856
371.633 4.9845
371.705 4.99251
371.777 5.00256
371.849 5.01075
371.921 5.01759
371.993 5.02568
372.065 5.03319
372.137 5.03873
372.209 5.04337
372.281 5.05019
372.353 5.05752
372.425 5.06454
372.497 5.07261
372.569 5.0821
372.641 5.09008
372.713 5.09574
372.785 5.10002
372.857 5.10552
372.929 5.11187
373.001 5.11733
373.073 5.12163
373.145 5.1269
373.217 5.13073
373.289 5.12964
373.361 5.12646
373.433 5.12612
373.505 5.13041
373.577 5.1358
373.649 5.14264
373.721 5.15051
373.793 5.15334
373.865 5.14639
373.937 5.1416
374.009 5.1472
374.081 5.15567
374.153 5.16926
374.225 5.18957
374.297 5.20245
374.369 5.20574
374.441 5.21442
374.513 5.22315
374.585 5.22501
374.657 5.23158
374.729 5.24536
374.801 5.25546
374.873 5.26407
374.945 5.27623
375.017 5.28772
375.089 5.29585
375.161 5.30269
375.233 5.31019
375.305 5.31851
375.377 5.32345
375.449 5.32401
375.521 5.32728
375.593 5.33329
375.665 5.34065
375.737 5.35084
375.809 5.36087
375.881 5.36475
375.953 5.36766
376.025 5.37335
376.097 5.38119
376.169 5.39115
376.241 5.40276
376.313 5.41036
376.385 5.41214
376.457 5.41379
376.529 5.41687
376.601 5.42172
376.673 5.42955
376.745 5.44034
376.817 5.44997
376.889 5.45741
376.961 5.46238
377.033 5.46714
377.105 5.47278
377.177 5.47797
377.249 5.48252
377.321 5.48737
377.393 5.48866
377.465 5.48399
377.537 5.48578
377.609 5.49489
377.681 5.50358
377.753 5.51241
377.825 5.52985
377.897 5.54432
377.969 5.55191
378.041 5.55762
378.113 5.56491
378.185 5.57191
378.257 5.57827
378.329 5.58495
378.401 5.58992
378.473 5.59063
378.545 5.59263
378.617 5.59732
378.689 5.60349
378.761 5.61422
378.833 5.63015
378.905 5.64012
378.977 5.64316
379.049 5.64502
379.121 5.64452
379.193 5.64197
379.265 5.64289
379.337 5.64717
379.409 5.6487
379.481 5.65085
379.553 5.6574
379.625 5.66209
379.697 5.6663
379.769 5.67549
379.841 5.68783
379.913 5.69884
379.985 5.71008
380.057 5.71967
380.129 5.72798
380.201 5.73778
380.273 5.74852
380.345 5.75934
380.417 5.77138
380.489 5.78319
380.561 5.79284
380.633 5.80127
380.705 5.80949
380.777 5.81752
380.849 5.82458
380.921 5.83057
380.993 5.83726
381.065 5.84434
381.137 5.85012
381.209 5.85325
381.281 5.85458
381.353 5.85299
381.425 5.84884
381.497 5.84641
381.569 5.84466
381.641 5.84594
381.713 5.85492
381.785 5.86698
381.857 5.87645
381.929 5.88626
382.001 5.89286
382.073 5.89425
382.145 5.89599
382.217 5.89848
382.289 5.90208
382.361 5.90914
382.433 5.91754
382.505 5.92209
382.577 5.92494
382.649 5.92835
382.721 5.92999
382.793 5.92721
382.865 5.92553
382.937 5.92187
383.009 5.90912
383.081 5.89249
383.153 5.87817
383.225 5.8655
383.297 5.86507
383.369 5.8766
383.441 5.88982
383.513 5.91091
383.585 5.93778
383.657 5.95141
383.729 5.95185
383.801 5.96057
383.873 5.97211
383.945 5.98464
384.017 6.00435
384.089 6.03017
384.161 6.04925
384.233 6.06507
384.305 6.07929
384.377 6.0925
384.449 6.10262
384.521 6.1063
384.593 6.11172
384.665 6.11695
384.737 6.12082
384.809 6.13459
384.881 6.15813
384.953 6.16929
385.025 6.17375
385.097 6.18653
385.169 6.2016
385.241 6.21572
385.313 6.23298
385.385 6.24994
385.457 6.25696
385.529 6.25967
385.601 6.26535
385.673 6.27347
385.745 6.28408
385.817 6.29758
385.889 6.31041
385.961 6.31931
386.033 6.32616
386.105 6.33252
386.177 6.33848
386.249 6.34403
386.321 6.34777
386.393 6.34891
386.465 6.35097
386.537 6.35481
386.609 6.35915
386.681 6.36496
386.753 6.37265
386.825 6.37874
386.897 6.38252
386.969 6.38512
387.041 6.38699
387.113 6.3886
387.185 6.38972
387.257 6.39008
387.329 6.39017
387.401 6.39005
387.473 6.3882
387.545 6.3842
387.617 6.38108
387.689 6.37822
387.761 6.37477
387.833 6.37237
387.905 6.37074
387.977 6.36623
388.049 6.35976
388.121 6.35198
388.193 6.34178
388.265 6.33013
388.337 6.31962
388.409 6.30984
388.481 6.301
388.553 6.29389
388.625 6.28862
388.697 6.28269
388.769 6.27174
388.841 6.25726
388.913 6.25405
388.985 6.26091
389.057 6.27474
389.129 6.29842
389.201 6.33121
389.273 6.35927
389.345 6.38264
389.417 6.4036
389.489 6.4233
389.561 6.44274
389.633 6.46213
389.705 6.4818
389.777 6.50137
389.849 6.52015
389.921 6.53817
389.993 6.55554
390.065 6.57161
390.137 6.5867
390.209 6.60119
390.281 6.61401
390.353 6.61968
390.425 6.61566
390.497 6.6137
390.569 6.61268
390.641 6.60543
390.713 6.60122
390.785 6.61104
390.857 6.62135
390.929 6.62943
391.001 6.64441
391.073 6.66298
391.145 6.67571
391.217 6.68577
391.289 6.69829
391.361 6.70609
391.433 6.71365
391.505 6.72606
391.577 6.7363
391.649 6.74527
391.721 6.75965
391.793 6.7701
391.865 6.77707
391.937 6.78748
392.009 6.79507
392.081 6.80157
392.153 6.8123
392.225 6.81948
392.297 6.8234
392.369 6.8295
392.441 6.83558
392.513 6.83769
392.585 6.84197
392.657 6.84856
392.729 6.85365
392.801 6.85707
392.873 6.86452
392.945 6.87269
393.017 6.87778
393.089 6.88133
393.161 6.88659
393.233 6.88993
393.305 6.89396
393.377 6.90019
393.449 6.90832
393.521 6.91501
393.593 6.92088
393.665 6.92308
393.737 6.92198
393.809 6.92028
393.881 6.91625
393.953 6.90884
394.025 6.90156
394.097 6.89145
394.169 6.87428
394.241 6.85309
394.313 6.83968
394.385 6.83416
394.457 6.82976
394.529 6.82955
394.601 6.83994
394.673 6.84579
394.745 6.83697
394.817 6.82716
394.889 6.8252
394.961 6.82062
395.033 6.80824
395.105 6.79127
395.177 6.78067
395.249 6.77139
395.321 6.75865
395.393 6.75032
395.465 6.75149
395.537 6.74295
395.609 6.72486
395.681 6.7108
395.753 6.70125
395.825 6.69278
395.897 6.6861
395.969 6.67388
396.041 6.65268
396.113 6.62942
396.185 6.60905
396.257 6.59112
396.329 6.57589
396.401 6.5626
396.473 6.54818
396.545 6.5317
396.617 6.51518
396.689 6.49978
396.761 6.48455
396.833 6.47124
396.905 6.46204
396.977 6.45982
397.049 6.46545
397.121 6.47703
397.193 6.49291
397.265 6.5094
397.337 6.52412
397.409 6.54231
397.481 6.56563
397.553 6.5908
397.625 6.61721
397.697 6.64071
397.769 6.66014
397.841 6.68348
397.913 6.70646
397.985 6.72645
398.057 6.7502
398.129 6.7783
398.201 6.80274
398.273 6.82388
398.345 6.84375
398.417 6.8647
398.489 6.88802
398.561 6.90982
398.633 6.93069
398.705 6.95207
398.777 6.96904
398.849 6.97855
398.921 6.98948
398.993 7.00435
399.065 7.02268
399.137 7.04462
399.209 7.06577
399.281 7.07691
399.353 7.08269
399.425 7.0916
399.497 7.10371
399.569 7.11691
399.641 7.13391
399.713 7.15238
399.785 7.16425
399.857 7.16759
399.929 7.16882
400.001 7.17492
400.073 7.18349
400.145 7.19408
400.217 7.20982
400.289 7.2276
400.361 7.23996
400.433 7.24851
400.505 7.2561
400.577 7.26222
400.649 7.26252
400.721 7.25492
400.793 7.24792
400.865 7.23898
400.937 7.22462
401.009 7.21874
401.081 7.22639
401.153 7.23556
401.225 7.24679
401.297 7.26361
401.369 7.27315
401.441 7.28083
401.513 7.28793
401.585 7.29389
401.657 7.29994
401.729 7.30976
401.801 7.31717
401.873 7.32164
401.945 7.3258
402.017 7.33027
402.089 7.33413
402.161 7.33803
402.233 7.34475
402.305 7.3507
402.377 7.35553
402.449 7.36099
402.521 7.3655
402.593 7.36739
402.665 7.37106
402.737 7.37597
402.809 7.37819
402.881 7.37889
402.953 7.38198
403.025 7.38651
403.097 7.39064
403.169 7.39668
403.241 7.40199
403.313 7.40691
403.385 7.411
403.457 7.41482
403.529 7.41865
403.601 7.42299
403.673 7.42579
403.745 7.42727
403.817 7.4284
403.889 7.42939
403.961 7.43026
404.033 7.43091
404.105 7.43125
404.177 7.4305
404.249 7.42588
404.321 7.41616
404.393 7.40606
404.465 7.39678
404.537 7.39025
404.609 7.38766
404.681 7.38289
404.753 7.3753
404.825 7.37612
404.897 7.37924
404.969 7.37107
405.041 7.35508
405.113 7.35216
405.185 7.35319
405.257 7.35233
405.329 7.35797
405.401 7.37164
405.473 7.37642
405.545 7.37418
405.617 7.37152
405.689 7.37083
405.761 7.3709
405.833 7.36338
405.905 7.35133
405.977 7.34258
406.049 7.33507
406.121 7.32931
406.193 7.32741
406.265 7.32265
406.337 7.31362
406.409 7.30334
406.481 7.29008
406.553 7.27638
406.625 7.271
406.697 7.26534
406.769 7.2549
406.841 7.25088
406.913 7.25454
406.985 7.25267
407.057 7.24821
407.129 7.24918
407.201 7.2503
407.273 7.24508
407.345 7.23471
407.417 7.22211
407.489 7.20536
407.561 7.18371
407.633 7.1652
407.705 7.1486
407.777 7.13059
407.849 7.11192
407.921 7.0893
407.993 7.05885
408.065 7.02447
408.137 6.9966
408.209 6.97621
408.281 6.96367
408.353 6.95695
408.425 6.95101
408.497 6.93522
408.569 6.9066
408.641 6.87346
408.713 6.8445
408.785 6.81966
408.857 6.79579
408.929 6.77501
409.001 6.7549
409.073 6.72513
409.145 6.68909
409.217 6.65374
409.289 6.61791
409.361 6.58022
409.433 6.54584
409.505 6.5157
409.577 6.48347
409.649 6.44825
409.721 6.41417
409.793 6.38147
409.865 6.34726
409.937 6.31658
410.009 6.29522
410.081 6.28626
410.153 6.28985
410.225 6.30613
410.297 6.33046
410.369 6.35891
410.441 6.39207
410.513 6.42641
410.585 6.45611
410.657 6.48189
410.729 6.51419
410.801 6.54836
410.873 6.57865
410.945 6.61297
411.017 6.65847
411.089 6.70312
411.161 6.74178
411.233 6.78046
411.305 6.81716
411.377 6.84497
411.449 6.86737
411.521 6.89293
411.593 6.92122
411.665 6.95085
411.737 6.98355
411.809 7.01719
411.881 7.04537
411.953 7.06651
412.025 7.08217
412.097 7.09912
412.169 7.11566
412.241 7.13154
412.313 7.15296
412.385 7.1792
412.457 7.20028
412.529 7.21672
412.601 7.23347
412.673 7.24612
412.745 7.25455
412.817 7.26972
412.889 7.2914
412.961 7.30922
413.033 7.32341
413.105 7.34231
413.177 7.35799
413.249 7.3688
413.321 7.38109
413.393 7.39475
413.465 7.40564
413.537 7.41377
413.609 7.41872
413.681 7.42477
413.753 7.43236
413.825 7.43661
413.897 7.44564
413.969 7.46153
414.041 7.47731
414.113 7.49277
414.185 7.5108
414.257 7.52454
414.329 7.53487
414.401 7.54286
414.473 7.54638
414.545 7.54582
414.617 7.54882
414.689 7.5547
414.761 7.5611
414.833 7.57072
414.905 7.58409
414.977 7.59357
415.049 7.59956
415.121 7.60491
415.193 7.61011
415.265 7.61517
415.337 7.61968
415.409 7.62126
415.481 7.61604
415.553 7.60466
415.625 7.5936
415.697 7.58778
415.769 7.58116
415.841 7.57989
415.913 7.59244
415.985 7.60427
416.057 7.60293
416.129 7.60746
416.201 7.62049
416.273 7.62085
416.345 7.6073
416.417 7.59966
416.489 7.5959
416.561 7.58941
416.633 7.5907
416.705 7.60616
416.777 7.61573
416.849 7.6158
416.921 7.61676
416.993 7.62142
417.065 7.62844
417.137 7.63931
417.209 7.64794
417.281 7.65202
417.353 7.65614
417.425 7.65677
417.497 7.65998
417.569 7.67367
417.641 7.68643
417.713 7.68468
417.785 7.6789
417.857 7.68188
417.929 7.68747
418.001 7.69503
418.073 7.70956
418.145 7.72653
418.217 7.73293
418.289 7.73238
418.361 7.72928
418.433 7.72454
418.505 7.71796
418.577 7.71396
418.649 7.71191
418.721 7.71346
418.793 7.71724
418.865 7.72366
418.937 7.72766
419.009 7.73275
419.081 7.73787
419.153 7.74305
419.225 7.75017
419.297 7.75976
419.369 7.76139
419.441 7.7554
419.513 7.75262
419.585 7.75301
419.657 7.75428
419.729 7.75881
419.801 7.76711
419.873 7.7715
419.945 7.77191
420.017 7.76773
420.089 7.75877
420.161 7.75442
420.233 7.75341
420.305 7.75264
420.377 7.7562
420.449 7.76444
420.521 7.7685
420.593 7.76741
420.665 7.76365
420.737 7.75811
420.809 7.74982
420.881 7.74609
420.953 7.74831
421.025 7.75441
421.097 7.76243
421.169 7.77306
421.241 7.77814
421.313 7.77875
421.385 7.77874
421.457 7.7782
421.529 7.77396
421.601 7.76562
421.673 7.76186
421.745 7.7621
421.817 7.76327
421.889 7.76796
421.961 7.77691
422.033 7.78165
422.105 7.78264
422.177 7.78304
422.249 7.78333
422.321 7.78376
422.393 7.78369
422.465 7.77892
422.537 7.7687
422.609 7.76332
422.681 7.76237
422.753 7.76253
422.825 7.76679
422.897 7.7758
422.969 7.7797
423.041 7.77916
423.113 7.77796
423.185 7.77666
423.257 7.77533
423.329 7.77419
423.401 7.77264
423.473 7.76698
423.545 7.75657
423.617 7.75063
423.689 7.74885
423.761 7.74833
423.833 7.7516
423.905 7.75907
423.977 7.76199
424.049 7.76111
424.121 7.7597
424.193 7.75799
424.265 7.75594
424.337 7.75387
424.409 7.75179
424.481 7.74929
424.553 7.74354
424.625 7.73181
424.697 7.7184
424.769 7.70621
424.841 7.69673
424.913 7.69355
424.985 7.69465
425.057 7.69635
425.129 7.70016
425.201 7.70218
425.273 7.70068
425.345 7.6993
425.417 7.70093
425.489 7.70282
425.561 7.70477
425.633 7.70616
425.705 7.70895
425.777 7.71096
425.849 7.71008
425.921 7.70759
425.993 7.70458
426.065 7.70154
426.137 7.69884
426.209 7.69633
426.281 7.69351
426.353 7.69019
426.425 7.68683
426.497 7.68384
426.569 7.68116
426.641 7.67825
426.713 7.67497
426.785 7.67164
426.857 7.66836
426.929 7.665
427.001 7.66146
427.073 7.65762
427.145 7.65253
427.217 7.64579
427.289 7.6404
427.361 7.63609
427.433 7.632
427.505 7.62995
427.577 7.62998
427.649 7.62782
427.721 7.62336
427.793 7.61824
427.865 7.61131
427.937 7.60231
428.009 7.59505
428.081 7.5891
428.153 7.58354
428.225 7.58006
428.297 7.57705
428.369 7.5687
428.441 7.55739
428.513 7.5447
428.585 7.53487
428.657 7.52914
428.729 7.5275
428.801 7.52626
428.873 7.52539
428.945 7.52195
429.017 7.51574
429.089 7.50599
429.161 7.49685
429.233 7.48873
429.305 7.48091
429.377 7.47544
429.449 7.47246
429.521 7.46666
429.593 7.45784
429.665 7.44632
429.737 7.4307
429.809 7.41531
429.881 7.4039
429.953 7.39425
430.025 7.38698
430.097 7.38487
430.169 7.38269
430.241 7.37169
430.313 7.35338
430.385 7.33789
430.457 7.32593
430.529 7.31466
430.601 7.30475
430.673 7.2963
430.745 7.28343
430.817 7.26774
430.889 7.2524
430.961 7.23505
431.033 7.21238
431.105 7.18683
431.177 7.16294
431.249 7.14227
431.321 7.11998
431.393 7.09283
431.465 7.06661
431.537 7.04148
431.609 7.01655
431.681 6.99111
431.753 6.96862
431.825 6.94809
431.897 6.92903
431.969 6.91139
432.041 6.89674
432.113 6.87815
432.185 6.85173
432.257 6.82343
432.329 6.79715
432.401 6.7752
432.473 6.7555
432.545 6.73074
432.617 6.70008
432.689 6.66734
432.761 6.63588
432.833 6.6059
432.905 6.57462
432.977 6.53908
433.049 6.50189
433.121 6.46644
433.193 6.43405
433.265 6.40108
433.337 6.36379
433.409 6.32338
433.481 6.28255
433.553 6.24417
433.625 6.20763
433.697 6.16984
433.769 6.1303
433.841 6.09119
433.913 6.0574
433.985 6.03518
434.057 6.02962
434.129 6.04668
434.201 6.07906
434.273 6.11532
434.345 6.1536
434.417 6.1965
434.489 6.23809
434.561 6.2779
434.633 6.31678
434.705 6.35281
434.777 6.38492
434.849 6.41644
434.921 6.45059
434.993 6.48631
435.065 6.52142
435.137 6.55377
435.209 6.58387
435.281 6.61435
435.353 6.64592
435.425 6.67664
435.497 6.70466
435.569 6.72917
435.641 6.75273
435.713 6.77789
435.785 6.80393
435.857 6.8293
435.929 6.85245
436.001 6.87369
436.073 6.89489
436.145 6.91665
436.217 6.93769
436.289 6.95677
436.361 6.9734
436.433 6.98936
436.505 7.00639
436.577 7.02406
436.649 7.04078
436.721 7.05179
436.793 7.05611
436.865 7.06518
436.937 7.07962
437.009 7.09574
437.081 7.11587
437.153 7.13982
437.225 7.15712
437.297 7.1695
437.369 7.18189
437.441 7.19458
437.513 7.20695
437.585 7.21833
437.657 7.22893
437.729 7.2396
437.801 7.25061
437.873 7.26136
437.945 7.27122
438.017 7.27989
438.089 7.28815
438.161 7.29651
438.233 7.30317
438.305 7.30728
438.377 7.31178
438.449 7.31599
438.521 7.32174
438.593 7.3307
438.665 7.34203
438.737 7.35185
438.809 7.36034
438.881 7.36633
438.953 7.3706
439.025 7.37367
439.097 7.37538
439.169 7.37827
439.241 7.38204
439.313 7.38571
439.385 7.39061
439.457 7.39721
439.529 7.40266
439.601 7.40688
439.673 7.41066
439.745 7.4141
439.817 7.41752
439.889 7.42111
439.961 7.42362
440.033 7.42408
440.105 7.42223
440.177 7.41519
440.249 7.40909
440.321 7.40947
440.393 7.41192
440.465 7.41303
440.537 7.4112
440.609 7.40503
440.681 7.39684
440.753 7.39186
440.825 7.38739
440.897 7.39073
440.969 7.40543
441.041 7.41641
441.113 7.41417
441.185 7.41414
441.257 7.41852
441.329 7.42218
441.401 7.43012
441.473 7.44263
441.545 7.44672
441.617 7.44475
441.689 7.44501
441.761 7.44701
441.833 7.4551
441.905 7.4714
441.977 7.48412
442.049 7.48205
442.121 7.47871
442.193 7.47692
442.265 7.47441
442.337 7.47928
442.409 7.49023
442.481 7.49192
442.553 7.48138
442.625 7.47137
442.697 7.46702
442.769 7.46962
442.841 7.47974
442.913 7.49176
442.985 7.49707
443.057 7.49866
443.129 7.503
443.201 7.50869
443.273 7.51202
443.345 7.5148
443.417 7.51584
443.489 7.51497
443.561 7.51314
443.633 7.51541
443.705 7.51779
443.777 7.51908
443.849 7.52259
443.921 7.52697
443.993 7.53004
444.065 7.53132
444.137 7.53234
444.209 7.52977
444.281 7.5271
444.353 7.5246
444.425 7.52428
444.497 7.52314
444.569 7.51942
444.641 7.51312
444.713 7.5065
444.785 7.50301
444.857 7.50551
444.929 7.51374
445.001 7.52593
445.073 7.53532
445.145 7.53948
445.217 7.53816
445.289 7.53794
445.361 7.53687
445.433 7.53813
445.505 7.53739
445.577 7.5371
445.649 7.53542
445.721 7.53188
445.793 7.52462
445.865 7.5218
445.937 7.52431
446.009 7.52987
446.081 7.53762
446.153 7.54174
446.225 7.53735
446.297 7.53182
446.369 7.52705
446.441 7.52506
446.513 7.52888
446.585 7.53805
446.657 7.54226
446.729 7.53925
446.801 7.53576
446.873 7.534
446.945 7.53273
447.017 7.53272
447.089 7.53568
447.161 7.53691
447.233 7.53771
447.305 7.538
447.377 7.53559
447.449 7.5288
447.521 7.52559
447.593 7.52497
447.665 7.52439
447.737 7.52678
447.809 7.53255
447.881 7.53564
447.953 7.53694
448.025 7.53813
448.097 7.53811
448.169 7.53761
448.241 7.53691
448.313 7.53558
448.385 7.53198
448.457 7.52631
448.529 7.52338
448.601 7.52279
448.673 7.52264
448.745 7.52395
448.817 7.5269
448.889 7.52769
448.961 7.52696
449.033 7.52622
449.105 7.52529
449.177 7.5237
449.249 7.52186
449.321 7.51996
449.393 7.51851
449.465 7.51752
449.537 7.51673
449.609 7.51543
449.681 7.51374
449.753 7.51182
449.825 7.50991
449.897 7.50815
449.969 7.50659
450.041 7.50512
450.113 7.5036
450.185 7.50191
450.257 7.49995
450.329 7.49779
450.401 7.49566
450.473 7.49377
450.545 7.49224
450.617 7.49068
450.689 7.48709
450.761 7.48104
450.833 7.47702
450.905 7.47492
450.977 7.47353
451.049 7.47437
451.121 7.4776
451.193 7.47852
451.265 7.47723
451.337 7.47548
451.409 7.47372
451.481 7.47219
451.553 7.47106
451.625 7.47019
451.697 7.46925
451.769 7.46807
451.841 7.4667
451.913 7.46535
451.985 7.46426
452.057 7.46355
452.129 7.46306
452.201 7.46263
452.273 7.46206
452.345 7.4612
452.417 7.46015
452.489 7.45905
452.561 7.45802
452.633 7.45704
452.705 7.45583
452.777 7.45352
452.849 7.44994
452.921 7.44687
452.993 7.44175
453.065 7.43346
453.137 7.42956
453.209 7.42975
453.281 7.42992
453.353 7.43196
453.425 7.43523
453.497 7.43074
453.569 7.42118
453.641 7.41199
453.713 7.40465
453.785 7.40144
453.857 7.40012
453.929 7.39857
454.001 7.39917
454.073 7.39892
454.145 7.39406
454.217 7.39352
454.289 7.39559
454.361 7.39437
454.433 7.39347
454.505 7.3977
454.577 7.40111
454.649 7.40414
454.721 7.40769
454.793 7.4107
454.865 7.41118
454.937 7.41012
455.009 7.4087
455.081 7.40695
455.153 7.40426
455.225 7.39607
455.297 7.37922
455.369 7.3649
455.441 7.3593
455.513 7.35813
455.585 7.36265
455.657 7.37575
455.729 7.38659
455.801 7.38891
455.873 7.38759
455.945 7.3859
456.017 7.384
456.089 7.38168
456.161 7.37888
456.233 7.37559
456.305 7.37185
456.377 7.36653
456.449 7.35967
456.521 7.35495
456.593 7.35199
456.665 7.34921
456.737 7.34622
456.809 7.3429
456.881 7.3394
456.953 7.33596
457.025 7.333
457.097 7.33191
457.169 7.33273
457.241 7.33176
457.313 7.32901
457.385 7.32571
457.457 7.3222
457.529 7.31846
457.601 7.31293
457.673 7.30543
457.745 7.30053
457.817 7.29761
457.889 7.29342
457.961 7.28732
458.033 7.28199
458.105 7.27633
458.177 7.26834
458.249 7.25636
458.321 7.24911
458.393 7.25006
458.465 7.25009
458.537 7.24652
458.609 7.24706
458.681 7.24856
458.753 7.24738
458.825 7.247
458.897 7.24851
458.969 7.2483
459.041 7.24911
459.113 7.24831
459.185 7.24587
459.257 7.24573
459.329 7.24876
459.401 7.24885
459.473 7.24634
459.545 7.24361
459.617 7.24093
459.689 7.23838
459.761 7.23573
459.833 7.2328
459.905 7.22952
459.977 7.22627
460.049 7.22333
460.121 7.22084
460.193 7.21863
460.265 7.21647
460.337 7.21412
460.409 7.2114
460.481 7.20844
460.553 7.20545
460.625 7.20269
460.697 7.20029
460.769 7.19811
460.841 7.19595
460.913 7.19381
460.985 7.19148
461.057 7.18882
461.129 7.18594
461.201 7.18306
461.273 7.18037
461.345 7.17794
461.417 7.17566
461.489 7.17339
461.561 7.17114
461.633 7.16875
461.705 7.16603
461.777 7.16306
461.849 7.16008
461.921 7.1573
461.993 7.15482
462.065 7.15251
462.137 7.15016
462.209 7.14778
462.281 7.14522
462.353 7.14233
462.425 7.13924
462.497 7.13619
462.569 7.13343
462.641 7.13106
462.713 7.12894
462.785 7.12689
462.857 7.12488
462.929 7.12272
463.001 7.12025
463.073 7.11755
463.145 7.11485
463.217 7.11235
463.289 7.11017
463.361 7.10815
463.433 7.10612
463.505 7.10412
463.577 7.10217
463.649 7.1001
463.721 7.09771
463.793 7.09504
463.865 7.0923
463.937 7.0898
464.009 7.08776
464.081 7.08609
464.153 7.08456
464.225 7.0831
464.297 7.08145
464.369 7.07943
464.441 7.07715
464.513 7.07482
464.585 7.07265
464.657 7.0708
464.729 7.06909
464.801 7.06733
464.873 7.0655
464.945 7.06359
465.017 7.06144
465.089 7.05892
465.161 7.05614
465.233 7.05332
465.305 7.05073
465.377 7.0485
465.449 7.04649
465.521 7.04456
465.593 7.04271
465.665 7.04077
465.737 7.03859
465.809 7.03593
465.881 7.03084
465.953 7.02294
466.025 7.01642
466.097 7.00896
466.169 7.00048
466.241 6.99624
466.313 6.99869
466.385 7.00151
466.457 7.00528
466.529 7.01015
466.601 7.01295
466.673 7.00996
466.745 7.00253
466.817 6.99599
466.889 6.98846
466.961 6.9806
467.033 6.97785
467.105 6.97567
467.177 6.9666
467.249 6.96107
467.321 6.96074
467.393 6.955
467.465 6.94452
467.537 6.93967
467.609 6.94032
467.681 6.94018
467.753 6.94262
467.825 6.95187
467.897 6.96203
467.969 6.96197
468.041 6.95055
468.113 6.9343
468.185 6.92605
468.257 6.9229
468.329 6.92184
468.401 6.92752
468.473 6.9376
468.545 6.9395
468.617 6.93508
468.689 6.93013
468.761 6.9257
468.833 6.92238
468.905 6.91989
468.977 6.9172
469.049 6.9134
469.121 6.90986
469.193 6.9063
469.265 6.90248
469.337 6.8991
469.409 6.89589
469.481 6.89071
469.553 6.88406
469.625 6.87662
469.697 6.87024
469.769 6.86729
469.841 6.86711
469.913 6.86693
469.985 6.8641
470.057 6.85999
470.129 6.85633
470.201 6.85372
470.273 6.85179
470.345 6.84976
470.417 6.84631
470.489 6.8429
470.561 6.83953
470.633 6.83576
470.705 6.83192
470.777 6.82851
470.849 6.82442
470.921 6.81991
470.993 6.8132
471.065 6.8038
471.137 6.79607
471.209 6.79052
471.281 6.78642
471.353 6.78519
471.425 6.78716
471.497 6.7863
471.569 6.78243
471.641 6.778
471.713 6.77413
471.785 6.77019
471.857 6.76444
471.929 6.75629
472.001 6.74903
472.073 6.74417
472.145 6.73998
472.217 6.73871
472.289 6.74039
472.361 6.74067
472.433 6.73851
472.505 6.73612
472.577 6.7328
472.649 6.7294
472.721 6.72455
472.793 6.71943
472.865 6.7149
472.937 6.71112
473.009 6.70838
473.081 6.70658
473.153 6.70422
473.225 6.70086
473.297 6.69743
473.369 6.69374
473.441 6.69075
473.513 6.68812
473.585 6.68476
473.657 6.68044
473.729 6.67617
473.801 6.67231
473.873 6.66873
473.945 6.66533
474.017 6.6614
474.089 6.65777
474.161 6.65441
474.233 6.65093
474.305 6.64678
474.377 6.64226
474.449 6.63715
474.521 6.63218
474.593 6.62773
474.665 6.62399
474.737 6.62036
474.809 6.61701
474.881 6.61361
474.953 6.61003
475.025 6.60634
475.097 6.60265
475.169 6.5988
475.241 6.59468
475.313 6.58982
475.385 6.58464
475.457 6.57954
475.529 6.57495
475.601 6.57093
475.673 6.56718
475.745 6.56315
475.817 6.55905
475.889 6.55488
475.961 6.55063
476.033 6.54626
476.105 6.54171
476.177 6.5368
476.249 6.5314
476.321 6.52577
476.393 6.52025
476.465 6.51505
476.537 6.51022
476.609 6.50553
476.681 6.50077
476.753 6.49593
476.825 6.49101
476.897 6.48602
476.969 6.48099
477.041 6.47593
477.113 6.47054
477.185 6.46461
477.257 6.45833
477.329 6.45211
477.401 6.4463
477.473 6.44107
477.545 6.43619
477.617 6.43138
477.689 6.42667
477.761 6.42203
477.833 6.41745
477.905 6.41288
477.977 6.40829
478.049 6.40339
478.121 6.3979
478.193 6.392
478.265 6.38607
478.337 6.38052
478.409 6.37552
478.481 6.37072
478.553 6.36575
478.625 6.36061
478.697 6.35534
478.769 6.35002
478.841 6.34464
478.913 6.33922
478.985 6.33373
479.057 6.32782
479.129 6.32115
479.201 6.31394
479.273 6.30664
479.345 6.29976
479.417 6.29346
479.489 6.28742
479.561 6.28131
479.633 6.27521
479.705 6.26916
479.777 6.26318
479.849 6.25724
479.921 6.25113
479.993 6.2447
480.065 6.23745
480.137 6.22903
480.209 6.21981
480.281 6.21047
480.353 6.20159
480.425 6.19342
480.497 6.18557
480.569 6.17751
480.641 6.16923
480.713 6.16076
480.785 6.15216
480.857 6.14346
480.929 6.13471
481.001 6.12574
481.073 6.11565
481.145 6.10219
481.217 6.0864
481.289 6.07257
481.361 6.06055
481.433 6.05024
481.505 6.04346
481.577 6.03836
481.649 6.03034
481.721 6.02004
481.793 6.00742
481.865 5.99247
481.937 5.97921
482.009 5.96446
482.081 5.94336
482.153 5.92331
482.225 5.91172
482.297 5.89993
482.369 5.88501
482.441 5.87356
482.513 5.86603
482.585 5.85502
482.657 5.84246
482.729 5.83052
482.801 5.81448
482.873 5.79407
482.945 5.77639
483.017 5.76153
483.089 5.74954
483.161 5.74266
483.233 5.73601
483.305 5.7235
483.377 5.70756
483.449 5.68984
483.521 5.66972
483.593 5.64774
483.665 5.62536
483.737 5.60389
483.809 5.58392
483.881 5.56442
483.953 5.5446
484.025 5.52466
484.097 5.50423
484.169 5.47984
484.241 5.45122
484.313 5.42596
484.385 5.40372
484.457 5.38209
484.529 5.36365
484.601 5.34637
484.673 5.32038
484.745 5.28524
484.817 5.24865
484.889 5.21656
484.961 5.18918
485.033 5.16472
485.105 5.14396
485.177 5.12292
485.249 5.09824
485.321 5.0714
485.393 5.0446
485.465 5.01769
485.537 4.98997
485.609 4.9612
485.681 4.93116
485.753 4.90116
485.825 4.87075
485.897 4.83752
485.969 4.80212
486.041 4.77264
486.113 4.75658
486.185 4.7653
486.257 4.79233
486.329 4.8244
486.401 4.85713
486.473 4.89188
486.545 4.92148
486.617 4.94697
486.689 4.97185
486.761 4.99649
486.833 5.02044
486.905 5.043
486.977 5.06506
487.049 5.0861
487.121 5.10749
487.193 5.13027
487.265 5.15573
487.337 5.18195
487.409 5.2078
487.481 5.23058
487.553 5.2511
487.625 5.26997
487.697 5.28886
487.769 5.30564
487.841 5.32184
487.913 5.33795
487.985 5.35493
488.057 5.37163
488.129 5.38777
488.201 5.39927
488.273 5.4072
488.345 5.41738
488.417 5.4301
488.489 5.44298
488.561 5.4602
488.633 5.48238
488.705 5.50129
488.777 5.51588
488.849 5.5285
488.921 5.53964
488.993 5.54909
489.065 5.55817
489.137 5.56644
489.209 5.57552
489.281 5.58453
489.353 5.59412
489.425 5.6026
489.497 5.61087
489.569 5.61865
489.641 5.6259
489.713 5.63273
489.785 5.63985
489.857 5.64676
489.929 5.65369
490.001 5.66035
490.073 5.66652
490.145 5.67314
490.217 5.67973
490.289 5.68577
490.361 5.69099
490.433 5.69192
490.505 5.68791
490.577 5.68837
490.649 5.6924
490.721 5.69699
490.793 5.70569
490.865 5.71881
490.937 5.72596
491.009 5.72774
491.081 5.73019
491.153 5.73384
491.225 5.73784
491.297 5.74291
491.369 5.74873
491.441 5.75325
491.513 5.75668
491.585 5.76005
491.657 5.76294
491.729 5.76398
491.801 5.76244
491.873 5.76298
491.945 5.7651
492.017 5.76753
492.089 5.77179
492.161 5.77839
492.233 5.78242
492.305 5.78437
492.377 5.78594
492.449 5.78764
492.521 5.78938
492.593 5.79095
492.665 5.79228
492.737 5.79358
492.809 5.79484
492.881 5.79614
492.953 5.79743
493.025 5.79816
493.097 5.79571
493.169 5.78964
493.241 5.78693
493.313 5.78724
493.385 5.78846
493.457 5.79276
493.529 5.7996
493.601 5.80078
493.673 5.79343
493.745 5.77921
493.817 5.77224
493.889 5.77238
493.961 5.77525
494.033 5.78322
494.105 5.79737
494.177 5.80428
494.249 5.80491
494.321 5.80464
494.393 5.80431
494.465 5.80397
494.537 5.80369
494.609 5.80333
494.681 5.80168
494.753 5.79853
494.825 5.79705
494.897 5.79702
494.969 5.79743
495.041 5.79927
495.113 5.80268
495.185 5.80372
495.257 5.79812
495.329 5.7864
495.401 5.78052
495.473 5.77973
495.545 5.78025
495.617 5.78572
495.689 5.79692
495.761 5.80214
495.833 5.80215
495.905 5.80132
495.977 5.80026
496.049 5.79888
496.121 5.79719
496.193 5.79515
496.265 5.79204
496.337 5.78783
496.409 5.78477
496.481 5.78245
496.553 5.77847
496.625 5.77319
496.697 5.77125
496.769 5.77024
496.841 5.76891
496.913 5.76938
496.985 5.77204
497.057 5.7724
497.129 5.77084
497.201 5.769
497.273 5.76709
497.345 5.76508
497.417 5.76284
497.489 5.75953
497.561 5.75511
497.633 5.75173
497.705 5.74841
497.777 5.74432
497.849 5.74258
497.921 5.74301
497.993 5.7426
498.065 5.74229
498.137 5.74295
498.209 5.74234
498.281 5.74061
498.353 5.73886
498.425 5.73705
498.497 5.73528
498.569 5.73316
498.641 5.731
498.713 5.7286
498.785 5.72617
498.857 5.72357
498.929 5.72104
499.001 5.71841
499.073 5.71544
499.145 5.71127
499.217 5.7062
499.289 5.7023
499.361 5.69965
499.433 5.6972
499.505 5.69449
499.577 5.69152
499.649 5.68886
499.721 5.68642
499.793 5.68408
499.865 5.68309
499.937 5.68335
500.009 5.68235
500.081 5.68039
500.153 5.67832
500.225 5.67588
500.297 5.6737
500.369 5.67108
500.441 5.66754
500.513 5.66551
500.585 5.66413
500.657 5.66278
500.729 5.66182
500.801 5.66185
500.873 5.65967
500.945 5.65689
501.017 5.65469
501.089 5.65384
501.161 5.65327
501.233 5.65225
501.305 5.64902
501.377 5.64511
501.449 5.64171
501.521 5.63939
501.593 5.63727
501.665 5.63444
501.737 5.63062
501.809 5.62739
501.881 5.62358
501.953 5.6181
502.025 5.61275
502.097 5.60997
502.169 5.61059
502.241 5.61426
502.313 5.61723
502.385 5.61676
502.457 5.61029
502.529 5.60444
502.601 5.59514
502.673 5.59066
502.745 5.59045
502.817 5.59001
502.889 5.57935
502.961 5.5667
503.033 5.55727
503.105 5.55615
503.177 5.56534
503.249 5.57251
503.321 5.57232
503.393 5.56259
503.465 5.53906
503.537 5.50293
503.609 5.47693
503.681 5.47567
503.753 5.47129
503.825 5.47429
503.897 5.47306
503.969 5.47557
504.041 5.48763
504.113 5.50852
504.185 5.49944
504.257 5.48819
504.329 5.47309
504.401 5.45901
504.473 5.46228
504.545 5.48129
504.617 5.50357
504.689 5.52498
504.761 5.53162
504.833 5.52282
504.905 5.51551
504.977 5.51098
505.049 5.50958
505.121 5.5121
505.193 5.5131
505.265 5.50726
505.337 5.50216
505.409 5.49577
505.481 5.49262
505.553 5.49468
505.625 5.48604
505.697 5.47396
505.769 5.45394
505.841 5.43598
505.913 5.43101
505.985 5.43476
506.057 5.4409
506.129 5.45245
506.201 5.45959
506.273 5.46499
506.345 5.47465
506.417 5.47773
506.489 5.48207
506.561 5.47147
506.633 5.45345
506.705 5.42438
506.777 5.40927
506.849 5.40575
506.921 5.41698
506.993 5.42492
507.065 5.4342
507.137 5.43505
507.209 5.44342
507.281 5.43435
507.353 5.42284
507.425 5.41402
507.497 5.4189
507.569 5.42802
507.641 5.42549
507.713 5.40563
507.785 5.39288
507.857 5.39182
507.929 5.38743
508.001 5.38595
508.073 5.38111
508.145 5.38821
508.217 5.40549
508.289 5.42099
508.361 5.4146
508.433 5.4028
508.505 5.39582
508.577 5.39357
508.649 5.3867
508.721 5.38245
508.793 5.37958
508.865 5.3831
508.937 5.3938
509.009 5.40316
509.081 5.40063
509.153 5.39641
509.225 5.38534
509.297 5.37641
509.369 5.3683
509.441 5.36379
509.513 5.36485
509.585 5.36671
509.657 5.3656
509.729 5.36867
509.801 5.3721
509.873 5.37276
509.945 5.37524
510.017 5.37299
510.089 5.36953
510.161 5.36449
510.233 5.35715
510.305 5.35176
510.377 5.35017
510.449 5.35215
510.521 5.35565
510.593 5.35833
510.665 5.35691
510.737 5.35463
510.809 5.3517
510.881 5.3493
510.953 5.34726
511.025 5.34449
511.097 5.33856
511.169 5.33266
511.241 5.32982
511.313 5.3311
511.385 5.33369
511.457 5.33457
511.529 5.33237
511.601 5.32978
511.673 5.32654
511.745 5.32404
511.817 5.32253
511.889 5.32091
511.961 5.31953
512.033 5.31713
512.105 5.31398
512.177 5.31175
512.249 5.30946
512.321 5.30726
512.393 5.30527
512.465 5.30322
512.537 5.30127
512.609 5.29918
512.681 5.29578
512.753 5.29275
512.825 5.29016
512.897 5.2878
512.969 5.28521
513.041 5.28225
513.113 5.27917
513.185 5.27639
513.257 5.27359
513.329 5.2707
513.401 5.26777
513.473 5.26491
513.545 5.2622
513.617 5.2596
513.689 5.25657
513.761 5.25347
513.833 5.25038
513.905 5.24737
513.977 5.24447
514.049 5.2415
514.121 5.23837
514.193 5.23528
514.265 5.23229
514.337 5.22934
514.409 5.22645
514.481 5.22348
514.553 5.22046
514.625 5.21736
514.697 5.2142
514.769 5.21099
514.841 5.20778
514.913 5.20463
514.985 5.20152
515.057 5.19842
515.129 5.1955
515.201 5.19894
515.273 5.24943
