367.673 2.93248
367.745 2.92196
367.817 2.92737
367.889 2.93508
367.961 2.94207
368.033 2.9485
368.105 2.95463
368.177 2.96074
368.249 2.96682
368.321 2.97287
368.393 2.97885
368.465 2.98482
368.537 2.99084
368.609 2.99687
368.681 3.00285
368.753 3.00873
368.825 3.01459
368.897 3.0205
368.969 3.02648
369.041 3.03248
369.113 3.03846
369.185 3.04445
369.257 3.05052
369.329 3.05663
369.401 3.06271
369.473 3.06872
369.545 3.07476
369.617 3.08076
369.689 3.0858
369.761 3.08893
369.833 3.09132
369.905 3.09375
369.977 3.09621
370.049 3.09939
370.121 3.10396
370.193 3.11013
370.265 3.11691
370.337 3.12325
370.409 3.1293
370.481 3.13595
370.553 3.14215
370.625 3.14752
370.697 3.15353
370.769 3.16003
370.841 3.16562
370.913 3.17052
370.985 3.17544
371.057 3.18045
371.129 3.18582
371.201 3.19238
371.273 3.1993
371.345 3.20561
371.417 3.21079
371.489 3.21604
371.561 3.22099
371.633 3.22549
371.705 3.23097
371.777 3.23737
371.849 3.24289
371.921 3.24772
371.993 3.25309
372.065 3.25816
372.137 3.26229
372.209 3.26599
372.281 3.27072
372.353 3.2757
372.425 3.28051
372.497 3.28579
372.569 3.29174
372.641 3.29699
372.713 3.30116
372.785 3.30469
372.857 3.30878
372.929 3.31326
373.001 3.3173
373.073 3.32079
373.145 3.32473
373.217 3.32801
373.289 3.32896
373.361 3.32894
373.433 3.33027
373.505 3.33381
373.577 3.33788
373.649 3.34262
373.721 3.34784
373.793 3.35069
373.865 3.34888
373.937 3.34808
374.009 3.35223
374.081 3.3577
374.153 3.36559
374.225 3.37664
374.297 3.38412
374.369 3.38704
374.441 3.39253
374.513 3.39806
374.585 3.40029
374.657 3.40475
374.729 3.41262
374.801 3.41871
374.873 3.42409
374.945 3.43121
375.017 3.43809
375.089 3.44345
375.161 3.44825
375.233 3.45338
375.305 3.45891
375.377 3.46281
375.449 3.46459
375.521 3.46765
375.593 3.47199
375.665 3.47696
375.737 3.48329
375.809 3.48953
375.881 3.49284
375.953 3.49566
376.025 3.4998
376.097 3.50497
376.169 3.51114
376.241 3.5181
376.313 3.52315
376.385 3.52538
376.457 3.52755
376.529 3.53036
376.601 3.53399
376.673 3.53906
376.745 3.54554
376.817 3.55143
376.889 3.55632
376.961 3.56008
377.033 3.56383
377.105 3.56813
377.177 3.5723
377.249 3.57623
377.321 3.58035
377.393 3.58277
377.465 3.58229
377.537 3.58492
377.609 3.59106
377.681 3.59699
377.753 3.60297
377.825 3.61307
377.897 3.62169
377.969 3.6269
378.041 3.63116
378.113 3.63613
378.185 3.64093
378.257 3.6454
378.329 3.65001
378.401 3.65375
378.473 3.65542
378.545 3.65766
378.617 3.66115
378.689 3.66535
378.761 3.67172
378.833 3.68055
378.905 3.68647
378.977 3.68897
379.049 3.69083
379.121 3.69148
379.193 3.69105
379.265 3.69226
379.337 3.69512
379.409 3.69667
379.481 3.69857
379.553 3.70264
379.625 3.70586
379.697 3.70903
379.769 3.71488
379.841 3.72255
379.913 3.72983
379.985 3.73734
380.057 3.74408
380.129 3.7502
380.201 3.75702
380.273 3.7643
380.345 3.77161
380.417 3.77948
380.489 3.78721
380.561 3.79382
380.633 3.79976
380.705 3.80558
380.777 3.81126
380.849 3.81642
380.921 3.82102
380.993 3.82592
381.065 3.83096
381.137 3.83533
381.209 3.83837
381.281 3.84048
381.353 3.84115
381.425 3.84052
381.497 3.84068
381.569 3.84113
381.641 3.843
381.713 3.8486
381.785 3.8557
381.857 3.86149
381.929 3.86738
382.001 3.87167
382.073 3.87332
382.145 3.87504
382.217 3.87702
382.289 3.87944
382.361 3.8835
382.433 3.88819
382.505 3.89091
382.577 3.89275
382.649 3.89477
382.721 3.89578
382.793 3.89458
382.865 3.89385
382.937 3.89201
383.009 3.88569
383.081 3.87741
383.153 3.87022
383.225 3.86392
383.297 3.86379
383.369 3.86974
383.441 3.87689
383.513 3.88842
383.585 3.90336
383.657 3.91227
383.729 3.91503
383.801 3.92206
383.873 3.93057
383.945 3.93966
384.017 3.95239
384.089 3.96816
384.161 3.9806
384.233 3.99141
384.305 4.00131
384.377 4.01063
384.449 4.01836
384.521 4.0228
384.593 4.02802
384.665 4.03309
384.737 4.0374
384.809 4.04656
384.881 4.06052
384.953 4.06823
385.025 4.07255
385.097 4.08096
385.169 4.09046
385.241 4.09943
385.313 4.10991
385.385 4.12019
385.457 4.12549
385.529 4.12857
385.601 4.1331
385.673 4.13879
385.745 4.14566
385.817 4.15394
385.889 4.16185
385.961 4.16774
386.033 4.17259
386.105 4.17714
386.177 4.18142
386.249 4.18545
386.321 4.18851
386.393 4.19019
386.465 4.1923
386.537 4.19523
386.609 4.19832
386.681 4.20211
386.753 4.20676
386.825 4.2105
386.897 4.21305
386.969 4.21491
387.041 4.21629
387.113 4.21749
387.185 4.21835
387.257 4.21867
387.329 4.21879
387.401 4.21881
387.473 4.21788
387.545 4.21575
387.617 4.21392
387.689 4.21198
387.761 4.20952
387.833 4.20753
387.905 4.20575
387.977 4.20224
388.049 4.19762
388.121 4.19215
388.193 4.18522
388.265 4.17755
388.337 4.1704
388.409 4.1635
388.481 4.15721
388.553 4.15189
388.625 4.14762
388.697 4.14339
388.769 4.13724
388.841 4.13018
388.913 4.12984
388.985 4.1356
389.057 4.14569
389.129 4.16124
389.201 4.18169
389.273 4.20006
389.345 4.21617
389.417 4.23102
389.489 4.24522
389.561 4.25926
389.633 4.27325
389.705 4.28745
389.777 4.30156
389.849 4.3151
389.921 4.32811
389.993 4.34064
390.065 4.35224
390.137 4.36313
390.209 4.37361
390.281 4.38307
390.353 4.3888
390.425 4.38956
390.497 4.3912
390.569 4.39319
390.641 4.39194
390.713 4.3921
390.785 4.39928
390.857 4.40663
390.929 4.41276
391.001 4.42235
391.073 4.43374
391.145 4.4421
391.217 4.44902
391.289 4.45714
391.361 4.4628
391.433 4.46828
391.505 4.47616
391.577 4.48288
391.649 4.48889
391.721 4.49761
391.793 4.50429
391.865 4.50913
391.937 4.5157
392.009 4.52078
392.081 4.52527
392.153 4.53188
392.225 4.53664
392.297 4.53969
392.369 4.54382
392.441 4.54789
392.513 4.54989
392.585 4.55297
392.657 4.55722
392.729 4.56067
392.801 4.56322
392.873 4.56779
392.945 4.57265
393.017 4.57586
393.089 4.57827
393.161 4.58149
393.233 4.58366
393.305 4.58616
393.377 4.58972
393.449 4.59416
393.521 4.59784
393.593 4.6011
393.665 4.60246
393.737 4.60206
393.809 4.60127
393.881 4.59918
393.953 4.59527
394.025 4.59139
394.097 4.58601
394.169 4.57689
394.241 4.56566
394.313 4.55842
394.385 4.55517
394.457 4.55239
394.529 4.55166
394.601 4.55617
394.673 4.55817
394.745 4.55261
394.817 4.54641
394.889 4.54404
394.961 4.54026
395.033 4.53251
395.105 4.52232
395.177 4.51526
395.249 4.50869
395.321 4.50005
395.393 4.49341
395.465 4.49155
395.537 4.48455
395.609 4.47239
395.681 4.46222
395.753 4.4544
395.825 4.44703
395.897 4.44038
395.969 4.43067
396.041 4.416
396.113 4.39998
396.185 4.38543
396.257 4.37202
396.329 4.3598
396.401 4.34866
396.473 4.33717
396.545 4.32491
396.617 4.31296
396.689 4.30191
396.761 4.29105
396.833 4.28161
396.905 4.27512
396.977 4.27362
397.049 4.27774
397.121 4.28612
397.193 4.29767
397.265 4.31027
397.337 4.32258
397.409 4.3372
397.481 4.35476
397.553 4.37319
397.625 4.39244
397.697 4.41024
397.769 4.42588
397.841 4.44355
397.913 4.46079
397.985 4.47637
398.057 4.49388
398.129 4.51334
398.201 4.53065
398.273 4.5461
398.345 4.56057
398.417 4.5755
398.489 4.59184
398.561 4.60743
398.633 4.62239
398.705 4.63729
398.777 4.64959
398.849 4.65778
398.921 4.66673
398.993 4.67777
399.065 4.69061
399.137 4.70501
399.209 4.7189
399.281 4.72745
399.353 4.73328
399.425 4.74059
399.497 4.74952
399.569 4.75877
399.641 4.7698
399.713 4.78156
399.785 4.79
399.857 4.79401
399.929 4.79693
400.001 4.80224
400.073 4.80854
400.145 4.81576
400.217 4.8256
400.289 4.83655
400.361 4.84471
400.433 4.85086
400.505 4.85641
400.577 4.86104
400.649 4.8625
400.721 4.85985
400.793 4.85755
400.865 4.85426
400.937 4.84811
401.009 4.84629
401.081 4.85148
401.153 4.85743
401.225 4.86441
401.297 4.87429
401.369 4.88033
401.441 4.88539
401.513 4.89011
401.585 4.89421
401.657 4.8983
401.729 4.90434
401.801 4.9091
401.873 4.91229
401.945 4.9153
402.017 4.91847
402.089 4.9213
402.161 4.92413
402.233 4.92841
402.305 4.93226
402.377 4.93551
402.449 4.93906
402.521 4.94209
402.593 4.9437
402.665 4.94621
402.737 4.94936
402.809 4.9511
402.881 4.95202
402.953 4.95417
403.025 4.95705
403.097 4.9597
403.169 4.96334
403.241 4.96657
403.313 4.96956
403.385 4.97207
403.457 4.97439
403.529 4.97671
403.601 4.97931
403.673 4.98109
403.745 4.98215
403.817 4.98299
403.889 4.98373
403.961 4.98439
404.033 4.98489
404.105 4.98517
404.177 4.98481
404.249 4.98235
404.321 4.97722
404.393 4.9719
404.465 4.967
404.537 4.9635
404.609 4.96203
404.681 4.95939
404.753 4.95525
404.825 4.95551
404.897 4.95692
404.969 4.95238
405.041 4.94371
405.113 4.94187
405.185 4.94205
405.257 4.94113
405.329 4.94355
405.401 4.95018
405.473 4.95216
405.545 4.95043
405.617 4.94843
405.689 4.9474
405.761 4.94672
405.833 4.94203
405.905 4.93491
405.977 4.92943
406.049 4.92454
406.121 4.92052
406.193 4.91845
406.265 4.9148
406.337 4.90886
406.409 4.90224
406.481 4.89398
406.553 4.88541
406.625 4.88103
406.697 4.87637
406.769 4.86921
406.841 4.86547
406.913 4.8657
406.985 4.86291
407.057 4.85865
407.129 4.85713
407.201 4.85563
407.273 4.8507
407.345 4.84294
407.417 4.83393
407.489 4.82269
407.561 4.80878
407.633 4.79632
407.705 4.78475
407.777 4.77236
407.849 4.75947
407.921 4.74436
407.993 4.72509
408.065 4.70373
408.137 4.68563
408.209 4.67123
408.281 4.66077
408.353 4.65323
408.425 4.64587
408.497 4.63313
408.569 4.61329
408.641 4.59073
408.713 4.57026
408.785 4.55204
408.857 4.53421
408.929 4.51774
409.001 4.50133
409.073 4.4798
409.145 4.45496
409.217 4.4303
409.289 4.40514
409.361 4.37894
409.433 4.35447
409.505 4.33212
409.577 4.30861
409.649 4.28364
409.721 4.25956
409.793 4.23651
409.865 4.213
409.937 4.19164
410.009 4.17595
410.081 4.16851
410.153 4.16977
410.225 4.17975
410.297 4.19602
410.369 4.21611
410.441 4.23938
410.513 4.26365
410.585 4.28584
410.657 4.30636
410.729 4.33044
410.801 4.35552
410.873 4.37853
410.945 4.40355
411.017 4.43429
411.089 4.46451
411.161 4.49145
411.233 4.51821
411.305 4.54387
411.377 4.56483
411.449 4.58273
411.521 4.60204
411.593 4.62264
411.665 4.64377
411.737 4.66623
411.809 4.68895
411.881 4.70871
411.953 4.72467
412.025 4.73752
412.097 4.75083
412.169 4.76378
412.241 4.77628
412.313 4.79151
412.385 4.80911
412.457 4.82396
412.529 4.83629
412.601 4.84848
412.673 4.85828
412.745 4.86585
412.817 4.877
412.889 4.89148
412.961 4.9038
413.033 4.91409
413.105 4.92678
413.177 4.93771
413.249 4.94598
413.321 4.95492
413.393 4.96452
413.465 4.9726
413.537 4.97914
413.609 4.98395
413.681 4.9893
413.753 4.99542
413.825 4.99971
413.897 5.00643
413.969 5.01671
414.041 5.02686
414.113 5.03673
414.185 5.04789
414.257 5.05672
414.329 5.06373
414.401 5.06944
414.473 5.07274
414.545 5.07386
414.617 5.07681
414.689 5.08119
414.761 5.08578
414.833 5.09205
414.905 5.1003
414.977 5.10647
415.049 5.11075
415.121 5.11466
415.193 5.11846
415.265 5.12215
415.337 5.12552
415.409 5.12732
415.481 5.12549
415.553 5.12039
415.625 5.11542
415.697 5.11318
415.769 5.1105
415.841 5.11064
415.913 5.11811
415.985 5.12517
416.057 5.12524
416.129 5.12842
416.201 5.13611
416.273 5.13705
416.345 5.13057
416.417 5.12719
416.489 5.12585
416.561 5.12303
416.633 5.12432
416.705 5.13316
416.777 5.13885
416.849 5.13949
416.921 5.14062
416.993 5.14372
417.065 5.14804
417.137 5.1544
417.209 5.15953
417.281 5.16219
417.353 5.16486
417.425 5.16565
417.497 5.16783
417.569 5.17553
417.641 5.18273
417.713 5.1822
417.785 5.1796
417.857 5.18167
417.929 5.18512
418.001 5.18954
418.073 5.19764
418.145 5.20702
418.217 5.21074
418.289 5.21077
418.361 5.20944
418.433 5.20728
418.505 5.20415
418.577 5.20237
418.649 5.20157
418.721 5.20264
418.793 5.20489
418.865 5.20856
418.937 5.21093
419.009 5.21391
419.081 5.21692
419.153 5.21992
419.225 5.22395
419.297 5.22927
419.369 5.23037
419.441 5.22744
419.513 5.22619
419.585 5.22661
419.657 5.22748
419.729 5.23007
419.801 5.23466
419.873 5.23715
419.945 5.23753
420.017 5.2355
420.089 5.23093
420.161 5.22878
420.233 5.22837
420.305 5.22808
420.377 5.23009
420.449 5.23459
420.521 5.23684
420.593 5.23636
420.665 5.23449
420.737 5.23169
420.809 5.22739
420.881 5.22547
420.953 5.22671
421.025 5.23006
421.097 5.23443
421.169 5.24017
421.241 5.2429
421.313 5.24326
421.385 5.2433
421.457 5.24304
421.529 5.24081
421.601 5.23639
421.673 5.23444
421.745 5.23463
421.817 5.23528
421.889 5.23774
421.961 5.24246
422.033 5.24495
422.105 5.24544
422.177 5.2456
422.249 5.24569
422.321 5.24588
422.393 5.24583
422.465 5.24325
422.537 5.23772
422.609 5.23476
422.681 5.23418
422.753 5.23422
422.825 5.2364
422.897 5.24105
422.969 5.24298
423.041 5.24256
423.113 5.24177
423.185 5.24092
423.257 5.24004
423.329 5.23931
423.401 5.23839
423.473 5.23524
423.545 5.22952
423.617 5.22614
423.689 5.22501
423.761 5.22459
423.833 5.22614
423.905 5.22987
423.977 5.23116
424.049 5.23045
424.121 5.22946
424.193 5.22826
424.265 5.22681
424.337 5.22534
424.409 5.22388
424.481 5.22218
424.553 5.21873
424.625 5.2121
424.697 5.20463
424.769 5.19782
424.841 5.19241
424.913 5.19027
424.985 5.19041
425.057 5.19092
425.129 5.19258
425.201 5.19323
425.273 5.19195
425.345 5.19071
425.417 5.19114
425.489 5.19172
425.561 5.19229
425.633 5.19248
425.705 5.1934
425.777 5.19397
425.849 5.19303
425.921 5.19119
425.993 5.189
426.065 5.18679
426.137 5.18483
426.209 5.183
426.281 5.18095
426.353 5.17853
426.425 5.17609
426.497 5.17391
426.569 5.17193
426.641 5.16978
426.713 5.16734
426.785 5.16484
426.857 5.16238
426.929 5.15985
427.001 5.15719
427.073 5.15436
427.145 5.15093
427.217 5.14667
427.289 5.14302
427.361 5.13985
427.433 5.13675
427.505 5.13482
427.577 5.13405
427.649 5.13207
427.721 5.12877
427.793 5.12509
427.865 5.12051
427.937 5.11487
428.009 5.11005
428.081 5.10578
428.153 5.10169
428.225 5.09878
428.297 5.09616
428.369 5.09062
428.441 5.08335
428.513 5.07535
428.585 5.06894
428.657 5.06484
428.729 5.06289
428.801 5.06094
428.873 5.05902
428.945 5.05568
429.017 5.05097
429.089 5.04447
429.161 5.03817
429.233 5.03224
429.305 5.02643
429.377 5.02193
429.449 5.01878
429.521 5.01401
429.593 5.00749
429.665 4.99952
429.737 4.98951
429.809 4.97968
429.881 4.97175
429.953 4.96452
430.025 4.95846
430.097 4.95519
430.169 4.9519
430.241 4.94379
430.313 4.93161
430.385 4.92084
430.457 4.91205
430.529 4.90366
430.601 4.89575
430.673 4.88832
430.745 4.8785
430.817 4.86736
430.889 4.85664
430.961 4.84478
431.033 4.82972
431.105 4.81282
431.177 4.79671
431.249 4.78247
431.321 4.76747
431.393 4.74965
431.465 4.73193
431.537 4.71467
431.609 4.6977
431.681 4.68052
431.753 4.66454
431.825 4.64913
431.897 4.63435
431.969 4.62052
432.041 4.6083
432.113 4.59362
432.185 4.57441
432.257 4.55411
432.329 4.53514
432.401 4.51885
432.473 4.50357
432.545 4.4849
432.617 4.46261
432.689 4.43909
432.761 4.41651
432.833 4.39481
432.905 4.37193
432.977 4.34627
433.049 4.31965
433.121 4.29432
433.193 4.2712
433.265 4.24768
433.337 4.22108
433.409 4.19226
433.481 4.16317
433.553 4.13582
433.625 4.10979
433.697 4.08285
433.769 4.05468
433.841 4.02684
433.913 4.00302
433.985 3.98837
434.057 3.98634
434.129 3.99937
434.201 4.02246
434.273 4.04799
434.345 4.07403
434.417 4.10259
434.489 4.13127
434.561 4.15954
434.633 4.18729
434.705 4.21305
434.777 4.23603
434.849 4.25861
434.921 4.28309
434.993 4.30871
435.065 4.33391
435.137 4.35714
435.209 4.37878
435.281 4.40069
435.353 4.4234
435.425 4.44552
435.497 4.46571
435.569 4.48341
435.641 4.50045
435.713 4.51867
435.785 4.53754
435.857 4.55595
435.929 4.57278
436.001 4.58824
436.073 4.60367
436.145 4.61951
436.217 4.63483
436.289 4.64875
436.361 4.6609
436.433 4.67256
436.505 4.68498
436.577 4.69783
436.649 4.71008
436.721 4.71906
436.793 4.72418
436.865 4.73168
436.937 4.74217
437.009 4.75363
437.081 4.7671
437.153 4.7823
437.225 4.79371
437.297 4.80247
437.369 4.81136
437.441 4.82047
437.513 4.82934
437.585 4.83748
437.657 4.84504
437.729 4.85264
437.801 4.86047
437.873 4.8681
437.945 4.8751
438.017 4.88122
438.089 4.88705
438.161 4.89301
438.233 4.89813
438.305 4.90188
438.377 4.90572
438.449 4.90925
438.521 4.91354
438.593 4.91958
438.665 4.92689
438.737 4.93338
438.809 4.93905
438.881 4.94329
438.953 4.94657
439.025 4.94926
439.097 4.95126
439.169 4.95382
439.241 4.95677
439.313 4.95959
439.385 4.96304
439.457 4.96744
439.529 4.97126
439.601 4.97438
439.673 4.97716
439.745 4.97965
439.817 4.98209
439.889 4.98467
439.961 4.98675
440.033 4.98775
440.105 4.98751
440.177 4.98454
440.249 4.98209
440.321 4.98312
440.393 4.98522
440.465 4.98654
440.537 4.9862
440.609 4.98356
440.681 4.97983
440.753 4.97785
440.825 4.97607
440.897 4.97843
440.969 4.98677
441.041 4.99313
441.113 4.99237
441.185 4.99282
441.257 4.99537
441.329 4.99757
441.401 5.00218
441.473 5.00913
441.545 5.0117
441.617 5.01098
441.689 5.01152
441.761 5.01294
441.833 5.01778
441.905 5.02691
441.977 5.03441
442.049 5.03398
442.121 5.03253
442.193 5.03162
442.265 5.03017
442.337 5.03294
442.409 5.03894
442.481 5.03964
442.553 5.03266
442.625 5.02538
442.697 5.02199
442.769 5.02374
442.841 5.03052
442.913 5.03813
442.985 5.04143
443.057 5.0425
443.129 5.04568
443.201 5.05017
443.273 5.05333
443.345 5.05571
443.417 5.05654
443.489 5.05627
443.561 5.05543
443.633 5.05679
443.705 5.05823
443.777 5.0591
443.849 5.06125
443.921 5.06359
443.993 5.06543
444.065 5.06636
444.137 5.06714
444.209 5.06529
444.281 5.06338
444.353 5.06165
444.425 5.0618
444.497 5.06205
444.569 5.06107
444.641 5.0581
444.713 5.05381
444.785 5.05092
444.857 5.05159
444.929 5.05578
445.001 5.06292
445.073 5.06904
445.145 5.07191
445.217 5.07083
445.289 5.07057
445.361 5.0697
445.433 5.07054
445.505 5.0702
445.577 5.07052
445.649 5.06962
445.721 5.06757
445.793 5.06331
445.865 5.06156
445.937 5.06295
446.009 5.06672
446.081 5.07196
446.153 5.0746
446.225 5.07214
446.297 5.06869
446.369 5.06532
446.441 5.06385
446.513 5.0661
446.585 5.07171
446.657 5.07472
446.729 5.07348
446.801 5.07151
446.873 5.07041
446.945 5.06955
447.017 5.06922
447.089 5.07061
447.161 5.0712
447.233 5.07186
447.305 5.07229
447.377 5.0713
447.449 5.06769
447.521 5.06606
447.593 5.06576
447.665 5.06529
447.737 5.06642
447.809 5.06938
447.881 5.07097
447.953 5.07178
448.025 5.07258
448.097 5.0725
448.169 5.07207
448.241 5.07149
448.313 5.0705
448.385 5.06824
448.457 5.06493
448.529 5.06318
448.601 5.06277
448.673 5.06259
448.745 5.06311
448.817 5.0644
448.889 5.06457
448.961 5.06401
449.033 5.06351
449.105 5.06287
449.177 5.06175
449.249 5.06045
449.321 5.0591
449.393 5.05808
449.465 5.05739
449.537 5.05686
449.609 5.05598
449.681 5.0548
449.753 5.05347
449.825 5.05216
449.897 5.05096
449.969 5.04991
450.041 5.04891
450.113 5.04789
450.185 5.04675
450.257 5.0454
450.329 5.04392
450.401 5.04245
450.473 5.04116
450.545 5.04011
450.617 5.03908
450.689 5.03693
450.761 5.03342
450.833 5.03092
450.905 5.02942
450.977 5.02834
451.049 5.02849
451.121 5.02994
451.193 5.03014
451.265 5.02913
451.337 5.02783
451.409 5.02653
451.481 5.02539
451.553 5.02453
451.625 5.02384
451.697 5.02309
451.769 5.02214
451.841 5.02104
451.913 5.01994
451.985 5.01904
452.057 5.01841
452.129 5.01795
452.201 5.01752
452.273 5.017
452.345 5.01627
452.417 5.01539
452.489 5.01449
452.561 5.01367
452.633 5.0129
452.705 5.01202
452.777 5.01053
452.849 5.00836
452.921 5.00643
452.993 5.00345
453.065 4.99878
453.137 4.99644
453.209 4.9963
453.281 4.99617
453.353 4.99702
453.425 4.99849
453.497 4.99581
453.569 4.99045
453.641 4.9853
453.713 4.98118
453.785 4.97926
453.857 4.97831
453.929 4.97719
454.001 4.97717
454.073 4.9767
454.145 4.97385
454.217 4.9733
454.289 4.97415
454.361 4.97328
454.433 4.97256
454.505 4.97451
454.577 4.976
454.649 4.97727
454.721 4.97884
454.793 4.98019
454.865 4.98024
454.937 4.97947
455.009 4.97849
455.081 4.97727
455.153 4.97552
455.225 4.97086
455.297 4.96168
455.369 4.95388
455.441 4.95069
455.513 4.94984
455.585 4.95195
455.657 4.95852
455.729 4.96386
455.801 4.96472
455.873 4.96371
455.945 4.96251
456.017 4.96116
456.089 4.95951
456.161 4.9575
456.233 4.95514
456.305 4.95249
456.377 4.94901
456.449 4.94477
456.521 4.94172
456.593 4.93963
456.665 4.93763
456.737 4.93547
456.809 4.93307
456.881 4.93054
456.953 4.92805
457.025 4.92587
457.097 4.92473
457.169 4.92463
457.241 4.92357
457.313 4.92154
457.385 4.91916
457.457 4.91662
457.529 4.91395
457.601 4.91039
457.673 4.90585
457.745 4.9027
457.817 4.9006
457.889 4.89782
457.961 4.89401
458.033 4.89056
458.105 4.88694
458.177 4.88214
458.249 4.87532
458.321 4.87102
458.393 4.87105
458.465 4.8706
458.537 4.8682
458.609 4.86789
458.681 4.86804
458.753 4.86679
458.825 4.86601
458.897 4.86629
458.969 4.86569
459.041 4.86561
459.113 4.86465
459.185 4.86277
459.257 4.86207
459.329 4.86303
459.401 4.86249
459.473 4.86062
459.545 4.85865
459.617 4.85673
459.689 4.8549
459.761 4.85301
459.833 4.8509
459.905 4.84854
459.977 4.84621
460.049 4.8441
460.121 4.84231
460.193 4.84073
460.265 4.83919
460.337 4.83751
460.409 4.83556
460.481 4.83343
460.553 4.83129
460.625 4.82931
460.697 4.82758
460.769 4.82601
460.841 4.82446
460.913 4.82292
460.985 4.82125
461.057 4.81933
461.129 4.81725
461.201 4.81518
461.273 4.81324
461.345 4.81149
461.417 4.80985
461.489 4.80822
461.561 4.8066
461.633 4.80489
461.705 4.80295
461.777 4.80083
461.849 4.7987
461.921 4.79672
461.993 4.79497
462.065 4.79332
462.137 4.79166
462.209 4.78997
462.281 4.78815
462.353 4.78609
462.425 4.78389
462.497 4.78171
462.569 4.77973
462.641 4.77801
462.713 4.77647
462.785 4.77495
462.857 4.77346
462.929 4.77185
463.001 4.77002
463.073 4.76803
463.145 4.76603
463.217 4.76418
463.289 4.76256
463.361 4.76105
463.433 4.75954
463.505 4.75805
463.577 4.7566
463.649 4.75506
463.721 4.75329
463.793 4.75132
463.865 4.74929
463.937 4.74744
464.009 4.74593
464.081 4.74468
464.153 4.74354
464.225 4.74245
464.297 4.74121
464.369 4.73972
464.441 4.73804
464.513 4.73632
464.585 4.73474
464.657 4.73341
464.729 4.7322
464.801 4.73097
464.873 4.72969
464.945 4.72836
465.017 4.72686
465.089 4.72509
465.161 4.72313
465.233 4.72115
465.305 4.71933
465.377 4.71777
465.449 4.71637
465.521 4.71501
465.593 4.71368
465.665 4.71227
465.737 4.71066
465.809 4.70876
465.881 4.70559
465.953 4.70101
466.025 4.69721
466.097 4.69293
466.169 4.68812
466.241 4.68553
466.313 4.68643
466.385 4.68747
466.457 4.68894
466.529 4.69094
466.601 4.69187
466.673 4.68986
466.745 4.68561
466.817 4.6818
466.889 4.67745
466.961 4.6729
467.033 4.67102
467.105 4.66945
467.177 4.6643
467.249 4.66084
467.321 4.66006
467.393 4.6564
467.465 4.65045
467.537 4.6475
467.609 4.64756
467.681 4.64713
467.753 4.64808
467.825 4.65249
467.897 4.65733
467.969 4.65672
468.041 4.65014
468.113 4.6409
468.185 4.63585
468.257 4.63351
468.329 4.63226
468.401 4.63455
468.473 4.63912
468.545 4.63923
468.617 4.63586
468.689 4.63227
468.761 4.62906
468.833 4.62666
468.905 4.62486
468.977 4.62293
469.049 4.62018
469.121 4.61761
469.193 4.61504
469.265 4.61227
469.337 4.60983
469.409 4.6075
469.481 4.60374
469.553 4.59889
469.625 4.59347
469.697 4.5888
469.769 4.58661
469.841 4.58642
469.913 4.58623
469.985 4.58411
470.057 4.58107
470.129 4.57836
470.201 4.5764
470.273 4.57494
470.345 4.57341
470.417 4.57086
470.489 4.56833
470.561 4.56587
470.633 4.56314
470.705 4.5604
470.777 4.558
470.849 4.55514
470.921 4.55203
470.993 4.54771
471.065 4.54186
471.137 4.5368
471.209 4.53295
471.281 4.53005
471.353 4.52884
471.425 4.52953
471.497 4.52858
471.569 4.52582
471.641 4.52269
471.713 4.51996
471.785 4.5172
471.857 4.51355
471.929 4.50861
472.001 4.50385
472.073 4.50042
472.145 4.49736
472.217 4.49601
472.289 4.49634
472.361 4.4961
472.433 4.49452
472.505 4.49283
472.577 4.49045
472.649 4.488
472.721 4.48448
472.793 4.48077
472.865 4.47748
472.937 4.47473
473.009 4.47273
473.081 4.47142
473.153 4.4697
473.225 4.46725
473.297 4.46476
473.369 4.46207
473.441 4.4599
473.513 4.45799
473.585 4.45558
473.657 4.45248
473.729 4.44943
473.801 4.4467
473.873 4.44416
473.945 4.44176
474.017 4.43898
474.089 4.43642
474.161 4.43405
474.233 4.4316
474.305 4.42866
474.377 4.42546
474.449 4.42183
474.521 4.41829
474.593 4.41512
474.665 4.41245
474.737 4.40984
474.809 4.40742
474.881 4.40497
474.953 4.40238
475.025 4.39971
475.097 4.39704
475.169 4.39425
475.241 4.39127
475.313 4.38775
475.385 4.38401
475.457 4.38033
475.529 4.37701
475.601 4.37409
475.673 4.37137
475.745 4.36844
475.817 4.36546
475.889 4.36242
475.961 4.35933
476.033 4.35615
476.105 4.35284
476.177 4.34927
476.249 4.34535
476.321 4.34127
476.393 4.33727
476.465 4.3335
476.537 4.33002
476.609 4.32666
476.681 4.32326
476.753 4.31984
476.825 4.31639
476.897 4.31289
476.969 4.30936
477.041 4.30582
477.113 4.30204
477.185 4.29787
477.257 4.29345
477.329 4.28908
477.401 4.285
477.473 4.28134
477.545 4.2779
477.617 4.2745
477.689 4.27113
477.761 4.26781
477.833 4.2645
477.905 4.26118
477.977 4.25786
478.049 4.25431
478.121 4.25034
478.193 4.24608
478.265 4.2418
478.337 4.23779
478.409 4.23417
478.481 4.23071
478.553 4.22713
478.625 4.22344
478.697 4.21969
478.769 4.21591
478.841 4.21211
478.913 4.20828
478.985 4.20442
479.057 4.20025
479.129 4.19553
479.201 4.19042
479.273 4.18526
479.345 4.1804
479.417 4.17595
479.489 4.17168
479.561 4.16735
479.633 4.16301
479.705 4.1587
479.777 4.15442
479.849 4.15016
479.921 4.14577
479.993 4.14115
480.065 4.13593
480.137 4.12988
480.209 4.12325
480.281 4.11654
480.353 4.11015
480.425 4.10427
480.497 4.09862
480.569 4.09284
480.641 4.08691
480.713 4.08086
480.785 4.07473
480.857 4.06854
480.929 4.06231
481.001 4.05596
481.073 4.04902
481.145 4.04026
481.217 4.03007
481.289 4.02069
481.361 4.01218
481.433 4.00462
481.505 3.99901
481.577 3.99433
481.649 3.98814
481.721 3.98078
481.793 3.97223
481.865 3.96247
481.937 3.95353
482.009 3.94381
482.081 3.93087
482.153 3.91839
482.225 3.91009
482.297 3.90149
482.369 3.89099
482.441 3.88199
482.513 3.87488
482.585 3.86616
482.657 3.85689
482.729 3.84803
482.801 3.83709
482.873 3.8239
482.945 3.81201
483.017 3.80148
483.089 3.79232
483.161 3.78563
483.233 3.77899
483.305 3.76937
483.377 3.75798
483.449 3.74542
483.521 3.73118
483.593 3.71562
483.665 3.69977
483.737 3.68458
483.809 3.67043
483.881 3.65662
483.953 3.64259
484.025 3.6285
484.097 3.61416
484.169 3.59778
484.241 3.57925
484.313 3.56227
484.385 3.54668
484.457 3.53132
484.529 3.51749
484.601 3.50369
484.673 3.48496
484.745 3.46125
484.817 3.43662
484.889 3.41446
484.961 3.39519
485.033 3.37755
485.105 3.36181
485.177 3.34588
485.249 3.32812
485.321 3.30924
485.393 3.29045
485.465 3.2716
485.537 3.25218
485.609 3.23203
485.681 3.211
485.753 3.19001
485.825 3.16873
485.897 3.14553
485.969 3.12094
486.041 3.10121
486.113 3.09162
486.185 3.09837
486.257 3.11709
486.329 3.1391
486.401 3.16085
486.473 3.18317
486.545 3.20278
486.617 3.22035
486.689 3.23766
486.761 3.25487
486.833 3.27165
486.905 3.28749
486.977 3.303
487.049 3.31778
487.121 3.33283
487.193 3.34886
487.265 3.36678
487.337 3.38523
487.409 3.40344
487.481 3.4195
487.553 3.43398
487.625 3.44729
487.697 3.46061
487.769 3.47242
487.841 3.48382
487.913 3.49517
487.985 3.50713
488.057 3.51889
488.129 3.53037
488.201 3.53922
488.273 3.54626
488.345 3.55417
488.417 3.56324
488.489 3.57225
488.561 3.58368
488.633 3.59788
488.705 3.6105
488.777 3.6207
488.849 3.62961
488.921 3.63746
488.993 3.64412
489.065 3.65054
489.137 3.65638
489.209 3.66279
489.281 3.66916
489.353 3.67595
489.425 3.68196
489.497 3.68781
489.569 3.69331
489.641 3.69845
489.713 3.70329
489.785 3.70833
489.857 3.71323
489.929 3.71814
490.001 3.72287
490.073 3.72725
490.145 3.73193
490.217 3.7366
490.289 3.74088
490.361 3.7447
490.433 3.74634
490.505 3.74542
490.577 3.74669
490.649 3.74962
490.721 3.7527
490.793 3.75783
490.865 3.76515
490.937 3.76943
491.009 3.77103
491.081 3.77294
491.153 3.77547
491.225 3.77818
491.297 3.7814
491.369 3.78488
491.441 3.78772
491.513 3.79003
491.585 3.79235
491.657 3.7944
491.729 3.79558
491.801 3.79542
491.873 3.79626
491.945 3.7978
492.017 3.79945
492.089 3.80197
492.161 3.80567
492.233 3.80803
492.305 3.80933
492.377 3.81043
492.449 3.81162
492.521 3.81284
492.593 3.81393
492.665 3.81486
492.737 3.81576
492.809 3.81664
492.881 3.81753
492.953 3.81844
493.025 3.81903
493.097 3.81803
493.169 3.81521
493.241 3.81402
493.313 3.81431
493.385 3.81507
493.457 3.81738
493.529 3.82096
493.601 3.82173
493.673 3.81825
493.745 3.81128
493.817 3.8079
493.889 3.80804
493.961 3.80952
494.033 3.81352
494.105 3.82057
494.177 3.82404
494.249 3.82439
494.321 3.82429
494.393 3.82416
494.465 3.82401
494.537 3.82388
494.609 3.8237
494.681 3.82287
494.753 3.82127
494.825 3.82048
494.897 3.82041
494.969 3.82056
495.041 3.82142
495.113 3.82307
495.185 3.82352
495.257 3.82065
495.329 3.81473
495.401 3.8117
495.473 3.81119
495.545 3.81133
495.617 3.81392
495.689 3.81933
495.761 3.82178
495.833 3.82165
495.905 3.8211
495.977 3.82039
496.049 3.81945
496.121 3.81829
496.193 3.8169
496.265 3.81497
496.337 3.81249
496.409 3.81059
496.481 3.80907
496.553 3.80671
496.625 3.80369
496.697 3.80231
496.769 3.80141
496.841 3.80035
496.913 3.80019
496.985 3.8011
497.057 3.80086
497.129 3.79967
497.201 3.79834
497.273 3.79695
497.345 3.79551
497.417 3.79392
497.489 3.79178
497.561 3.78907
497.633 3.78688
497.705 3.78474
497.777 3.78225
497.849 3.78093
497.921 3.78068
497.993 3.77999
498.065 3.77935
498.137 3.77915
498.209 3.77832
498.281 3.77694
498.353 3.77557
498.425 3.77416
498.497 3.77279
498.569 3.7712
498.641 3.76961
498.713 3.76788
498.785 3.76617
498.857 3.76436
498.929 3.76261
499.001 3.76079
499.073 3.75876
499.145 3.75608
499.217 3.753
499.289 3.75051
499.361 3.7487
499.433 3.74702
499.505 3.74517
499.577 3.74314
499.649 3.74127
499.721 3.7395
499.793 3.73774
499.865 3.73668
499.937 3.73623
500.009 3.73516
500.081 3.73365
500.153 3.73209
500.225 3.73027
500.297 3.72867
500.369 3.72692
500.441 3.72472
500.513 3.72341
500.585 3.72238
500.657 3.72133
500.729 3.72039
500.801 3.71996
500.873 3.71817
500.945 3.71613
501.017 3.71453
501.089 3.71389
501.161 3.71344
501.233 3.71268
501.305 3.71035
501.377 3.70752
501.449 3.70507
501.521 3.70338
501.593 3.70186
501.665 3.69984
501.737 3.69714
501.809 3.69487
501.881 3.69218
501.953 3.68833
502.025 3.68457
502.097 3.68266
502.169 3.68315
502.241 3.68582
502.313 3.688
502.385 3.68771
502.457 3.68316
502.529 3.67903
502.601 3.67245
502.673 3.66929
502.745 3.66916
502.817 3.66881
502.889 3.66122
502.961 3.65227
503.033 3.64561
503.105 3.64482
503.177 3.65136
503.249 3.6565
503.321 3.65639
503.393 3.64942
503.465 3.6326
503.537 3.6069
503.609 3.58844
503.681 3.58742
503.753 3.58417
503.825 3.58628
503.897 3.5855
503.969 3.58727
504.041 3.59576
504.113 3.61054
504.185 3.6041
504.257 3.59605
504.329 3.58527
504.401 3.57525
504.473 3.57757
504.545 3.5911
504.617 3.60696
504.689 3.62224
504.761 3.62708
504.833 3.62094
504.905 3.61585
504.977 3.61269
505.049 3.61176
505.121 3.61364
505.193 3.61442
505.265 3.61035
505.337 3.6068
505.409 3.60236
505.481 3.60019
505.553 3.60165
505.625 3.59552
505.697 3.58692
505.769 3.57268
505.841 3.55989
505.913 3.55633
505.985 3.55896
506.057 3.56331
506.129 3.57153
506.201 3.57664
506.273 3.58051
506.345 3.58738
506.417 3.58958
506.489 3.59261
506.561 3.58502
506.633 3.57212
506.705 3.55146
506.777 3.54069
506.849 3.53813
506.921 3.546
506.993 3.55164
507.065 3.55826
507.137 3.55889
507.209 3.56473
507.281 3.55825
507.353 3.55009
507.425 3.54386
507.497 3.54724
507.569 3.55359
507.641 3.55175
507.713 3.53777
507.785 3.52895
507.857 3.52848
507.929 3.52551
508.001 3.52457
508.073 3.52124
508.145 3.52608
508.217 3.53792
508.289 3.54875
508.361 3.54425
508.433 3.53591
508.505 3.53097
508.577 3.52933
508.649 3.52442
508.721 3.52144
508.793 3.51946
508.865 3.52196
508.937 3.52956
509.009 3.53641
509.081 3.53505
509.153 3.53224
509.225 3.52439
509.297 3.51803
509.369 3.51207
509.441 3.50846
509.513 3.50901
509.585 3.51032
509.657 3.50956
509.729 3.51177
509.801 3.51424
509.873 3.51474
509.945 3.51653
510.017 3.51498
510.089 3.51255
510.161 3.509
510.233 3.50383
510.305 3.50006
510.377 3.49898
510.449 3.50041
510.521 3.50294
510.593 3.5049
510.665 3.50396
510.737 3.50239
510.809 3.50037
510.881 3.49873
510.953 3.49732
511.025 3.49538
511.097 3.49124
511.169 3.48712
511.241 3.48517
511.313 3.48611
511.385 3.488
511.457 3.48868
511.529 3.48718
511.601 3.48536
511.673 3.48306
511.745 3.48126
511.817 3.48014
511.889 3.47893
511.961 3.47789
512.033 3.47612
512.105 3.47383
512.177 3.47218
512.249 3.47049
512.321 3.46887
512.393 3.4674
512.465 3.46588
512.537 3.46444
512.609 3.46292
512.681 3.46049
512.753 3.45833
512.825 3.4565
512.897 3.45483
512.969 3.45301
513.041 3.45093
513.113 3.44877
513.185 3.44681
513.257 3.44484
513.329 3.44281
513.401 3.44075
513.473 3.43874
513.545 3.43683
513.617 3.43501
513.689 3.43288
513.761 3.43071
513.833 3.42855
513.905 3.42645
513.977 3.42441
514.049 3.42234
514.121 3.42015
514.193 3.41799
514.265 3.4159
514.337 3.41383
514.409 3.41182
514.481 3.40974
514.553 3.40763
514.625 3.40547
514.697 3.40326
514.769 3.40102
514.841 3.39878
514.913 3.39658
514.985 3.39442
515.057 3.39226
515.129 3.39018
515.201 3.39116
515.273 3.41464
