3.500000000000000000e+02 0.000000000000000000e+00
8.848909160000000611e+02 4.015298226663267377e-15
8.854877710000000661e+02 4.025033640033357758e-15
8.860846260000000711e+02 3.952705843634555382e-15
8.866814810000000762e+02 3.876755702693532718e-15
8.872783360000000812e+02 3.821017271916483544e-15
8.878751910000000862e+02 3.739895666547126511e-15
8.884720460000000912e+02 3.659635154163700675e-15
8.890689010000000962e+02 3.771003849414203763e-15
8.896657560000001013e+02 3.921222535566146324e-15
8.902626110000001063e+02 3.907728287390330988e-15
8.908594660000001113e+02 3.892550659297961515e-15
8.914563210000001163e+02 3.892465464394923914e-15
8.920531760000001213e+02 3.787214967508338019e-15
8.926500310000001264e+02 3.816596949984036897e-15
8.932468860000001314e+02 3.745390068723098357e-15
8.938437410000001364e+02 3.690933352887814268e-15
8.944405960000001414e+02 3.738116832655441359e-15
8.950374510000001465e+02 3.645168301348763153e-15
8.956343060000001515e+02 3.691988476150296998e-15
8.962311610000001565e+02 3.698940558656767890e-15
8.968280160000001615e+02 3.778789593039922131e-15
8.974248710000001665e+02 3.853863698433485532e-15
8.980217260000001716e+02 3.760676086142369315e-15
8.986185810000001766e+02 3.720163233468562530e-15
8.992154360000001816e+02 3.742821286280215651e-15
8.998122910000001866e+02 3.740075646355374875e-15
9.004091460000001916e+02 3.724403575592760814e-15
9.010060010000001967e+02 3.766643743774479460e-15
9.016028560000002017e+02 3.845707290072564575e-15
9.021997110000002067e+02 3.883894232684136420e-15
9.027965660000002117e+02 3.900396173169789779e-15
9.033934210000002167e+02 3.913807456675631335e-15
9.039902760000002218e+02 3.967435640927715049e-15
9.045871310000002268e+02 4.088479756278892395e-15
9.051839860000002318e+02 4.469074827221960631e-15
9.057808410000002368e+02 4.938479116905299352e-15
9.063776960000002418e+02 6.242704693076061530e-15
9.069745510000002469e+02 8.660692603629409642e-15
9.075714060000002519e+02 1.097042633940585060e-14
9.081682610000002569e+02 1.143082940844369943e-14
9.087651160000002619e+02 9.677725269568957372e-15
9.093619710000002669e+02 7.027730227808232281e-15
9.099588260000002720e+02 5.116088187406968651e-15
9.105556810000002770e+02 4.299462926440457765e-15
9.111525360000002820e+02 4.086540791653226245e-15
9.117493910000002870e+02 3.959649005208770995e-15
9.123462460000002920e+02 3.940514051567998182e-15
9.129431010000002971e+02 3.993738563635533670e-15
9.135399560000003021e+02 4.029088649789955141e-15
9.141368110000003071e+02 3.963722302876491386e-15
9.147336660000003121e+02 3.839256117912222717e-15
9.153305210000003171e+02 3.905353535223999026e-15
9.159273760000003222e+02 3.836145388834837323e-15
9.165242310000003272e+02 3.829272702625437469e-15
9.171210860000003322e+02 3.763351919772313794e-15
9.177179410000003372e+02 3.672343914254446885e-15
9.183147960000003422e+02 3.591416339161639807e-15
9.189116510000003473e+02 3.677421039824182150e-15
9.195085060000003523e+02 3.584472062470892284e-15
9.201053610000003573e+02 3.637328809106207675e-15
9.207022160000003623e+02 3.487230778563016423e-15
9.212990710000003673e+02 3.539230669655221244e-15
9.218959260000003724e+02 3.402559757272625298e-15
9.224927810000003774e+02 3.547734771350788708e-15
9.230896360000003824e+02 3.581432700851548335e-15
9.236864910000003874e+02 3.679921577135312917e-15
9.242833460000003925e+02 3.697758981179567683e-15
9.248802010000003975e+02 3.604583412146996251e-15
9.254770560000004025e+02 3.610154757363669090e-15
9.260739110000004075e+02 3.631859608563855731e-15
9.266707660000004125e+02 3.585336946853033237e-15
9.272676210000004176e+02 3.542954489801843755e-15
9.278644760000004226e+02 3.594110237679401068e-15
9.284613310000004276e+02 3.565589125166328741e-15
9.290581860000004326e+02 3.608429003018902376e-15
9.296550410000004376e+02 3.544822309992775080e-15
9.302518960000004427e+02 3.465629410176989995e-15
9.308487510000004477e+02 3.509901766726441198e-15
9.314456060000004527e+02 3.513449398461023918e-15
9.320424610000004577e+02 3.436633927091247459e-15
9.326393160000004627e+02 3.410461249994354493e-15
9.332361710000004678e+02 3.442359381412629299e-15
9.338330260000004728e+02 3.490552487688237433e-15
9.344298810000004778e+02 3.421409241081231939e-15
9.350267360000004828e+02 3.497736068386729585e-15
9.356235910000004878e+02 3.510241654245363942e-15
9.362204460000004929e+02 3.423491163646286809e-15
9.368173010000004979e+02 3.368371399521135486e-15
9.374141560000005029e+02 3.308786485778954896e-15
9.380110110000005079e+02 3.238769656880859789e-15
9.386078660000005129e+02 3.320837996185799645e-15
9.392047210000005180e+02 3.319050910431778281e-15
9.398015760000005230e+02 3.260795215595620875e-15
9.403984310000005280e+02 3.283258569060805368e-15
9.409952860000005330e+02 3.387764614150696185e-15
9.415921410000005380e+02 3.337861142138461852e-15
9.421889960000005431e+02 3.336838357255404114e-15
9.427858510000005481e+02 3.266617685055278088e-15
9.433827060000005531e+02 3.339950647495934260e-15
9.439795610000005581e+02 3.319874312478932738e-15
9.445764160000005631e+02 3.338586190907502408e-15
9.451732710000005682e+02 3.377392692264197790e-15
9.457701260000005732e+02 3.371672367478863051e-15
9.463669810000005782e+02 3.405927409198959655e-15
9.469638360000005832e+02 3.416076084755771424e-15
9.475606910000005882e+02 3.487003740837122408e-15
9.481575460000005933e+02 3.592890077170197252e-15
9.487544010000005983e+02 3.568523888854980172e-15
9.493512560000006033e+02 3.740593060426175544e-15
9.499481110000006083e+02 3.864686127398870792e-15
9.505449660000006133e+02 4.078110510672070268e-15
9.511418210000006184e+02 4.380124211705447757e-15
9.517386760000006234e+02 5.180069113541200491e-15
9.523355310000006284e+02 6.737026484687986167e-15
9.529323860000006334e+02 1.162559655399839124e-14
9.535292410000006385e+02 2.118988860156968837e-14
9.541260960000006435e+02 2.309257357994012842e-14
9.547229510000006485e+02 1.893122274248809125e-14
9.553198060000006535e+02 1.226697322313795619e-14
9.559166610000006585e+02 7.450685899518465432e-15
9.565135160000006636e+02 5.113205388148702958e-15
9.571103710000006686e+02 4.230025066045724990e-15
9.577072260000006736e+02 3.840172297654830736e-15
9.583040810000006786e+02 3.734315400398197604e-15
9.589009360000006836e+02 3.795648816862395949e-15
9.594977910000006887e+02 3.667418444533048999e-15
9.600946460000006937e+02 3.614652245360124534e-15
9.606915010000006987e+02 3.743330225465375067e-15
9.612883560000007037e+02 3.797442370292302154e-15
9.618852110000007087e+02 3.911062039774096783e-15
9.624820660000007138e+02 4.098389573874571590e-15
9.630789210000007188e+02 4.059473345051136984e-15
9.636757760000007238e+02 3.968866112414834232e-15
9.642726310000007288e+02 3.903671047400670574e-15
9.648694860000007338e+02 3.827599581780976744e-15
9.654663410000007389e+02 3.652014670808010407e-15
9.660631960000007439e+02 3.570386579509864002e-15
9.666600510000007489e+02 3.479085298344107946e-15
9.672569060000007539e+02 3.397864001556798879e-15
9.678537610000007589e+02 3.467637289004326758e-15
9.684506160000007640e+02 3.489355298579590093e-15
9.690474710000007690e+02 3.539633672769849614e-15
9.696443260000007740e+02 3.464448501769709249e-15
9.702411810000007790e+02 3.495769671894379713e-15
9.708380360000007840e+02 3.523186149970952433e-15
9.714348910000007891e+02 3.565223812990478688e-15
9.720317460000007941e+02 3.595467557522028224e-15
9.726286010000007991e+02 3.575271458989500683e-15
9.732254560000008041e+02 3.575694088155090589e-15
9.738223110000008091e+02 3.468194624246969959e-15
9.744191660000008142e+02 3.471594391529423478e-15
9.750160210000008192e+02 3.429796701587562497e-15
9.756128760000008242e+02 3.469513138034287282e-15
9.762097310000008292e+02 3.466402855003514731e-15
9.768065860000008342e+02 3.523379957224196558e-15
9.774034410000008393e+02 3.513477499397628284e-15
9.780002960000008443e+02 3.462637106475292092e-15
9.785971510000008493e+02 3.412540942326345937e-15
9.791940060000008543e+02 3.503006778186403146e-15
9.797908610000008593e+02 3.494228134800682778e-15
9.803877160000008644e+02 3.499760450938739560e-15
9.809845710000008694e+02 3.520474855635293850e-15
9.815814260000008744e+02 3.518735273845531375e-15
9.821782810000008794e+02 3.651635085140551750e-15
9.827751360000008845e+02 3.749884880439876744e-15
9.833719910000008895e+02 3.740404828755591363e-15
9.839688460000008945e+02 3.794390965414414209e-15
9.845657010000008995e+02 3.745837007429084057e-15
9.851625560000009045e+02 3.906079699109572281e-15
9.857594110000009096e+02 4.039808934081018717e-15
9.863562660000009146e+02 4.149445407310869855e-15
9.869531210000009196e+02 4.150070764661958771e-15
9.875499760000009246e+02 3.832566756860667745e-15
9.881468310000009296e+02 3.662356038501533998e-15
9.887436860000009347e+02 3.462412298982461503e-15
9.893405410000009397e+02 3.490255420644139319e-15
9.899373960000009447e+02 3.501179548237234209e-15
9.905342510000009497e+02 3.499128625911765804e-15
9.911311060000009547e+02 3.695215623393612680e-15
9.917279610000009598e+02 3.852496565565378200e-15
9.923248160000009648e+02 3.879073360893431051e-15
9.929216710000009698e+02 3.721329199314315998e-15
9.935185260000009748e+02 3.669030903038174930e-15
9.941153810000009798e+02 3.620916747013025780e-15
9.947122360000009849e+02 3.622714091839140163e-15
9.953090910000009899e+02 3.591913458111559874e-15
9.959059460000009949e+02 3.589525547570152006e-15
9.965028010000009999e+02 3.529905396145562747e-15
9.970996560000010049e+02 3.592044149769098767e-15
9.976965110000010100e+02 3.560284069777472986e-15
9.982933660000010150e+02 3.603704700319859142e-15
9.988902210000010200e+02 3.607196576227847551e-15
9.994870760000010250e+02 3.620838688855792876e-15
1.000083931000001030e+03 3.552676075726939163e-15
1.000680786000001035e+03 3.530328471357765891e-15
1.001277641000001040e+03 3.556068483240282155e-15
1.001874496000001045e+03 3.553258389579896830e-15
1.002471351000001050e+03 3.592212309342109359e-15
1.003068206000001055e+03 3.662703508812874281e-15
1.003665061000001060e+03 3.688199087151598816e-15
1.004261916000001065e+03 3.679623617997989118e-15
1.004858771000001070e+03 3.758890115504879467e-15
1.005455626000001075e+03 3.955365619586440674e-15
1.006052481000001080e+03 4.044741317524914286e-15
1.006649336000001085e+03 3.888024624318290440e-15
1.007246191000001090e+03 3.753869860878270817e-15
1.007843046000001095e+03 3.616339862719500087e-15
1.008439901000001100e+03 3.597324449570946280e-15
1.009036756000001105e+03 3.566258641132080815e-15
1.009633611000001110e+03 3.567470995825561263e-15
1.010230466000001115e+03 3.598806216418534106e-15
1.010827321000001120e+03 3.639731885232449833e-15
1.011424176000001125e+03 3.688380851146297762e-15
1.012021031000001130e+03 3.806621117489668794e-15
1.012617886000001135e+03 3.932913417286575279e-15
1.013214741000001140e+03 4.114269725382037987e-15
1.013811596000001146e+03 4.130447389980214946e-15
1.014408451000001151e+03 3.987408716153862977e-15
1.015005306000001156e+03 3.788202068662375034e-15
1.015602161000001161e+03 3.650060317574204531e-15
1.016199016000001166e+03 3.553145762810175508e-15
1.016795871000001171e+03 3.465523251083152726e-15
1.017392726000001176e+03 3.530611041886948781e-15
1.017989581000001181e+03 3.546428077798709552e-15
1.018586436000001186e+03 3.593673111998896333e-15
1.019183291000001191e+03 3.504881958146444603e-15
1.019780146000001196e+03 3.516020634160276669e-15
1.020377001000001201e+03 3.473242979810182974e-15
1.020973856000001206e+03 3.504786058124701141e-15
1.021570711000001211e+03 3.513749364808105313e-15
1.022167566000001216e+03 3.558896864811790488e-15
1.022764421000001221e+03 3.600095291129409323e-15
1.023361276000001226e+03 3.579359699218748351e-15
1.023958131000001231e+03 3.527341074168808075e-15
1.024554986000001236e+03 3.583976504684116575e-15
1.025151841000001241e+03 3.603256869520648546e-15
1.025748696000001246e+03 3.645457785600444122e-15
1.026345551000001251e+03 3.670520252678179113e-15
1.026942406000001256e+03 3.745552875736755624e-15
1.027539261000001261e+03 3.735333055745208634e-15
1.028136116000001266e+03 3.900997444003789915e-15
1.028732971000001271e+03 4.149398126369917191e-15
1.029329826000001276e+03 4.370442323928888263e-15
1.029926681000001281e+03 4.359980300626612968e-15
1.030523536000001286e+03 4.361876890824066543e-15
1.031120391000001291e+03 4.212378569951730674e-15
1.031717246000001296e+03 4.304414935935314475e-15
1.032314101000001301e+03 4.504720642280642082e-15
1.032910956000001306e+03 4.821596616451168713e-15
1.033507811000001311e+03 4.934561043458818295e-15
1.034104666000001316e+03 4.814721700008705039e-15
1.034701521000001321e+03 4.669418893575986412e-15
1.035298376000001326e+03 4.299073081700906483e-15
1.035895231000001331e+03 4.061723204165896615e-15
1.036492086000001336e+03 3.929075186183778497e-15
1.037088941000001341e+03 3.875745407115631820e-15
1.037685796000001346e+03 3.894363838778828860e-15
1.038282651000001351e+03 3.904288821959342345e-15
1.038879506000001356e+03 3.841252622550934156e-15
1.039476361000001361e+03 3.813560264644369216e-15
1.040073216000001366e+03 3.828095139567752453e-15
1.040670071000001371e+03 3.784167577049964477e-15
1.041266926000001376e+03 3.761631517986899616e-15
1.041863781000001381e+03 3.793526527078885705e-15
1.042460636000001386e+03 3.745723711589443273e-15
1.043057491000001392e+03 3.685244697411985454e-15
1.043654346000001397e+03 3.623703646249548011e-15
1.044251201000001402e+03 3.565057437603919467e-15
1.044848056000001407e+03 3.581296656634656906e-15
1.045444911000001412e+03 3.598121311844641518e-15
1.046041766000001417e+03 3.610444687661962507e-15
1.046638621000001422e+03 3.584278032194341540e-15
1.047235476000001427e+03 3.468611008759981248e-15
1.047832331000001432e+03 3.564333057904797583e-15
1.048429186000001437e+03 3.588690102264453159e-15
1.049026041000001442e+03 3.547732987164337731e-15
1.049622896000001447e+03 3.535360100172999469e-15
1.050219751000001452e+03 3.530879561947830081e-15
1.050816606000001457e+03 3.549417482197423779e-15
1.051413461000001462e+03 3.515600681274363820e-15
1.052010316000001467e+03 3.542536544125688896e-15
1.052607171000001472e+03 3.611019195699196806e-15
1.053204026000001477e+03 3.676225634901987364e-15
1.053800881000001482e+03 3.670804384370506757e-15
1.054397736000001487e+03 3.585697352516143202e-15
1.054994591000001492e+03 3.513531248014465395e-15
1.055591446000001497e+03 3.527162209477091227e-15
1.056188301000001502e+03 3.507861549519678654e-15
1.056785156000001507e+03 3.551299798903269538e-15
1.057382011000001512e+03 3.602667641945193195e-15
1.057978866000001517e+03 3.576908673081634856e-15
1.058575721000001522e+03 3.560450222140725983e-15
1.059172576000001527e+03 3.559937268536052164e-15
1.059769431000001532e+03 3.519292609088174576e-15
1.060366286000001537e+03 3.501496464355599293e-15
1.060963141000001542e+03 3.524768054283104742e-15
1.061559996000001547e+03 3.636418874016177878e-15
1.062156851000001552e+03 3.868941858131209590e-15
1.062753706000001557e+03 3.564451260257179243e-15
1.063350561000001562e+03 3.511976998592305002e-15
1.063947416000001567e+03 3.667149701448861870e-15
1.064544271000001572e+03 3.633721407125514663e-15
1.065141126000001577e+03 3.556051756492303507e-15
1.065737981000001582e+03 3.585949591875658696e-15
1.066334836000001587e+03 3.570494076743539011e-15
1.066931691000001592e+03 3.618800255835482099e-15
1.067528546000001597e+03 3.632699291312375993e-15
1.068125401000001602e+03 3.611952325213090486e-15
1.068722256000001607e+03 3.617974846578569652e-15
1.069319111000001612e+03 3.627954470469145932e-15
1.069915966000001617e+03 3.568810250780371636e-15
1.070512821000001622e+03 3.564689226125086133e-15
1.071109676000001627e+03 3.650578623738230886e-15
1.071706531000001632e+03 3.675088885109368988e-15
1.072303386000001638e+03 3.660012063551483064e-15
1.072900241000001643e+03 3.653551524412273478e-15
1.073497096000001648e+03 3.676534745204629474e-15
1.074093951000001653e+03 3.573688216537510634e-15
1.074690806000001658e+03 3.583227369397987239e-15
1.075287661000001663e+03 3.627839390443054567e-15
1.075884516000001668e+03 3.686113596213640809e-15
1.076481371000001673e+03 3.660763652093983234e-15
1.077078226000001678e+03 3.747722000414605295e-15
1.077675081000001683e+03 3.786165865875127287e-15
1.078271936000001688e+03 3.834524901490681799e-15
1.078868791000001693e+03 3.788110183060146763e-15
1.079465646000001698e+03 3.823851452093958439e-15
1.080062501000001703e+03 3.999918985501930803e-15
1.080659356000001708e+03 4.173242886194818410e-15
1.081256211000001713e+03 4.480293791626090209e-15
1.081853066000001718e+03 5.100727680203366743e-15
1.082449921000001723e+03 6.323221013191903236e-15
1.083046776000001728e+03 8.920801117487251535e-15
1.083643631000001733e+03 1.162963506003031699e-14
1.084240486000001738e+03 1.314225762810186372e-14
1.084837341000001743e+03 1.190094380433454985e-14
1.085434196000001748e+03 8.741696452692999041e-15
1.086031051000001753e+03 6.174200408241833307e-15
1.086627906000001758e+03 4.697646953464475028e-15
1.087224761000001763e+03 4.052857135644074828e-15
1.087821616000001768e+03 3.873022292544734677e-15
1.088418471000001773e+03 3.761274680696692394e-15
1.089015326000001778e+03 3.714083618136648946e-15
1.089612181000001783e+03 3.671419705672808484e-15
1.090209036000001788e+03 3.743698213920901388e-15
1.090805891000001793e+03 3.700795220472622126e-15
1.091402746000001798e+03 3.689825150078413890e-15
1.091999601000001803e+03 3.709566058042619913e-15
1.092596456000001808e+03 3.727461894193146442e-15
1.093193311000001813e+03 3.766933228026160429e-15
1.093790166000001818e+03 3.998761940588431825e-15
1.094387021000001823e+03 4.170021091510856842e-15
1.094983876000001828e+03 4.263346532205315860e-15
1.095580731000001833e+03 4.076689406163818813e-15
1.096177586000001838e+03 3.803042931562110875e-15
1.096774441000001843e+03 3.566990603623619055e-15
1.097371296000001848e+03 3.459923804929875520e-15
1.097968151000001853e+03 3.407109655746078535e-15
1.098565006000001858e+03 3.311797077391775411e-15
1.099161861000001863e+03 3.335092976859676259e-15
1.099758716000001868e+03 3.294461029740262523e-15
1.100355571000001873e+03 3.110162598187037463e-15
1.100952426000001878e+03 3.230328001711078095e-15
1.101549281000001884e+03 3.193379061473220230e-15
1.102146136000001889e+03 3.105566533889163077e-15
1.102742991000001894e+03 3.205294304639866537e-15
1.103339846000001899e+03 3.157718526876318120e-15
1.103936701000001904e+03 3.100107369395598322e-15
1.104533556000001909e+03 3.118223106526215352e-15
1.105130411000001914e+03 3.068736465073604756e-15
1.105727266000001919e+03 3.010981234536963935e-15
1.106324121000001924e+03 2.982870261884324281e-15
1.106920976000001929e+03 2.897011864510766386e-15
1.107517831000001934e+03 3.036309768419209788e-15
1.108114686000001939e+03 3.075577258950192066e-15
1.108711541000001944e+03 3.046075289935661735e-15
1.109308396000001949e+03 2.996327934237893209e-15
1.109905251000001954e+03 2.978461983210420840e-15
1.110502106000001959e+03 3.034258623070434764e-15
1.111098961000001964e+03 3.086827446617214333e-15
1.111695816000001969e+03 3.076410027976214251e-15
1.112292671000001974e+03 3.022425675503842381e-15
1.112889526000001979e+03 2.999333396314667412e-15
1.113486381000001984e+03 3.054346778322674847e-15
1.114083236000001989e+03 3.154598430820064999e-15
1.114680091000001994e+03 3.215448332756032026e-15
1.115276946000001999e+03 3.225366179190740814e-15
1.115873801000002004e+03 3.238887636209934436e-15
1.116470656000002009e+03 3.189753594604710435e-15
1.117067511000002014e+03 3.108343843123510568e-15
1.117664366000002019e+03 2.945591024129717624e-15
1.118261221000002024e+03 2.824092164256831603e-15
1.118858076000002029e+03 2.738881872611613665e-15
1.119454931000002034e+03 2.804976613643714101e-15
1.120051786000002039e+03 2.884171743692563005e-15
1.120648641000002044e+03 3.058232290366423504e-15
1.121245496000002049e+03 3.198689469421429704e-15
1.121842351000002054e+03 3.229298749152135517e-15
1.122439206000002059e+03 3.216599356040258218e-15
1.123036061000002064e+03 3.209418228598135321e-15
1.123632916000002069e+03 3.289632575157140009e-15
1.124229771000002074e+03 3.294390108328833527e-15
1.124826626000002079e+03 3.266875276974146512e-15
1.125423481000002084e+03 3.162183453470041558e-15
1.126020336000002089e+03 3.093454361142983534e-15
1.126617191000002094e+03 3.196541978004297980e-15
1.127214046000002099e+03 3.243229676961842350e-15
1.127810901000002104e+03 3.223989233297152517e-15
1.128407756000002109e+03 3.168686813084076168e-15
1.129004611000002114e+03 3.186244991948743773e-15
1.129601466000002119e+03 3.115907009489461771e-15
1.130198321000002124e+03 3.061085873571553315e-15
1.130795176000002130e+03 2.986487030843885020e-15
1.131392031000002135e+03 3.006842591040474493e-15
1.131988886000002140e+03 3.177201619898349889e-15
1.132585741000002145e+03 3.191369398459432096e-15
1.133182596000002150e+03 3.156392876343196890e-15
1.133779451000002155e+03 3.105731571135883770e-15
1.134376306000002160e+03 3.168359191847004039e-15
1.134973161000002165e+03 3.179236707569064937e-15
1.135570016000002170e+03 3.131474928367996159e-15
1.136166871000002175e+03 3.111402161723896196e-15
1.136763726000002180e+03 3.113995476730480525e-15
1.137360581000002185e+03 3.185231797067860382e-15
1.137957436000002190e+03 3.149316792878378958e-15
1.138554291000002195e+03 3.166067850397258306e-15
1.139151146000002200e+03 3.217646004417098117e-15
1.139748001000002205e+03 3.255026940799414010e-15
1.140344856000002210e+03 3.165100375294182826e-15
1.140941711000002215e+03 3.212967421495863188e-15
1.141538566000002220e+03 3.276720417810976116e-15
1.142135421000002225e+03 3.248445969074759339e-15
1.142732276000002230e+03 3.308456411285513116e-15
1.143329131000002235e+03 3.225113939831225320e-15
1.143925986000002240e+03 3.246014568988606985e-15
1.144522841000002245e+03 3.237850354811962264e-15
1.145119696000002250e+03 3.290577970952883909e-15
1.145716551000002255e+03 3.349897486960472311e-15
1.146313406000002260e+03 3.373473949747798454e-15
1.146910261000002265e+03 3.398116686962927215e-15
1.147507116000002270e+03 3.436395292153421108e-15
1.148103971000002275e+03 3.471614240603691632e-15
1.148700826000002280e+03 3.444018674812095051e-15
1.149297681000002285e+03 3.365226101831261675e-15
1.149894536000002290e+03 3.338850027478949844e-15
1.150491391000002295e+03 3.332795167734045291e-15
1.151088246000002300e+03 3.343826792560814796e-15
1.151685101000002305e+03 3.329324702063469000e-15
1.152281956000002310e+03 3.333191034102869359e-15
1.152878811000002315e+03 3.421148303812767390e-15
1.153475666000002320e+03 3.407160059013320310e-15
1.154072521000002325e+03 3.379923114698383112e-15
1.154669376000002330e+03 3.338436096222308993e-15
1.155266231000002335e+03 3.324700982875603881e-15
1.155863086000002340e+03 3.323016487842517044e-15
1.156459941000002345e+03 3.306036608411292310e-15
1.157056796000002350e+03 3.302195478005513035e-15
1.157653651000002355e+03 3.309126373297877639e-15
1.158250506000002360e+03 3.344548272956953398e-15
1.158847361000002365e+03 3.341949828414322756e-15
1.159444216000002370e+03 3.343971088640042832e-15
1.160041071000002376e+03 3.290885297069074647e-15
1.160637926000002381e+03 3.267153387037202158e-15
1.161234781000002386e+03 3.232115756535018920e-15
1.161831636000002391e+03 3.241741442438370077e-15
1.162428491000002396e+03 3.277840217832308436e-15
1.163025346000002401e+03 3.297397577615364931e-15
1.163622201000002406e+03 3.380401722713874342e-15
1.164219056000002411e+03 3.345690152285618087e-15
1.164815911000002416e+03 3.323680874272222806e-15
1.165412766000002421e+03 3.237749771300784938e-15
1.166009621000002426e+03 3.254074631281172426e-15
1.166606476000002431e+03 3.284595147735939474e-15
1.167203331000002436e+03 3.284813710576191841e-15
1.167800186000002441e+03 3.361648361950316993e-15
1.168397041000002446e+03 3.325531298645255232e-15
1.168993896000002451e+03 3.304871088612151684e-15
1.169590751000002456e+03 3.313720207362688599e-15
1.170187606000002461e+03 3.259993892855798392e-15
1.170784461000002466e+03 3.261594754148992381e-15
1.171381316000002471e+03 3.265957313045087122e-15
1.171978171000002476e+03 3.257351735745117040e-15
1.172575026000002481e+03 3.239620713818005374e-15
1.173171881000002486e+03 3.288566523752644799e-15
1.173768736000002491e+03 3.339128583588618332e-15
1.174365591000002496e+03 3.300395679923028214e-15
1.174962446000002501e+03 3.314767301786141735e-15
1.175559301000002506e+03 3.324858437329907428e-15
1.176156156000002511e+03 3.279528281238297227e-15
1.176753011000002516e+03 3.239646138474932289e-15
1.177349866000002521e+03 3.285086691103200386e-15
1.177946721000002526e+03 3.255883796342525369e-15
1.178543576000002531e+03 3.112583070131177336e-15
1.179140431000002536e+03 3.190992712094956720e-15
1.179737286000002541e+03 3.346125493779671450e-15
1.180334141000002546e+03 3.347171250063286058e-15
1.180930996000002551e+03 3.244644090770903529e-15
1.181527851000002556e+03 3.234028181387225063e-15
1.182124706000002561e+03 3.253063666633352855e-15
1.182721561000002566e+03 3.187889342786681459e-15
1.183318416000002571e+03 3.180291830831548456e-15
1.183915271000002576e+03 3.195974606712868379e-15
1.184512126000002581e+03 3.225646519486860279e-15
1.185108981000002586e+03 3.250756044482240922e-15
1.185705836000002591e+03 3.312029467677023540e-15
1.186302691000002596e+03 3.360132918583466434e-15
1.186899546000002601e+03 3.278436359130261865e-15
1.187496401000002606e+03 3.278210213497592353e-15
1.188093256000002611e+03 3.368693445175547672e-15
1.188690111000002616e+03 3.464087204013373599e-15
1.189286966000002622e+03 3.563241358820068840e-15
1.189883821000002627e+03 3.583970929101457026e-15
1.190480676000002632e+03 3.541516658545614046e-15
1.191077531000002637e+03 3.422744258593220897e-15
1.191674386000002642e+03 3.320151084402149855e-15
1.192271241000002647e+03 3.313035079765489392e-15
1.192868096000002652e+03 3.321326194203464433e-15
1.193464951000002657e+03 3.250818267984721257e-15
1.194061806000002662e+03 3.299104598002395796e-15
1.194658661000002667e+03 3.236075758363098528e-15
1.195255516000002672e+03 3.238115975569860677e-15
1.195852371000002677e+03 3.235339335405432254e-15
1.196449226000002682e+03 3.283826609422154826e-15
1.197046081000002687e+03 3.252603346528984631e-15
1.197642936000002692e+03 3.190066496303561512e-15
1.198239791000002697e+03 3.136079021504900137e-15
1.198836646000002702e+03 3.059603437654046421e-15
1.199433501000002707e+03 3.081284425360451295e-15
1.200030356000002712e+03 3.113623473855439013e-15
1.200627211000002717e+03 3.164801301040327511e-15
1.201224066000002722e+03 3.205419197691439262e-15
1.201820921000002727e+03 3.200607692879602015e-15
1.202417776000002732e+03 3.227007853749002627e-15
1.203014631000002737e+03 3.234530206849886401e-15
1.203611486000002742e+03 3.169356775096440691e-15
1.204208341000002747e+03 3.199251711176812993e-15
1.204805196000002752e+03 3.198997910654152746e-15
1.205402051000002757e+03 3.205913863384990074e-15
1.205998906000002762e+03 3.293997364286298569e-15
1.206595761000002767e+03 3.311555543150966173e-15
1.207192616000002772e+03 3.257038164976346896e-15
1.207789471000002777e+03 3.199398460512410284e-15
1.208386326000002782e+03 3.191275728670752454e-15
1.208983181000002787e+03 3.182090067750888524e-15
1.209580036000002792e+03 3.220837021884780234e-15
1.210176891000002797e+03 3.318571187299755141e-15
1.210773746000002802e+03 3.288702567969536228e-15
1.211370601000002807e+03 3.248130837142844837e-15
1.211967456000002812e+03 3.344013909114867462e-15
1.212564311000002817e+03 3.281954774811709493e-15
1.213161166000002822e+03 3.271476693831374223e-15
1.213758021000002827e+03 3.270342174271820455e-15
1.214354876000002832e+03 3.274935785313325191e-15
1.214951731000002837e+03 3.339173411273200558e-15
1.215548586000002842e+03 3.339456873895609529e-15
1.216145441000002847e+03 3.325078115286691705e-15
1.216742296000002852e+03 3.359649627078541340e-15
1.217339151000002857e+03 3.298506895541298009e-15
1.217936006000002862e+03 3.335736176075275734e-15
1.218532861000002868e+03 3.362447900503688894e-15
1.219129716000002873e+03 3.308554318517013385e-15
1.219726571000002878e+03 3.294860687505294769e-15
1.220323426000002883e+03 3.287303542768615958e-15
1.220920281000002888e+03 3.245368024423411781e-15
1.221517136000002893e+03 3.288120923186497628e-15
1.222113991000002898e+03 3.273235455625485391e-15
1.222710846000002903e+03 3.307493173625258263e-15
1.223307701000002908e+03 3.289767727280806147e-15
1.223904556000002913e+03 3.278891995745195831e-15
1.224501411000002918e+03 3.284001905740969720e-15
1.225098266000002923e+03 3.213590548613887890e-15
1.225695121000002928e+03 3.225428625716527768e-15
1.226291976000002933e+03 3.230356102647682461e-15
1.226888831000002938e+03 3.251294422743842049e-15
1.227485686000002943e+03 3.272873042752617830e-15
1.228082541000002948e+03 3.242065941349153095e-15
1.228679396000002953e+03 3.132194624577683784e-15
1.229276251000002958e+03 3.102970765626208704e-15
1.229873106000002963e+03 3.200120163931855900e-15
1.230469961000002968e+03 3.226173746583142308e-15
1.231066816000002973e+03 3.283042459476923440e-15
1.231663671000002978e+03 3.239706131744348410e-15
1.232260526000002983e+03 3.254938400546781074e-15
1.232857381000002988e+03 3.319658202895050415e-15
1.233454236000002993e+03 3.262222564756451341e-15
1.234051091000002998e+03 3.454410668796167430e-15
1.234647946000003003e+03 3.399159320920252318e-15
1.235244801000003008e+03 3.299710329302523177e-15
1.235841656000003013e+03 3.250192464587019498e-15
1.236438511000003018e+03 3.133954501488326468e-15
1.237035366000003023e+03 3.244551313075448784e-15
1.237632221000003028e+03 3.297734565831304394e-15
1.238229076000003033e+03 3.233243808418687847e-15
1.238825931000003038e+03 3.174067250350488164e-15
1.239422786000003043e+03 3.284575298661672109e-15
1.240019641000003048e+03 3.208278356479228228e-15
1.240616496000003053e+03 3.216845127723888477e-15
1.241213351000003058e+03 3.226722383916836454e-15
1.241810206000003063e+03 3.237094528826641468e-15
1.242407061000003068e+03 3.176430405304888579e-15
1.243003916000003073e+03 3.143036456570724355e-15
1.243600771000003078e+03 3.142631000199725940e-15
1.244197626000003083e+03 3.094910034263723801e-15
1.244794481000003088e+03 3.082503247729816582e-15
1.245391336000003093e+03 3.094309209476336509e-15
1.245988191000003098e+03 3.200622412417823068e-15
1.246585046000003103e+03 3.173032645232192261e-15
1.247181901000003108e+03 3.147311813354025083e-15
1.247778756000003114e+03 3.121114826716736324e-15
1.248375611000003119e+03 3.199097602072104387e-15
1.248972466000003124e+03 3.249033635487070331e-15
1.249569321000003129e+03 3.271594450137143040e-15
1.250166176000003134e+03 3.240953724120236737e-15
1.250763031000003139e+03 3.223356516176952680e-15
1.251359886000003144e+03 3.109698040639848218e-15
1.251956741000003149e+03 3.243551276569642481e-15
1.252553596000003154e+03 3.465028808412909321e-15
1.253150451000003159e+03 3.566326440217220306e-15
1.253747306000003164e+03 3.629657030390049552e-15
1.254344161000003169e+03 3.582747646265963704e-15
1.254941016000003174e+03 3.581708357658233937e-15
1.255537871000003179e+03 3.684801104055596273e-15
1.256134726000003184e+03 3.692915584034917892e-15
1.256731581000003189e+03 3.940854831180146217e-15
1.257328436000003194e+03 4.428156741200462049e-15
1.257925291000003199e+03 4.859680076248579952e-15
1.258522146000003204e+03 4.759278106042690948e-15
1.259119001000003209e+03 4.357031486469659157e-15
1.259715856000003214e+03 3.828158032140151855e-15
1.260312711000003219e+03 3.644246323000190149e-15
1.260909566000003224e+03 3.447987820595736162e-15
1.261506421000003229e+03 3.400209537669994959e-15
1.262103276000003234e+03 3.389381310098643137e-15
1.262700131000003239e+03 3.389258870303440851e-15
1.263296986000003244e+03 3.375026414983508264e-15
1.263893841000003249e+03 3.329323363923630866e-15
1.264490696000003254e+03 3.349667772954901239e-15
1.265087551000003259e+03 3.374757894922627359e-15
1.265684406000003264e+03 3.384332285465511449e-15
1.266281261000003269e+03 3.344997218872695904e-15
1.266878116000003274e+03 3.486118338310794235e-15
1.267474971000003279e+03 3.534523762774075725e-15
1.268071826000003284e+03 3.577121660339227279e-15
1.268668681000003289e+03 3.550352395897767648e-15
1.269265536000003294e+03 3.485731838920837894e-15
1.269862391000003299e+03 3.470899896953356938e-15
1.270459246000003304e+03 3.456883328194000056e-15
1.271056101000003309e+03 3.519132701377500196e-15
1.271652956000003314e+03 3.487653630751912948e-15
1.272249811000003319e+03 3.464318033135476581e-15
1.272846666000003324e+03 3.482682218229401321e-15
1.273443521000003329e+03 3.376594714873971431e-15
1.274040376000003334e+03 3.334632210708695193e-15
1.274637231000003339e+03 3.371172572249265927e-15
1.275234086000003344e+03 3.380495169479246971e-15
1.275830941000003349e+03 3.393216864921762863e-15
1.276427796000003354e+03 3.409692934703875675e-15
1.277024651000003360e+03 3.413970521720240618e-15
1.277621506000003365e+03 3.477214132803581286e-15
1.278218361000003370e+03 3.494463647412219229e-15
1.278815216000003375e+03 3.499001948673741313e-15
1.279412071000003380e+03 3.563146350891550275e-15
1.280008926000003385e+03 3.666417961980629854e-15
1.280605781000003390e+03 3.690564918385675499e-15
1.281202636000003395e+03 3.734911764719456862e-15
1.281799491000003400e+03 4.015706805360555692e-15
1.282396346000003405e+03 4.571760556085179800e-15
1.282993201000003410e+03 5.103365153824614626e-15
1.283590056000003415e+03 4.928897589616610171e-15
1.284186911000003420e+03 4.307600154797030818e-15
1.284783766000003425e+03 3.896277824794180545e-15
1.285380621000003430e+03 3.680577042632763401e-15
1.285977476000003435e+03 3.670800592974298579e-15
1.286574331000003440e+03 3.785801445792502920e-15
1.287171186000003445e+03 3.756619738245933797e-15
1.287768041000003450e+03 3.939423913646413797e-15
1.288364896000003455e+03 3.783677817869154542e-15
1.288961751000003460e+03 3.736989449841691500e-15
1.289558606000003465e+03 3.743044755633209289e-15
1.290155461000003470e+03 3.640850570137251427e-15
1.290752316000003475e+03 3.596997720427099836e-15
1.291349171000003480e+03 3.595583752664652288e-15
1.291946026000003485e+03 3.627003722114049495e-15
1.292542881000003490e+03 3.625283543351941542e-15
1.293139736000003495e+03 3.645363223718539583e-15
1.293736591000003500e+03 3.580624464389228563e-15
1.294333446000003505e+03 3.507468582453837867e-15
1.294930301000003510e+03 3.430385706139711229e-15
1.295527156000003515e+03 3.458882955159001395e-15
1.296124011000003520e+03 3.397876936908568560e-15
1.296720866000003525e+03 3.440225717440494126e-15
1.297317721000003530e+03 3.396169024428312010e-15
1.297914576000003535e+03 3.404238007653132335e-15
1.298511431000003540e+03 3.415781917014656986e-15
1.299108286000003545e+03 3.444938868974217867e-15
1.299705141000003550e+03 3.386795354861169729e-15
1.300301996000003555e+03 3.290891987768266896e-15
1.300898851000003560e+03 3.208827216836228993e-15
1.301495706000003565e+03 3.231154303061215438e-15
1.302092561000003570e+03 3.196270335617127570e-15
1.302689416000003575e+03 3.271656450616316362e-15
1.303286271000003580e+03 3.200035415075431536e-15
1.303883126000003585e+03 3.240916702251377486e-15
1.304479981000003590e+03 3.239084788812774291e-15
1.305076836000003595e+03 3.269118668413020909e-15
1.305673691000003600e+03 3.267483684553950556e-15
1.306270546000003606e+03 3.313382104030216438e-15
1.306867401000003611e+03 3.270799595073205397e-15
1.307464256000003616e+03 3.274987972767017548e-15
1.308061111000003621e+03 3.290604510726342734e-15
1.308657966000003626e+03 3.225909463965082030e-15
1.309254821000003631e+03 3.186101364939435198e-15
1.309851676000003636e+03 3.190780616930589588e-15
1.310448531000003641e+03 3.197216623506097156e-15
1.311045386000003646e+03 3.183331638497504459e-15
1.311642241000003651e+03 3.231082043509948308e-15
1.312239096000003656e+03 3.231246411686750722e-15
1.312835951000003661e+03 3.057539579976808335e-15
1.313432806000003666e+03 2.994667971768508784e-15
1.314029661000003671e+03 3.079120430218647541e-15
1.314626516000003676e+03 3.094249885276839849e-15
1.315223371000003681e+03 3.134364641348759141e-15
1.315820226000003686e+03 3.149966013723250825e-15
1.316417081000003691e+03 3.171320495309114689e-15
1.317013936000003696e+03 3.191733595518750239e-15
1.317610791000003701e+03 3.222437437131361380e-15
1.318207646000003706e+03 3.323817587559033697e-15
1.318804501000003711e+03 3.373466589978688322e-15
1.319401356000003716e+03 3.507425985002319067e-15
1.319998211000003721e+03 3.648194058546417959e-15
1.320595066000003726e+03 3.529592271423405841e-15
1.321191921000003731e+03 3.618845306543370154e-15
1.321788776000003736e+03 3.816656720230146005e-15
1.322385631000003741e+03 3.893892367509141932e-15
1.322982486000003746e+03 3.586522092703135398e-15
1.323579341000003751e+03 3.486899811976349353e-15
1.324176196000003756e+03 3.249135780161392016e-15
1.324773051000003761e+03 3.000210770001965204e-15
1.325369906000003766e+03 2.884312025352275850e-15
1.325966761000003771e+03 2.959854925735849517e-15
1.326563616000003776e+03 3.007486013279380191e-15
1.327160471000003781e+03 3.111472860112018573e-15
1.327757326000003786e+03 2.932721687258378361e-15
1.328354181000003791e+03 2.789797647411505704e-15
1.328951036000003796e+03 2.644447560037834018e-15
1.329547891000003801e+03 2.614150958982672269e-15
1.330144746000003806e+03 2.663971466324933216e-15
1.330741601000003811e+03 2.795460878230407604e-15
1.331338456000003816e+03 2.728192365536830724e-15
1.331935311000003821e+03 2.325116768333985320e-15
1.332532166000003826e+03 2.211268946009764766e-15
1.333129021000003831e+03 2.107990421198188687e-15
1.333725876000003836e+03 2.126598370765986090e-15
1.334322731000003841e+03 2.015139797123011538e-15
1.334919586000003846e+03 1.760513753694251397e-15
1.335516441000003852e+03 1.314767218793415326e-15
1.336113296000003857e+03 1.049318746399269531e-15
1.336710151000003862e+03 1.435749779712031799e-15
1.337307006000003867e+03 1.501194519317688386e-15
1.337903861000003872e+03 1.514502766055982571e-15
1.338500716000003877e+03 1.281197862228783293e-15
1.339097571000003882e+03 1.115884289631137828e-15
1.339694426000003887e+03 1.001537006612279486e-15
1.340291281000003892e+03 9.949538046545609955e-16
1.340888136000003897e+03 8.801124692562447475e-16
1.341484991000003902e+03 7.501368280428231531e-16
1.342081846000003907e+03 4.755329143868277131e-16
1.342678701000003912e+03 5.940753773103428754e-16
1.343275556000003917e+03 9.117119167114507222e-16
1.343872411000003922e+03 1.055198644360319511e-15
1.344469266000003927e+03 1.000063045580415423e-15
1.345066121000003932e+03 8.249797697793236448e-16
1.345662976000003937e+03 8.945843400955758641e-16
1.346259831000003942e+03 1.072202721820286729e-15
1.346856686000003947e+03 1.168877861064917222e-15
1.347453541000003952e+03 1.317485984409838139e-15
1.348050396000003957e+03 1.080471087881010730e-15
1.348647251000003962e+03 6.200561428520963960e-16
1.349244106000003967e+03 5.965522741509968177e-16
1.349840961000003972e+03 8.418877241942410776e-16
1.350437816000003977e+03 1.013357464873714439e-15
1.351034671000003982e+03 9.475371540201143852e-16
1.351631526000003987e+03 7.756670865056893162e-16
1.352228381000003992e+03 7.921686367005562898e-16
1.352825236000003997e+03 8.368581583445907637e-16
1.353422091000004002e+03 1.122869268075299471e-15
1.354018946000004007e+03 1.295337651364914838e-15
1.354615801000004012e+03 1.424049307989429287e-15
1.355212656000004017e+03 1.505677845334187943e-15
1.355809511000004022e+03 1.636197663415176340e-15
1.356406366000004027e+03 1.695305530305010650e-15
1.357003221000004032e+03 1.542728038153142398e-15
1.357600076000004037e+03 1.667881692459327010e-15
1.358196931000004042e+03 1.692701510179720459e-15
1.358793786000004047e+03 1.779282391554295359e-15
1.359390641000004052e+03 1.505503998666864689e-15
1.359987496000004057e+03 1.421646231863186931e-15
1.360584351000004062e+03 1.145698714297906590e-15
1.361181206000004067e+03 8.627875727700503661e-16
1.361778061000004072e+03 7.925318301549957336e-16
1.362374916000004077e+03 7.772356651752849676e-16
1.362971771000004082e+03 7.081057442108356394e-16
1.363568626000004087e+03 6.608965052513222974e-16
1.364165481000004092e+03 6.278363108951552143e-16
1.364762336000004098e+03 7.508379575622545971e-16
1.365359191000004103e+03 8.677926060559989581e-16
1.365956046000004108e+03 8.299777220752946879e-16
1.366552901000004113e+03 1.008577183324770077e-15
1.367149756000004118e+03 1.343784446651529515e-15
1.367746611000004123e+03 1.508939561189992240e-15
1.368343466000004128e+03 1.323783158977124503e-15
1.368940321000004133e+03 1.428997080041464582e-15
1.369537176000004138e+03 1.726518868661046965e-15
1.370134031000004143e+03 1.974997832207713961e-15
1.370730886000004148e+03 1.989276676375373525e-15
1.371327741000004153e+03 1.988917162805489246e-15
1.371924596000004158e+03 1.852735563557090393e-15
1.372521451000004163e+03 1.495853668688158403e-15
1.373118306000004168e+03 1.381085986736774172e-15
1.373715161000004173e+03 1.711068706088280606e-15
1.374312016000004178e+03 1.683828750958707014e-15
1.374908871000004183e+03 1.245261336290236048e-15
1.375505726000004188e+03 8.084534082416220704e-16
1.376102581000004193e+03 8.148319305599105118e-16
1.376699436000004198e+03 1.306596648452538680e-15
1.377296291000004203e+03 1.942382457836121573e-15
1.377893146000004208e+03 2.356067273723453195e-15
1.378490001000004213e+03 2.261769897459790663e-15
1.379086856000004218e+03 2.067462402939547217e-15
1.379683711000004223e+03 1.638687941654212905e-15
1.380280566000004228e+03 1.503745794431019870e-15
1.380877421000004233e+03 7.668916769579107773e-16
1.381474276000004238e+03 7.929484376913132472e-16
1.382071131000004243e+03 1.453932535346216140e-15
1.382667986000004248e+03 2.012214846459841071e-15
1.383264841000004253e+03 2.343405794573660043e-15
1.383861696000004258e+03 2.117475379395214550e-15
1.384458551000004263e+03 1.696175432711545000e-15
1.385055406000004268e+03 1.296736565054181996e-15
1.385652261000004273e+03 1.645515019597457566e-15
1.386249116000004278e+03 1.940559688353079487e-15
1.386845971000004283e+03 2.018253202480073594e-15
1.387442826000004288e+03 1.821732201644011094e-15
1.388039681000004293e+03 2.005876970139139996e-15
1.388636536000004298e+03 2.082310179561781530e-15
1.389233391000004303e+03 1.653144981443669660e-15
1.389830246000004308e+03 1.689528780623161546e-15
1.390427101000004313e+03 1.867397784788416399e-15
1.391023956000004318e+03 2.153201705867498555e-15
1.391620811000004323e+03 2.137312633427777273e-15
1.392217666000004328e+03 2.370660134706495352e-15
1.392814521000004333e+03 2.400365947023056997e-15
1.393411376000004338e+03 2.361870563178761320e-15
1.394008231000004344e+03 1.829906786404402340e-15
1.394605086000004349e+03 1.739678247342332757e-15
1.395201941000004354e+03 2.228138428904331604e-15
1.395798796000004359e+03 2.232865407883051106e-15
1.396395651000004364e+03 2.489397966046399293e-15
1.396992506000004369e+03 2.693466075570353416e-15
1.397589361000004374e+03 2.623772184419896180e-15
1.398186216000004379e+03 2.619208458501446788e-15
1.398783071000004384e+03 2.366848220353851958e-15
1.399379926000004389e+03 1.881715211988079967e-15
1.399976781000004394e+03 1.734358472415255555e-15
1.400573636000004399e+03 2.081150458368607072e-15
1.401170491000004404e+03 2.334420631606231304e-15
1.401767346000004409e+03 2.646458115144847838e-15
1.402364201000004414e+03 2.739135673134273912e-15
1.402961056000004419e+03 2.548904152561427913e-15
1.403557911000004424e+03 2.376321135292333431e-15
1.404154766000004429e+03 2.550447919888188668e-15
1.404751621000004434e+03 2.705954711657702505e-15
1.405348476000004439e+03 2.674335805419014861e-15
1.405945331000004444e+03 2.702077228452983047e-15
1.406542186000004449e+03 2.780177091044201254e-15
1.407139041000004454e+03 2.628891907441150640e-15
1.407735896000004459e+03 2.370416370232622294e-15
1.408332751000004464e+03 2.411377945798865361e-15
1.408929606000004469e+03 2.674240351443884242e-15
1.409526461000004474e+03 2.996439445891083015e-15
1.410123316000004479e+03 2.848592166555876686e-15
1.410720171000004484e+03 2.501215525004851161e-15
1.411317026000004489e+03 2.066068061228061205e-15
1.411913881000004494e+03 2.330953511285250743e-15
1.412510736000004499e+03 2.338582692549890460e-15
1.413107591000004504e+03 2.416590892562186226e-15
1.413704446000004509e+03 2.640403478423249509e-15
1.414301301000004514e+03 2.572215886684080935e-15
1.414898156000004519e+03 2.625256181500547038e-15
1.415495011000004524e+03 2.796751514104427573e-15
1.416091866000004529e+03 2.906850760695016979e-15
1.416688721000004534e+03 2.633139609334459845e-15
1.417285576000004539e+03 2.350415194069870000e-15
1.417882431000004544e+03 2.319676114774850979e-15
1.418479286000004549e+03 2.614334061117210138e-15
1.419076141000004554e+03 2.846477013518170744e-15
1.419672996000004559e+03 2.683371594676991599e-15
1.420269851000004564e+03 2.749719690185139439e-15
1.420866706000004569e+03 2.712651432478368004e-15
1.421463561000004574e+03 2.620095868237531768e-15
1.422060416000004579e+03 2.617810102370445190e-15
1.422657271000004584e+03 2.738437164138692574e-15
1.423254126000004590e+03 2.865340993841692214e-15
1.423850981000004595e+03 2.993799742036771707e-15
1.424447836000004600e+03 2.624215331729672913e-15
1.425044691000004605e+03 2.535690467705038267e-15
1.425641546000004610e+03 2.488820112659568871e-15
1.426238401000004615e+03 2.927068938534876099e-15
1.426835256000004620e+03 2.906608557384288674e-15
1.427432111000004625e+03 3.074306249127133632e-15
1.428028966000004630e+03 3.131796750999101726e-15
1.428625821000004635e+03 3.363166481596844215e-15
1.429222676000004640e+03 3.557928720638795941e-15
1.429819531000004645e+03 3.151090051187404166e-15
1.430416386000004650e+03 2.466465371544591297e-15
1.431013241000004655e+03 2.545479183645353309e-15
1.431610096000004660e+03 2.924988577132965588e-15
1.432206951000004665e+03 3.105128962162045500e-15
1.432803806000004670e+03 3.154799374819113427e-15
1.433400661000004675e+03 3.203862271989601812e-15
1.433997516000004680e+03 3.229918530920564883e-15
1.434594371000004685e+03 3.072504889881504847e-15
1.435191226000004690e+03 2.983439194338898635e-15
1.435788081000004695e+03 3.062763454882141680e-15
1.436384936000004700e+03 3.099886799345589148e-15
1.436981791000004705e+03 3.162782048024364637e-15
1.437578646000004710e+03 3.180831101186374480e-15
1.438175501000004715e+03 3.312234649118892989e-15
1.438772356000004720e+03 3.364375713964035551e-15
1.439369211000004725e+03 3.271137921428983389e-15
1.439966066000004730e+03 3.113339565186417594e-15
1.440562921000004735e+03 3.195016275565354403e-15
1.441159776000004740e+03 3.178178685003599321e-15
1.441756631000004745e+03 3.117380078428100149e-15
1.442353486000004750e+03 3.135730659100334957e-15
1.442950341000004755e+03 3.266771125090067232e-15
1.443547196000004760e+03 3.304879340474487896e-15
1.444144051000004765e+03 3.384966786772161869e-15
1.444740906000004770e+03 3.453189839217044547e-15
1.445337761000004775e+03 3.059487019488116527e-15
1.445934616000004780e+03 2.988767667174924892e-15
1.446531471000004785e+03 2.915970406716192789e-15
1.447128326000004790e+03 3.000153229988919126e-15
1.447725181000004795e+03 3.005279197662752203e-15
1.448322036000004800e+03 3.317306868175888166e-15
1.448918891000004805e+03 3.336278791779697093e-15
1.449515746000004810e+03 3.100493868785554663e-15
1.450112601000004815e+03 2.998396921451178791e-15
1.450709456000004820e+03 2.805769461497894148e-15
1.451306311000004825e+03 2.980815548162647303e-15
1.451903166000004830e+03 2.997022428813959749e-15
1.452500021000004836e+03 3.075619633378404248e-15
1.453096876000004841e+03 3.264531079000788960e-15
1.453693731000004846e+03 3.376113207555496919e-15
1.454290586000004851e+03 3.424931448158887351e-15
1.454887441000004856e+03 3.337712162569799952e-15
1.455484296000004861e+03 3.208264306010926242e-15
1.456081151000004866e+03 3.076889082038318324e-15
1.456678006000004871e+03 2.982243566393396836e-15
1.457274861000004876e+03 3.215679830948054075e-15
1.457871716000004881e+03 3.283752342661130100e-15
1.458468571000004886e+03 3.269956120928477351e-15
1.459065426000004891e+03 3.318576316835801847e-15
1.459662281000004896e+03 3.149903344174158041e-15
1.460259136000004901e+03 3.077675239193306911e-15
1.460855991000004906e+03 3.083672112878552938e-15
1.461452846000004911e+03 3.149587320149017459e-15
1.462049701000004916e+03 3.162252813718325407e-15
1.462646556000004921e+03 3.355845295518315091e-15
1.463243411000004926e+03 3.294360446229084802e-15
1.463840266000004931e+03 3.222642618573231223e-15
1.464437121000004936e+03 3.274334291456018436e-15
1.465033976000004941e+03 3.343084794020489367e-15
1.465630831000004946e+03 3.288764122402097102e-15
1.466227686000004951e+03 3.290116981778596618e-15
1.466824541000004956e+03 3.208165283662893669e-15
1.467421396000004961e+03 3.254731880965073492e-15
1.468018251000004966e+03 3.317752245718728718e-15
1.468615106000004971e+03 3.433222339573556168e-15
1.469211961000004976e+03 3.454574144879743764e-15
1.469808816000004981e+03 3.409300859731259785e-15
1.470405671000004986e+03 3.394213110031360986e-15
1.471002526000004991e+03 3.403706097067416838e-15
1.471599381000004996e+03 3.413458906255404933e-15
1.472196236000005001e+03 3.415033004751833085e-15
1.472793091000005006e+03 3.509612059451453610e-15
1.473389946000005011e+03 3.505720525778432955e-15
1.473986801000005016e+03 3.536346755280424035e-15
1.474583656000005021e+03 3.510308115190664904e-15
1.475180511000005026e+03 3.446043280387410462e-15
1.475777366000005031e+03 3.617821852590393350e-15
1.476374221000005036e+03 3.682835599656471298e-15
1.476971076000005041e+03 3.742133928449953807e-15
1.477567931000005046e+03 3.735590870687383678e-15
1.478164786000005051e+03 3.720369083980350256e-15
1.478761641000005056e+03 3.632902911591100689e-15
1.479358496000005061e+03 3.654093917093388614e-15
1.479955351000005066e+03 3.694740583751023798e-15
1.480552206000005071e+03 3.639009289719779321e-15
1.481149061000005076e+03 3.748294724265389011e-15
1.481745916000005082e+03 3.699491649246832081e-15
1.482342771000005087e+03 3.772475357189697387e-15
1.482939626000005092e+03 3.661059157974936201e-15
1.483536481000005097e+03 3.708457632209912522e-15
1.484133336000005102e+03 3.745403004074868827e-15
1.484730191000005107e+03 3.811482579522134579e-15
1.485327046000005112e+03 3.826103095395168653e-15
1.485923901000005117e+03 3.818864650963306298e-15
1.486520756000005122e+03 3.864751250204334014e-15
1.487117611000005127e+03 3.714598801974386585e-15
1.487714466000005132e+03 3.775050830331771553e-15
1.488311321000005137e+03 3.746329888936183497e-15
1.488908176000005142e+03 3.656267502237366713e-15
1.489505031000005147e+03 3.668229134251739604e-15
1.490101886000005152e+03 3.683531655395682197e-15
1.490698741000005157e+03 3.791302092621053777e-15
1.491295596000005162e+03 3.811281858546393164e-15
1.491892451000005167e+03 3.860359029208490549e-15
1.492489306000005172e+03 3.896511553219266808e-15
1.493086161000005177e+03 3.905789322764665627e-15
2.500000000000000000e+03 0.000000000000000000e+00
