367.673 0.570147
367.745 0.570683
367.817 0.571928
367.889 0.573293
367.961 0.57465
368.033 0.576001
368.105 0.577362
368.177 0.578729
368.249 0.58009
368.321 0.581446
368.393 0.582787
368.465 0.584129
368.537 0.585484
368.609 0.586846
368.681 0.588203
368.753 0.589542
368.825 0.590879
368.897 0.59223
368.969 0.593596
369.041 0.594965
369.113 0.596327
369.185 0.597692
369.257 0.599074
369.329 0.600466
369.401 0.601851
369.473 0.603222
369.545 0.604594
369.617 0.605979
369.689 0.607328
369.761 0.608601
369.833 0.609841
369.905 0.611054
369.977 0.612215
370.049 0.613337
370.121 0.614472
370.193 0.615668
370.265 0.616898
370.337 0.618107
370.409 0.619294
370.481 0.620511
370.553 0.621721
370.625 0.622899
370.697 0.624115
370.769 0.625354
370.841 0.626538
370.913 0.627678
370.985 0.628802
371.057 0.62993
371.129 0.631095
371.201 0.632332
371.273 0.633586
371.345 0.634803
371.417 0.635968
371.489 0.637148
371.561 0.638319
371.633 0.639476
371.705 0.640677
371.777 0.641909
371.849 0.643088
371.921 0.644207
371.993 0.645327
372.065 0.646419
372.137 0.647453
372.209 0.648468
372.281 0.649539
372.353 0.650616
372.425 0.65168
372.497 0.652753
372.569 0.653854
372.641 0.654932
372.713 0.655962
372.785 0.656969
372.857 0.657999
372.929 0.659035
373.001 0.660045
373.073 0.66102
373.145 0.662019
373.217 0.662998
373.289 0.66387
373.361 0.664704
373.433 0.665614
373.505 0.666633
373.577 0.66768
373.649 0.668749
373.721 0.669841
373.793 0.670831
373.865 0.671601
373.937 0.67242
374.009 0.673462
374.081 0.674544
374.153 0.67572
374.225 0.677024
374.297 0.678149
374.369 0.679062
374.441 0.680099
374.513 0.681141
374.585 0.682018
374.657 0.682986
374.729 0.684109
374.801 0.685127
374.873 0.686112
374.945 0.687213
375.017 0.688342
375.089 0.689445
375.161 0.690554
375.233 0.691685
375.305 0.692841
375.377 0.69391
375.449 0.694862
375.521 0.695866
375.593 0.696917
375.665 0.697993
375.737 0.699135
375.809 0.700268
375.881 0.701256
375.953 0.702216
376.025 0.703233
376.097 0.704299
376.169 0.705404
376.241 0.706549
376.313 0.707604
376.385 0.708508
376.457 0.709401
376.529 0.71031
376.601 0.711238
376.673 0.712244
376.745 0.713313
376.817 0.714339
376.889 0.715336
376.961 0.716317
377.033 0.717347
377.105 0.718475
377.177 0.719653
377.249 0.720858
377.321 0.722099
377.393 0.72326
377.465 0.724276
377.537 0.72544
377.609 0.726766
377.681 0.728077
377.753 0.729377
377.825 0.730858
377.897 0.732236
377.969 0.733406
378.041 0.734494
378.113 0.735591
378.185 0.736655
378.257 0.737698
378.329 0.738737
378.401 0.739711
378.473 0.740573
378.545 0.741437
378.617 0.742327
378.689 0.743249
378.761 0.744262
378.833 0.745358
378.905 0.746292
378.977 0.747021
379.049 0.747679
379.121 0.74824
379.193 0.748693
379.265 0.749208
379.337 0.749816
379.409 0.750371
379.481 0.750974
379.553 0.751705
379.625 0.752424
379.697 0.753251
379.769 0.754367
379.841 0.755743
379.913 0.757251
379.985 0.758848
380.057 0.760422
380.129 0.76196
380.201 0.763527
380.273 0.765116
380.345 0.7667
380.417 0.768297
380.489 0.769863
380.561 0.771333
380.633 0.772733
380.705 0.774104
380.777 0.775448
380.849 0.776737
380.921 0.777976
380.993 0.779203
381.065 0.780405
381.137 0.781556
381.209 0.782616
381.281 0.783603
381.353 0.784509
381.425 0.785332
381.497 0.78616
381.569 0.786979
381.641 0.787836
381.713 0.788845
381.785 0.789921
381.857 0.790908
381.929 0.791864
382.001 0.792718
382.073 0.793392
382.145 0.794006
382.217 0.794572
382.289 0.795089
382.361 0.795657
382.433 0.796239
382.505 0.796675
382.577 0.797034
382.649 0.797348
382.721 0.797529
382.793 0.79757
382.865 0.797584
382.937 0.797467
383.009 0.797114
383.081 0.796642
383.153 0.796195
383.225 0.795852
383.297 0.795897
383.369 0.796357
383.441 0.797105
383.513 0.798393
383.585 0.800197
383.657 0.802005
383.729 0.803706
383.801 0.805743
383.873 0.807914
383.945 0.810174
384.017 0.812682
384.089 0.815359
384.161 0.817861
384.233 0.820262
384.305 0.822551
384.377 0.824756
384.449 0.826839
384.521 0.828689
384.593 0.830534
384.665 0.832341
384.737 0.834061
384.809 0.835993
384.881 0.838134
384.953 0.839895
385.025 0.841436
385.097 0.843161
385.169 0.844914
385.241 0.846608
385.313 0.848348
385.385 0.850048
385.457 0.851451
385.529 0.852702
385.601 0.854004
385.673 0.855337
385.745 0.856697
385.817 0.85811
385.889 0.85948
385.961 0.86071
386.033 0.861869
386.105 0.862979
386.177 0.864023
386.249 0.865027
386.321 0.865942
386.393 0.866731
386.465 0.867522
386.537 0.868317
386.609 0.869063
386.681 0.869824
386.753 0.870587
386.825 0.871229
386.897 0.871779
386.969 0.872238
387.041 0.872589
387.113 0.872902
387.185 0.873134
387.257 0.873238
387.329 0.873296
387.401 0.873346
387.473 0.873295
387.545 0.873098
387.617 0.872825
387.689 0.872395
387.761 0.871804
387.833 0.871197
387.905 0.870492
387.977 0.869515
388.049 0.868396
388.121 0.867104
388.193 0.865575
388.265 0.864001
388.337 0.862417
388.409 0.86078
388.481 0.859262
388.553 0.857872
388.625 0.856613
388.697 0.855589
388.769 0.854821
388.841 0.854545
388.913 0.855319
388.985 0.857097
389.057 0.859648
389.129 0.862826
389.201 0.866484
389.273 0.870211
389.345 0.87387
389.417 0.87743
389.489 0.880941
389.561 0.884426
389.633 0.887901
389.705 0.891422
389.777 0.894923
389.849 0.898283
389.921 0.901512
389.993 0.904627
390.065 0.907513
390.137 0.910227
390.209 0.912841
390.281 0.915291
390.353 0.917462
390.425 0.919315
390.497 0.921123
390.569 0.922884
390.641 0.92442
390.713 0.925955
390.785 0.927803
390.857 0.929603
390.929 0.931278
391.001 0.933108
391.073 0.935017
391.145 0.936723
391.217 0.938299
391.289 0.939905
391.361 0.941339
391.433 0.942717
391.505 0.944188
391.577 0.945555
391.649 0.946844
391.721 0.948254
391.793 0.94952
391.865 0.950649
391.937 0.951847
392.009 0.952936
392.081 0.953963
392.153 0.95509
392.225 0.956087
392.297 0.956954
392.369 0.95786
392.441 0.958735
392.513 0.959457
392.585 0.960223
392.657 0.961048
392.729 0.961809
392.801 0.962491
392.873 0.963255
392.945 0.963984
393.017 0.964575
393.089 0.965102
393.161 0.965642
393.233 0.966073
393.305 0.966505
393.377 0.966959
393.449 0.967404
393.521 0.967788
393.593 0.968151
393.665 0.96838
393.737 0.968465
393.809 0.968477
393.881 0.968335
393.953 0.968024
394.025 0.967702
394.097 0.967249
394.169 0.966503
394.241 0.965615
394.313 0.96496
394.385 0.964494
394.457 0.96399
394.529 0.963527
394.601 0.963233
394.673 0.96268
394.745 0.961666
394.817 0.960533
394.889 0.95948
394.961 0.958308
395.033 0.956923
395.105 0.955344
395.177 0.953846
395.249 0.952262
395.321 0.95036
395.393 0.948394
395.465 0.946653
395.537 0.944506
395.609 0.941879
395.681 0.939323
395.753 0.936935
395.825 0.934506
395.897 0.931995
395.969 0.929162
396.041 0.92579
396.113 0.922144
396.185 0.918576
396.257 0.915016
396.329 0.91141
396.401 0.907939
396.473 0.904591
396.545 0.901376
396.617 0.898394
396.689 0.895678
396.761 0.893036
396.833 0.890763
396.905 0.889218
396.977 0.888895
397.049 0.889944
397.121 0.892034
397.193 0.894939
397.265 0.89839
397.337 0.902211
397.409 0.906523
397.481 0.911236
397.553 0.915948
397.625 0.920838
397.697 0.925673
397.769 0.930334
397.841 0.935137
397.913 0.939762
397.985 0.944205
398.057 0.948775
398.129 0.953269
398.201 0.957456
398.273 0.961428
398.345 0.965124
398.417 0.968792
398.489 0.972658
398.561 0.976517
398.633 0.980231
398.705 0.983721
398.777 0.986843
398.849 0.98955
398.921 0.99232
398.993 0.995255
399.065 0.998303
399.137 1.00123
399.209 1.00406
399.281 1.00647
399.353 1.00876
399.425 1.01103
399.497 1.01338
399.569 1.01558
399.641 1.01776
399.713 1.01995
399.785 1.02202
399.857 1.02383
399.929 1.02558
400.001 1.02737
400.073 1.02903
400.145 1.03064
400.217 1.03237
400.289 1.0342
400.361 1.03589
400.433 1.03743
400.505 1.03887
400.577 1.04015
400.649 1.04115
400.721 1.0419
400.793 1.04271
400.865 1.04348
400.937 1.04408
401.009 1.04486
401.081 1.04601
401.153 1.04718
401.225 1.04837
401.297 1.04972
401.369 1.05083
401.441 1.05186
401.513 1.05286
401.585 1.0538
401.657 1.05469
401.729 1.05569
401.801 1.0566
401.873 1.05739
401.945 1.05816
402.017 1.05894
402.089 1.05968
402.161 1.0604
402.233 1.06119
402.305 1.06195
402.377 1.06265
402.449 1.06335
402.521 1.06401
402.593 1.06455
402.665 1.06511
402.737 1.06571
402.809 1.06622
402.881 1.06667
402.953 1.06718
403.025 1.06771
403.097 1.06821
403.169 1.06877
403.241 1.06928
403.313 1.06975
403.385 1.07016
403.457 1.07053
403.529 1.07089
403.601 1.07128
403.673 1.0716
403.745 1.07187
403.817 1.07209
403.889 1.0723
403.961 1.07248
404.033 1.07262
404.105 1.07271
404.177 1.07271
404.249 1.07254
404.321 1.0722
404.393 1.07187
404.465 1.07155
404.537 1.07129
404.609 1.07112
404.681 1.07086
404.753 1.07051
404.825 1.0704
404.897 1.07032
404.969 1.06987
405.041 1.06916
405.113 1.06883
405.185 1.06858
405.257 1.06819
405.329 1.06795
405.401 1.06795
405.473 1.0677
405.545 1.0672
405.617 1.06665
405.689 1.06611
405.761 1.06556
405.833 1.06476
405.905 1.06375
405.977 1.06279
406.049 1.06182
406.121 1.06087
406.193 1.05998
406.265 1.05894
406.337 1.05773
406.409 1.05646
406.481 1.05503
406.553 1.05353
406.625 1.05216
406.697 1.05068
406.769 1.04906
406.841 1.04767
406.913 1.04649
406.985 1.04506
407.057 1.04344
407.129 1.04193
407.201 1.04038
407.273 1.03855
407.345 1.03645
407.417 1.03421
407.489 1.0318
407.561 1.02913
407.633 1.02642
407.705 1.0237
407.777 1.02087
407.849 1.0179
407.921 1.01468
407.993 1.01116
408.065 1.00748
408.137 1.00391
408.209 1.00042
408.281 0.997071
408.353 0.993822
408.425 0.990439
408.497 0.986566
408.569 0.98196
408.641 0.976927
408.713 0.971979
408.785 0.967243
408.857 0.96246
408.929 0.957608
409.001 0.952571
409.073 0.94714
409.145 0.941466
409.217 0.935678
409.289 0.929699
409.361 0.923601
409.433 0.917626
409.505 0.91175
409.577 0.905748
409.649 0.899716
409.721 0.893931
409.793 0.88843
409.865 0.883096
409.937 0.878128
410.009 0.874088
410.081 0.871786
410.153 0.871499
410.225 0.873187
410.297 0.876655
410.369 0.881458
410.441 0.886961
410.513 0.892773
410.585 0.898663
410.657 0.904669
410.729 0.911049
410.801 0.91753
410.873 0.923838
410.945 0.93023
411.017 0.936955
411.089 0.943589
411.161 0.949891
411.233 0.956065
411.305 0.962121
411.377 0.967814
411.449 0.97316
411.521 0.978444
411.593 0.983726
411.665 0.988936
411.737 0.994042
411.809 0.99901
411.881 1.00372
411.953 1.00809
412.025 1.01211
412.097 1.01601
412.169 1.0198
412.241 1.02349
412.313 1.02722
412.385 1.03102
412.457 1.0346
412.529 1.03796
412.601 1.0411
412.673 1.04392
412.745 1.04661
412.817 1.04955
412.889 1.05262
412.961 1.05547
413.033 1.05812
413.105 1.06086
413.177 1.06344
413.249 1.06578
413.321 1.06809
413.393 1.07039
413.465 1.07256
413.537 1.07458
413.609 1.07644
413.681 1.07832
413.753 1.08021
413.825 1.08194
413.897 1.08376
413.969 1.08576
414.041 1.0877
414.113 1.08955
414.185 1.09141
414.257 1.0931
414.329 1.09465
414.401 1.09608
414.473 1.09732
414.545 1.0984
414.617 1.09957
414.689 1.10076
414.761 1.10191
414.833 1.10316
414.905 1.10452
414.977 1.10574
415.049 1.10681
415.121 1.10783
415.193 1.10883
415.265 1.1098
415.337 1.11071
415.409 1.11151
415.481 1.11208
415.553 1.11243
415.625 1.11277
415.697 1.11325
415.769 1.11369
415.841 1.1143
415.913 1.11535
415.985 1.11637
416.057 1.11695
416.129 1.11771
416.201 1.11875
416.273 1.11936
416.345 1.11949
416.417 1.11978
416.489 1.12018
416.561 1.12048
416.633 1.12101
416.705 1.12201
416.777 1.12281
416.849 1.12329
416.921 1.12382
416.993 1.12447
417.065 1.12517
417.137 1.12599
417.209 1.1267
417.281 1.12723
417.353 1.12775
417.425 1.12814
417.497 1.12862
417.569 1.12941
417.641 1.13016
417.713 1.13043
417.785 1.13061
417.857 1.1311
417.929 1.13167
418.001 1.13224
418.073 1.13302
418.145 1.13387
418.217 1.13434
418.289 1.13458
418.361 1.13473
418.433 1.13486
418.505 1.13493
418.577 1.13508
418.649 1.13524
418.721 1.13548
418.793 1.1358
418.865 1.13622
418.937 1.13655
419.009 1.13694
419.081 1.13733
419.153 1.1377
419.225 1.13814
419.297 1.13864
419.369 1.13887
419.441 1.13888
419.513 1.13897
419.585 1.13915
419.657 1.13935
419.729 1.13965
419.801 1.14006
419.873 1.14034
419.945 1.14048
420.017 1.14048
420.089 1.14034
420.161 1.14033
420.233 1.1404
420.305 1.14047
420.377 1.14068
420.449 1.14104
420.521 1.14126
420.593 1.1413
420.665 1.14127
420.737 1.1412
420.809 1.14102
420.881 1.14095
420.953 1.14107
421.025 1.14135
421.097 1.14171
421.169 1.14213
421.241 1.14233
421.313 1.14238
421.385 1.14241
421.457 1.14241
421.529 1.14229
421.601 1.14202
421.673 1.14193
421.745 1.142
421.817 1.14205
421.889 1.14218
421.961 1.14245
422.033 1.14259
422.105 1.14259
422.177 1.14256
422.249 1.14252
422.321 1.14251
422.393 1.14249
422.465 1.1423
422.537 1.14188
422.609 1.14162
422.681 1.14153
422.753 1.1415
422.825 1.14157
422.897 1.14176
422.969 1.14178
423.041 1.14165
423.113 1.1415
423.185 1.14132
423.257 1.14115
423.329 1.14101
423.401 1.14088
423.473 1.14058
423.545 1.14007
423.617 1.1397
423.689 1.1395
423.761 1.13936
423.833 1.13932
423.905 1.13938
423.977 1.13927
424.049 1.13905
424.121 1.13881
424.193 1.13852
424.265 1.13817
424.337 1.13781
424.409 1.13745
424.481 1.13707
424.553 1.13657
424.625 1.13586
424.697 1.13514
424.769 1.13447
424.841 1.13386
424.913 1.13341
424.985 1.13308
425.057 1.13282
425.129 1.13266
425.201 1.13239
425.273 1.13195
425.345 1.13151
425.417 1.1312
425.489 1.13094
425.561 1.13063
425.633 1.13024
425.705 1.12989
425.777 1.12956
425.849 1.12916
425.921 1.12867
425.993 1.12809
426.065 1.12752
426.137 1.12701
426.209 1.12654
426.281 1.126
426.353 1.12538
426.425 1.12474
426.497 1.12417
426.569 1.12365
426.641 1.12307
426.713 1.1224
426.785 1.12172
426.857 1.12103
426.929 1.12033
427.001 1.1196
427.073 1.11884
427.145 1.1181
427.217 1.11733
427.289 1.11653
427.361 1.11569
427.433 1.11481
427.505 1.11408
427.577 1.11347
427.649 1.11274
427.721 1.11185
427.793 1.11092
427.865 1.10997
427.937 1.10899
428.009 1.10798
428.081 1.1069
428.153 1.10582
428.225 1.10487
428.297 1.10396
428.369 1.1028
428.441 1.10143
428.513 1.09999
428.585 1.09871
428.657 1.09769
428.729 1.09679
428.801 1.09574
428.873 1.09456
428.945 1.09326
429.017 1.09195
429.089 1.09057
429.161 1.08912
429.233 1.08758
429.305 1.08601
429.377 1.08457
429.449 1.08325
429.521 1.08174
429.593 1.08
429.665 1.07815
429.737 1.07625
429.809 1.07441
429.881 1.07256
429.953 1.07058
430.025 1.06862
430.097 1.06689
430.169 1.06517
430.241 1.06302
430.313 1.06046
430.385 1.05794
430.457 1.05562
430.529 1.05336
430.601 1.05097
430.673 1.04841
430.745 1.04566
430.817 1.04292
430.889 1.04039
430.961 1.03772
431.033 1.03455
431.105 1.03105
431.177 1.02754
431.249 1.02427
431.321 1.02102
431.393 1.01739
431.465 1.01351
431.537 1.00958
431.609 1.00579
431.681 1.00204
431.753 0.998118
431.825 0.993924
431.897 0.98968
431.969 0.985638
432.041 0.98174
432.113 0.977422
432.185 0.972506
432.257 0.967453
432.329 0.962668
432.401 0.958353
432.473 0.953998
432.545 0.948927
432.617 0.943252
432.689 0.937398
432.761 0.931792
432.833 0.926319
432.905 0.920452
432.977 0.91402
433.049 0.907466
433.121 0.901254
433.193 0.895595
433.265 0.889847
433.337 0.883354
433.409 0.87633
433.481 0.86925
433.553 0.862601
433.625 0.856277
433.697 0.849737
433.769 0.842901
433.841 0.83616
433.913 0.830503
433.985 0.827482
434.057 0.827855
434.129 0.8314
434.201 0.837009
434.273 0.843069
434.345 0.848837
434.417 0.854863
434.489 0.861398
434.561 0.868226
434.633 0.874999
434.705 0.881303
434.777 0.886948
434.849 0.892506
434.921 0.898542
434.993 0.904871
435.065 0.911107
435.137 0.916869
435.209 0.922244
435.281 0.927698
435.353 0.933358
435.425 0.938879
435.497 0.943933
435.569 0.94838
435.641 0.952679
435.713 0.957287
435.785 0.962074
435.857 0.966759
435.929 0.971053
436.001 0.975008
436.073 0.97896
436.145 0.983019
436.217 0.986952
436.289 0.990536
436.361 0.993676
436.433 0.996693
436.505 0.999894
436.577 1.00319
436.649 1.00638
436.721 1.00916
436.793 1.01146
436.865 1.01385
436.937 1.01653
437.009 1.01935
437.081 1.02223
437.153 1.02503
437.225 1.02738
437.297 1.02951
437.369 1.03174
437.441 1.03402
437.513 1.03624
437.585 1.03827
437.657 1.04014
437.729 1.04202
437.801 1.04395
437.873 1.04582
437.945 1.04753
438.017 1.04902
438.089 1.05043
438.161 1.05191
438.233 1.05337
438.305 1.05472
438.377 1.056
438.449 1.05715
438.521 1.05831
438.593 1.05963
438.665 1.06104
438.737 1.06238
438.809 1.06359
438.881 1.06462
438.953 1.06556
439.025 1.06649
439.097 1.06739
439.169 1.06829
439.241 1.06916
439.313 1.06996
439.385 1.0708
439.457 1.07173
439.529 1.07264
439.601 1.07347
439.673 1.07421
439.745 1.07485
439.817 1.07545
439.889 1.0761
439.961 1.07677
440.033 1.07737
440.105 1.07788
440.177 1.07823
440.249 1.07863
440.321 1.07929
440.393 1.08
440.465 1.08061
440.537 1.08104
440.609 1.08133
440.681 1.08154
440.753 1.08189
440.825 1.0822
440.897 1.08278
440.969 1.0837
441.041 1.08449
441.113 1.08475
441.185 1.08512
441.257 1.08544
441.329 1.08578
441.401 1.08636
441.473 1.08702
441.545 1.08748
441.617 1.08766
441.689 1.08799
441.761 1.08834
441.833 1.08905
441.905 1.08998
441.977 1.09101
442.049 1.09146
442.121 1.0916
442.193 1.09157
442.265 1.0914
442.337 1.09171
442.409 1.09223
442.481 1.09213
442.553 1.09068
442.625 1.0888
442.697 1.0878
442.769 1.08819
442.841 1.08963
442.913 1.09101
442.985 1.09157
443.057 1.09181
443.129 1.09265
443.201 1.094
443.273 1.0952
443.345 1.096
443.417 1.09625
443.489 1.09637
443.561 1.09642
443.633 1.09662
443.705 1.09683
443.777 1.09702
443.849 1.09737
443.921 1.09754
443.993 1.09781
444.065 1.09805
444.137 1.09827
444.209 1.0978
444.281 1.09733
444.353 1.09692
444.425 1.09715
444.497 1.09779
444.569 1.09845
444.641 1.09852
444.713 1.09769
444.785 1.09675
444.857 1.09632
444.929 1.09647
445.001 1.09741
445.073 1.09862
445.145 1.09928
445.217 1.09894
445.289 1.09883
445.361 1.09855
445.433 1.09873
445.505 1.09874
445.577 1.0991
445.649 1.09903
445.721 1.09878
445.793 1.09822
445.865 1.09792
445.937 1.09805
446.009 1.09889
446.081 1.10004
446.153 1.10053
446.225 1.10028
446.297 1.09968
446.369 1.09886
446.441 1.09847
446.513 1.09877
446.585 1.09967
446.657 1.10043
446.729 1.10061
446.801 1.10039
446.873 1.1002
446.945 1.10001
447.017 1.09976
447.089 1.09972
447.161 1.09971
447.233 1.09992
447.305 1.10015
447.377 1.10029
447.449 1.10005
447.521 1.10001
447.593 1.1
447.665 1.09986
447.737 1.09983
447.809 1.09995
447.881 1.10001
447.953 1.10015
448.025 1.10033
448.097 1.10027
448.169 1.10012
448.241 1.09993
448.313 1.09967
448.385 1.09927
448.457 1.09884
448.529 1.09859
448.601 1.09849
448.673 1.09841
448.745 1.09831
448.817 1.0982
448.889 1.09803
448.961 1.09787
449.033 1.09776
449.105 1.09761
449.177 1.09734
449.249 1.09702
449.321 1.09669
449.393 1.09644
449.465 1.09629
449.537 1.09617
449.609 1.09597
449.681 1.0957
449.753 1.09539
449.825 1.09509
449.897 1.09481
449.969 1.09458
450.041 1.09437
450.113 1.09415
450.185 1.09389
450.257 1.09359
450.329 1.09325
450.401 1.09291
450.473 1.09262
450.545 1.09238
450.617 1.09217
450.689 1.09185
450.761 1.09141
450.833 1.09098
450.905 1.09061
450.977 1.09029
451.049 1.09009
451.121 1.08999
451.193 1.0898
451.265 1.0895
451.337 1.08915
451.409 1.0888
451.481 1.0885
451.553 1.08825
451.625 1.08805
451.697 1.08781
451.769 1.08752
451.841 1.08718
451.913 1.08684
451.985 1.08654
452.057 1.08632
452.129 1.08615
452.201 1.08598
452.273 1.08579
452.345 1.08554
452.417 1.08526
452.489 1.08497
452.561 1.08472
452.633 1.08449
452.705 1.08426
452.777 1.08398
452.849 1.08364
452.921 1.0833
452.993 1.08291
453.065 1.08241
453.137 1.08207
453.209 1.08188
453.281 1.08172
453.353 1.08161
453.425 1.08152
453.497 1.08113
453.569 1.08057
453.641 1.08003
453.713 1.0796
453.785 1.07932
453.857 1.07909
453.929 1.0788
454.001 1.07855
454.073 1.07828
454.145 1.0779
454.217 1.07767
454.289 1.07755
454.361 1.07733
454.433 1.07712
454.505 1.07703
454.577 1.0769
454.649 1.07674
454.721 1.07663
454.793 1.07654
454.865 1.0764
454.937 1.0762
455.009 1.07597
455.081 1.07569
455.153 1.07534
455.225 1.07481
455.297 1.07403
455.369 1.07337
455.441 1.07301
455.513 1.07279
455.585 1.07272
455.657 1.07288
455.729 1.07294
455.801 1.07273
455.873 1.07244
455.945 1.07215
456.017 1.07182
456.089 1.07141
456.161 1.07091
456.233 1.07031
456.305 1.06966
456.377 1.06896
456.449 1.06825
456.521 1.06766
456.593 1.06715
456.665 1.06665
456.737 1.0661
456.809 1.06549
456.881 1.06484
456.953 1.0642
457.025 1.06362
457.097 1.06315
457.169 1.06276
457.241 1.06231
457.313 1.06177
457.385 1.06116
457.457 1.06051
457.529 1.05985
457.601 1.05917
457.673 1.05846
457.745 1.05786
457.817 1.05733
457.889 1.05675
457.961 1.05608
458.033 1.05541
458.105 1.05473
458.177 1.05402
458.249 1.05323
458.321 1.05262
458.393 1.05229
458.465 1.05192
458.537 1.0514
458.609 1.05096
458.681 1.05051
458.753 1.04999
458.825 1.04953
458.897 1.04919
458.969 1.0488
459.041 1.04844
459.113 1.048
459.185 1.04746
459.257 1.04697
459.329 1.04659
459.401 1.04614
459.473 1.04563
459.545 1.04514
459.617 1.04465
459.689 1.0442
459.761 1.04372
459.833 1.04319
459.905 1.0426
459.977 1.04201
460.049 1.04148
460.121 1.04103
460.193 1.04064
460.265 1.04026
460.337 1.03984
460.409 1.03935
460.481 1.03882
460.553 1.03828
460.625 1.03778
460.697 1.03734
460.769 1.03695
460.841 1.03656
460.913 1.03617
460.985 1.03575
461.057 1.03526
461.129 1.03474
461.201 1.03422
461.273 1.03372
461.345 1.03328
461.417 1.03287
461.489 1.03246
461.561 1.03205
461.633 1.03163
461.705 1.03114
461.777 1.03062
461.849 1.03009
461.921 1.0296
461.993 1.02917
462.065 1.02877
462.137 1.02836
462.209 1.02795
462.281 1.0275
462.353 1.02699
462.425 1.02645
462.497 1.02591
462.569 1.02541
462.641 1.02497
462.713 1.02457
462.785 1.02417
462.857 1.02377
462.929 1.02334
463.001 1.02285
463.073 1.02232
463.145 1.02179
463.217 1.0213
463.289 1.02086
463.361 1.02046
463.433 1.02005
463.505 1.01965
463.577 1.01926
463.649 1.01885
463.721 1.01838
463.793 1.01785
463.865 1.01732
463.937 1.01683
464.009 1.01642
464.081 1.01608
464.153 1.01578
464.225 1.01548
464.297 1.01515
464.369 1.01475
464.441 1.0143
464.513 1.01386
464.585 1.01345
464.657 1.01311
464.729 1.01282
464.801 1.01252
464.873 1.01223
464.945 1.01192
465.017 1.01156
465.089 1.01114
465.161 1.01066
465.233 1.01019
465.305 1.00975
465.377 1.00938
465.449 1.00905
465.521 1.00872
465.593 1.00839
465.665 1.00803
465.737 1.0076
465.809 1.00713
465.881 1.00658
465.953 1.00599
466.025 1.00547
466.097 1.00495
466.169 1.00439
466.241 1.00396
466.313 1.00375
466.385 1.00352
466.457 1.00326
466.529 1.00301
466.601 1.00271
466.673 1.00227
466.745 1.00175
466.817 1.00124
466.889 1.00069
466.961 1.00009
467.033 0.99967
467.105 0.999278
467.177 0.998669
467.249 0.998061
467.321 0.997591
467.393 0.996906
467.465 0.996207
467.537 0.995737
467.609 0.995545
467.681 0.995278
467.753 0.995113
467.825 0.995088
467.897 0.995072
467.969 0.994638
468.041 0.993796
468.113 0.992706
468.185 0.991874
468.257 0.991249
468.329 0.990692
468.401 0.990371
468.473 0.990184
468.545 0.989585
468.617 0.988647
468.689 0.98773
468.761 0.986913
468.833 0.986304
468.905 0.985851
468.977 0.985365
469.049 0.984668
469.121 0.984017
469.193 0.983363
469.265 0.982661
469.337 0.982041
469.409 0.981448
469.481 0.980485
469.553 0.979241
469.625 0.977848
469.697 0.97664
469.769 0.976057
469.841 0.97598
469.913 0.975899
469.985 0.975331
470.057 0.97453
470.129 0.973809
470.201 0.973278
470.273 0.972875
470.345 0.972463
470.417 0.971788
470.489 0.97112
470.561 0.97048
470.633 0.969791
470.705 0.969115
470.777 0.96854
470.849 0.967862
470.921 0.967151
470.993 0.966316
471.065 0.965298
471.137 0.964274
471.209 0.963377
471.281 0.962673
471.353 0.962217
471.425 0.962032
471.497 0.961639
471.569 0.960958
471.641 0.960203
471.713 0.959539
471.785 0.958891
471.857 0.958207
471.929 0.957421
472.001 0.956455
472.073 0.955629
472.145 0.954843
472.217 0.954294
472.289 0.953947
472.361 0.953682
472.433 0.953272
472.505 0.952858
472.577 0.952267
472.649 0.95165
472.721 0.950761
472.793 0.949819
472.865 0.948983
472.937 0.94828
473.009 0.947768
473.081 0.947432
473.153 0.94699
473.225 0.946362
473.297 0.945726
473.369 0.945044
473.441 0.944489
473.513 0.944005
473.585 0.943402
473.657 0.942636
473.729 0.941885
473.801 0.941218
473.873 0.940606
473.945 0.940031
474.017 0.93936
474.089 0.938744
474.161 0.938175
474.233 0.937586
474.305 0.936875
474.377 0.936099
474.449 0.935216
474.521 0.93435
474.593 0.933573
474.665 0.932915
474.737 0.932267
474.809 0.931661
474.881 0.931043
474.953 0.930388
475.025 0.929714
475.097 0.92904
475.169 0.928337
475.241 0.927583
475.313 0.926699
475.385 0.925758
475.457 0.924831
475.529 0.923995
475.601 0.923259
475.673 0.922567
475.745 0.921824
475.817 0.921065
475.889 0.920293
475.961 0.919505
476.033 0.918695
476.105 0.917853
476.177 0.916947
476.249 0.915954
476.321 0.914923
476.393 0.913911
476.465 0.912962
476.537 0.912088
476.609 0.911257
476.681 0.910428
476.753 0.909605
476.825 0.908782
476.897 0.907954
476.969 0.907121
477.041 0.906283
477.113 0.905388
477.185 0.904397
477.257 0.903346
477.329 0.902305
477.401 0.901339
477.473 0.900471
477.545 0.899653
477.617 0.898832
477.689 0.898009
477.761 0.897183
477.833 0.896354
477.905 0.895518
477.977 0.894681
478.049 0.893788
478.121 0.892793
478.193 0.891726
478.265 0.890655
478.337 0.889651
478.409 0.888744
478.481 0.887876
478.553 0.886986
478.625 0.886079
478.697 0.885163
478.769 0.88425
478.841 0.883337
478.913 0.882422
478.985 0.881497
479.057 0.880498
479.129 0.879365
479.201 0.878138
479.273 0.876898
479.345 0.875729
479.417 0.874662
479.489 0.873638
479.561 0.872595
479.633 0.871542
479.705 0.87049
479.777 0.869441
479.849 0.868389
479.921 0.867304
479.993 0.86616
480.065 0.864868
480.137 0.863371
480.209 0.86173
480.281 0.86007
480.353 0.858489
480.425 0.857034
480.497 0.855636
480.569 0.854211
480.641 0.852757
480.713 0.851279
480.785 0.849787
480.857 0.848288
480.929 0.84678
481.001 0.845255
481.073 0.843683
481.145 0.841924
481.217 0.839934
481.289 0.837872
481.361 0.835828
481.433 0.833898
481.505 0.832183
481.577 0.830575
481.649 0.828864
481.721 0.82707
481.793 0.825189
481.865 0.823224
481.937 0.821285
482.009 0.819286
482.081 0.81708
482.153 0.814864
482.225 0.812835
482.297 0.81066
482.369 0.808174
482.441 0.805614
482.513 0.803119
482.585 0.800621
482.657 0.798237
482.729 0.795944
482.801 0.793509
482.873 0.790919
482.945 0.788355
483.017 0.78583
483.089 0.78335
483.161 0.780956
483.233 0.778529
483.305 0.775904
483.377 0.773147
483.449 0.77015
483.521 0.766758
483.593 0.763055
483.665 0.759287
483.737 0.755673
483.809 0.75231
483.881 0.749026
483.953 0.745696
484.025 0.742355
484.097 0.739006
484.169 0.735489
484.241 0.731823
484.313 0.728168
484.385 0.724536
484.457 0.720878
484.529 0.717276
484.601 0.713354
484.673 0.708788
484.745 0.703658
484.817 0.698361
484.889 0.693349
484.961 0.68884
485.033 0.684547
485.105 0.680413
485.177 0.676241
485.249 0.671943
485.321 0.667547
485.393 0.6632
485.465 0.658844
485.537 0.654361
485.609 0.649712
485.681 0.644867
485.753 0.640036
485.825 0.635147
485.897 0.629833
485.969 0.624255
486.041 0.620071
486.113 0.618506
486.185 0.620308
486.257 0.624531
486.329 0.629427
486.401 0.633978
486.473 0.638327
486.545 0.642409
486.617 0.646345
486.689 0.650291
486.761 0.654241
486.833 0.658114
486.905 0.661784
486.977 0.665383
487.049 0.668821
487.121 0.672323
487.193 0.676059
487.265 0.680236
487.337 0.684541
487.409 0.688797
487.481 0.69256
487.553 0.695957
487.625 0.699081
487.697 0.702201
487.769 0.704966
487.841 0.707634
487.913 0.710291
487.985 0.713092
488.057 0.715854
488.129 0.71859
488.201 0.720977
488.273 0.723239
488.345 0.725403
488.417 0.727578
488.489 0.729671
488.561 0.732065
488.633 0.734805
488.705 0.737474
488.777 0.739843
488.849 0.741943
488.921 0.743795
488.993 0.745365
489.065 0.746879
489.137 0.748261
489.209 0.749778
489.281 0.751286
489.353 0.752898
489.425 0.754326
489.497 0.755717
489.569 0.757024
489.641 0.758245
489.713 0.759397
489.785 0.760598
489.857 0.761766
489.929 0.762937
490.001 0.764066
490.073 0.765109
490.145 0.766225
490.217 0.767337
490.289 0.768357
490.361 0.769321
490.433 0.770128
490.505 0.770737
490.577 0.771447
490.649 0.772183
490.721 0.772843
490.793 0.773622
490.865 0.774512
490.937 0.775194
491.009 0.77572
491.081 0.776254
491.153 0.776831
491.225 0.777423
491.297 0.778034
491.369 0.778588
491.441 0.779107
491.513 0.779606
491.585 0.780129
491.657 0.78062
491.729 0.781091
491.801 0.781456
491.873 0.781855
491.945 0.78224
492.017 0.782601
492.089 0.782989
492.161 0.783447
492.233 0.783796
492.305 0.784074
492.377 0.784328
492.449 0.784605
492.521 0.784891
492.593 0.785145
492.665 0.785358
492.737 0.785568
492.809 0.785767
492.881 0.785973
492.953 0.786182
493.025 0.786357
493.097 0.786436
493.169 0.786408
493.241 0.786441
493.313 0.78654
493.385 0.786674
493.457 0.786906
493.529 0.787215
493.601 0.78737
493.673 0.787283
493.745 0.786982
493.817 0.786854
493.889 0.786904
493.961 0.787013
494.033 0.787248
494.105 0.787638
494.177 0.787842
494.249 0.787885
494.321 0.787903
494.393 0.787913
494.465 0.787918
494.537 0.787919
494.609 0.78791
494.681 0.787858
494.753 0.787751
494.825 0.787677
494.897 0.787636
494.969 0.787609
495.041 0.787624
495.113 0.78768
495.185 0.787663
495.257 0.787459
495.329 0.787083
495.401 0.786853
495.473 0.786755
495.545 0.786688
495.617 0.786742
495.689 0.78694
495.761 0.786983
495.833 0.786896
495.905 0.786779
495.977 0.786626
496.049 0.786418
496.121 0.786156
496.193 0.785852
496.265 0.785507
496.337 0.785134
496.409 0.784798
496.481 0.784485
496.553 0.784125
496.625 0.783712
496.697 0.783384
496.769 0.783085
496.841 0.782786
496.913 0.782533
496.985 0.78233
497.057 0.782057
497.129 0.781736
497.201 0.781406
497.273 0.781065
497.345 0.780708
497.417 0.78033
497.489 0.779908
497.561 0.779445
497.633 0.77901
497.705 0.778592
497.777 0.778172
497.849 0.77782
497.921 0.777518
497.993 0.777186
498.065 0.77685
498.137 0.776517
498.209 0.776148
498.281 0.77575
498.353 0.77537
498.425 0.77498
498.497 0.774605
498.569 0.774186
498.641 0.773783
498.713 0.773361
498.785 0.772957
498.857 0.77254
498.929 0.772141
499.001 0.771726
499.073 0.771272
499.145 0.770751
499.217 0.770236
499.289 0.76976
499.361 0.769361
499.433 0.768981
499.505 0.768568
499.577 0.768117
499.649 0.767679
499.721 0.767239
499.793 0.766775
499.865 0.766371
499.937 0.765998
500.009 0.765591
500.081 0.765178
500.153 0.764768
500.225 0.764296
500.297 0.763887
500.369 0.763519
500.441 0.763128
500.513 0.762865
500.585 0.7626
500.657 0.762312
500.729 0.761981
500.801 0.761688
500.873 0.761155
500.945 0.76064
501.017 0.760244
501.089 0.760074
501.161 0.759951
501.233 0.759751
501.305 0.759179
501.377 0.758487
501.449 0.757883
501.521 0.757465
501.593 0.757091
501.665 0.756608
501.737 0.75597
501.809 0.755437
501.881 0.754806
501.953 0.753896
502.025 0.753022
502.097 0.752591
502.169 0.752731
502.241 0.753392
502.313 0.753941
502.385 0.753894
502.457 0.752823
502.529 0.751847
502.601 0.75029
502.673 0.749547
502.745 0.749519
502.817 0.749425
502.889 0.747607
502.961 0.745484
503.033 0.743912
503.105 0.743725
503.177 0.745291
503.249 0.74654
503.321 0.746524
503.393 0.744834
503.465 0.74078
503.537 0.734643
503.609 0.730254
503.681 0.729955
503.753 0.729124
503.825 0.729622
503.897 0.729476
503.969 0.729887
504.041 0.73188
504.113 0.735376
504.185 0.733847
504.257 0.731905
504.329 0.729318
504.401 0.726925
504.473 0.727478
504.545 0.730703
504.617 0.734497
504.689 0.738167
504.761 0.739366
504.833 0.737954
504.905 0.736778
504.977 0.736056
505.049 0.73586
505.121 0.736341
505.193 0.736561
505.265 0.735621
505.337 0.734807
505.409 0.733787
505.481 0.733299
505.553 0.733644
505.625 0.732185
505.697 0.730135
505.769 0.726738
505.841 0.723682
505.913 0.722816
505.985 0.723431
506.057 0.724465
506.129 0.726425
506.201 0.727659
506.273 0.728593
506.345 0.730232
506.417 0.73076
506.489 0.731456
506.561 0.729623
506.633 0.726517
506.705 0.721595
506.777 0.71902
506.849 0.718386
506.921 0.720217
506.993 0.721559
507.065 0.723143
507.137 0.723303
507.209 0.72465
507.281 0.72309
507.353 0.721158
507.425 0.719692
507.497 0.720463
507.569 0.721917
507.641 0.721464
507.713 0.718193
507.785 0.716193
507.857 0.716199
507.929 0.71555
508.001 0.715368
508.073 0.71462
508.145 0.715687
508.217 0.718329
508.289 0.72083
508.361 0.719777
508.433 0.71781
508.505 0.716645
508.577 0.716235
508.649 0.715056
508.721 0.714364
508.793 0.713923
508.865 0.714516
508.937 0.716317
509.009 0.718033
509.081 0.717886
509.153 0.717287
509.225 0.715431
509.297 0.713909
509.369 0.712414
509.441 0.711396
509.513 0.711443
509.585 0.711748
509.657 0.711581
509.729 0.712118
509.801 0.712717
509.873 0.71285
509.945 0.713285
510.017 0.712937
510.089 0.712374
510.161 0.711538
510.233 0.710329
510.305 0.709458
510.377 0.70922
510.449 0.709572
510.521 0.71019
510.593 0.71068
510.665 0.71048
510.737 0.710128
510.809 0.709676
510.881 0.709308
510.953 0.70899
511.025 0.708545
511.097 0.707586
511.169 0.70664
511.241 0.706201
511.313 0.706442
511.385 0.706908
511.457 0.707094
511.529 0.70676
511.601 0.706338
511.673 0.705791
511.745 0.705355
511.817 0.705072
511.889 0.70476
511.961 0.704484
512.033 0.704042
512.105 0.703477
512.177 0.70306
512.249 0.702631
512.321 0.702223
512.393 0.701851
512.465 0.701467
512.537 0.701103
512.609 0.700728
512.681 0.700146
512.753 0.699634
512.825 0.699202
512.897 0.698813
512.969 0.698388
513.041 0.697904
513.113 0.697399
513.185 0.696943
513.257 0.696482
513.329 0.696009
513.401 0.69553
513.473 0.695061
513.545 0.694618
513.617 0.694195
513.689 0.693702
513.761 0.6932
513.833 0.6927
513.905 0.692214
513.977 0.691745
514.049 0.691267
514.121 0.690762
514.193 0.690263
514.265 0.689781
514.337 0.689305
514.409 0.688841
514.481 0.688363
514.553 0.687876
514.625 0.687379
514.697 0.686872
514.769 0.686357
514.841 0.685845
514.913 0.685341
514.985 0.684845
515.057 0.684352
515.129 0.683859
515.201 0.683511
515.273 0.684247
