367.673 3.33397
367.745 3.31991
367.817 3.32592
367.889 3.33478
367.961 3.34274
368.033 3.34996
368.105 3.3568
368.177 3.3636
368.249 3.37037
368.321 3.3771
368.393 3.38376
368.465 3.39041
368.537 3.3971
368.609 3.4038
368.681 3.41045
368.753 3.41698
368.825 3.42347
368.897 3.43004
368.969 3.43668
369.041 3.44334
369.113 3.44998
369.185 3.45663
369.257 3.46337
369.329 3.47016
369.401 3.47691
369.473 3.48359
369.545 3.49029
369.617 3.49695
369.689 3.50238
369.761 3.50542
369.833 3.50754
369.905 3.50972
369.977 3.512
370.049 3.51523
370.121 3.52023
370.193 3.52725
370.265 3.53502
370.337 3.54225
370.409 3.54912
370.481 3.55673
370.553 3.56377
370.625 3.56979
370.697 3.57658
370.769 3.58398
370.841 3.59026
370.913 3.59569
370.985 3.60115
371.057 3.60674
371.129 3.61275
371.201 3.62024
371.273 3.62817
371.345 3.63535
371.417 3.64113
371.489 3.64697
371.561 3.65243
371.633 3.65734
371.705 3.66346
371.777 3.67075
371.849 3.67694
371.921 3.68229
371.993 3.68834
372.065 3.69403
372.137 3.69854
372.209 3.70252
372.281 3.70779
372.353 3.71336
372.425 3.71873
372.497 3.7247
372.569 3.73151
372.641 3.73744
372.713 3.74201
372.785 3.74577
372.857 3.75025
372.929 3.75521
373.001 3.75964
373.073 3.76338
373.145 3.76768
373.217 3.77116
373.289 3.77173
373.361 3.77107
373.433 3.77211
373.505 3.77588
373.577 3.78032
373.649 3.78559
373.721 3.79148
373.793 3.79439
373.865 3.7915
373.937 3.78989
374.009 3.79443
374.081 3.80063
374.153 3.80986
374.225 3.82304
374.297 3.83178
374.369 3.83485
374.441 3.84112
374.513 3.84742
374.585 3.84963
374.657 3.85462
374.729 3.86387
374.801 3.87092
374.873 3.87707
374.945 3.88538
375.017 3.89336
375.089 3.8994
375.161 3.90473
375.233 3.91046
375.305 3.91668
375.377 3.92089
375.449 3.92247
375.521 3.92565
375.593 3.93043
375.665 3.936
375.737 3.94326
375.809 3.95041
375.881 3.95392
375.953 3.95682
376.025 3.96138
376.097 3.96721
376.169 3.97429
376.241 3.98235
376.313 3.98804
376.385 3.99023
376.457 3.99235
376.529 3.99528
376.601 3.99924
376.673 4.00499
376.745 4.01249
376.817 4.01928
376.889 4.0248
376.961 4.0289
377.033 4.03294
377.105 4.03761
377.177 4.04209
377.249 4.04624
377.321 4.05061
377.393 4.05285
377.465 4.05151
377.537 4.05404
377.609 4.06092
377.681 4.06755
377.753 4.07425
377.825 4.08607
377.897 4.09608
377.969 4.1019
378.041 4.10655
378.113 4.1121
378.185 4.11746
378.257 4.12242
378.329 4.12756
378.401 4.13163
378.473 4.13315
378.545 4.1354
378.617 4.1392
378.689 4.1439
378.761 4.15131
378.833 4.16179
378.905 4.16866
378.977 4.17133
379.049 4.17323
379.121 4.17367
379.193 4.17279
379.265 4.17397
379.337 4.17719
379.409 4.17877
379.481 4.18076
379.553 4.18543
379.625 4.18903
379.697 4.19248
379.769 4.19915
379.841 4.20794
379.913 4.21615
379.985 4.22459
380.057 4.23207
380.129 4.23877
380.201 4.24635
380.273 4.25451
380.345 4.2627
380.417 4.2716
380.489 4.28033
380.561 4.28771
380.633 4.2943
380.705 4.30074
380.777 4.30703
380.849 4.3127
380.921 4.31768
380.993 4.32306
381.065 4.32863
381.137 4.33338
381.209 4.33651
381.281 4.33851
381.353 4.33873
381.425 4.33738
381.497 4.33701
381.569 4.33702
381.641 4.33881
381.713 4.34522
381.785 4.3535
381.857 4.36017
381.929 4.36699
382.001 4.37185
382.073 4.37349
382.145 4.37525
382.217 4.37738
382.289 4.38009
382.361 4.38486
382.433 4.39041
382.505 4.39357
382.577 4.39565
382.649 4.398
382.721 4.39917
382.793 4.39762
382.865 4.39667
382.937 4.39442
383.009 4.38664
383.081 4.37647
383.153 4.36765
383.225 4.35991
383.297 4.35971
383.369 4.36694
383.441 4.37549
383.513 4.38924
383.585 4.40695
383.657 4.41703
383.729 4.41938
383.801 4.42691
383.873 4.43623
383.945 4.44622
384.017 4.46067
384.089 4.47885
384.161 4.49293
384.233 4.505
384.305 4.51601
384.377 4.52633
384.449 4.53472
384.521 4.5391
384.593 4.54447
384.665 4.54968
384.737 4.554
384.809 4.56431
384.881 4.58054
384.953 4.58913
385.025 4.59357
385.097 4.60306
385.169 4.61391
385.241 4.62414
385.313 4.63624
385.385 4.64813
385.457 4.65389
385.529 4.65697
385.601 4.66183
385.673 4.66814
385.745 4.67593
385.817 4.68546
385.889 4.69456
385.961 4.7012
386.033 4.70657
386.105 4.71159
386.177 4.7163
386.249 4.72073
386.321 4.724
386.393 4.72561
386.465 4.72775
386.537 4.73093
386.609 4.73434
386.681 4.73863
386.753 4.74401
386.825 4.74832
386.897 4.75117
386.969 4.75323
387.041 4.75473
387.113 4.75605
387.185 4.75697
387.257 4.75731
387.329 4.75743
387.401 4.75742
387.473 4.75628
387.545 4.75372
387.617 4.75158
387.689 4.74941
387.761 4.74669
387.833 4.74458
387.905 4.74279
387.977 4.739
388.049 4.7339
388.121 4.72783
388.193 4.72008
388.265 4.71143
388.337 4.70342
388.409 4.69578
388.481 4.68883
388.553 4.68304
388.625 4.67847
388.697 4.67379
388.769 4.66652
388.841 4.65778
388.913 4.65684
388.985 4.66294
389.057 4.67402
389.129 4.69158
389.201 4.71502
389.273 4.73578
389.345 4.75373
389.417 4.77016
389.489 4.7858
389.561 4.80125
389.633 4.81666
389.705 4.83229
389.777 4.84783
389.849 4.86273
389.921 4.87705
389.993 4.89085
390.065 4.90361
390.137 4.91561
390.209 4.92714
390.281 4.93748
390.353 4.94333
390.425 4.9431
390.497 4.94402
390.569 4.94542
390.641 4.94288
390.713 4.94212
390.785 4.95
390.857 4.95812
390.929 4.96477
391.001 4.97568
391.073 4.9888
391.145 4.99824
391.217 5.00596
391.289 5.01517
391.361 5.02139
391.433 5.02741
391.505 5.03639
391.577 5.04398
391.649 5.05073
391.721 5.06082
391.793 5.06842
391.865 5.0738
391.937 5.0813
392.009 5.08701
392.081 5.09201
392.153 5.09962
392.225 5.10498
392.297 5.10827
392.369 5.1129
392.441 5.11747
392.513 5.11953
392.585 5.12292
392.657 5.12774
392.729 5.13161
392.801 5.13439
392.873 5.13966
392.945 5.1453
393.017 5.14898
393.089 5.15167
393.161 5.15538
393.233 5.15784
393.305 5.16071
393.377 5.1649
393.449 5.17021
393.521 5.17459
393.593 5.17846
393.665 5.18002
393.737 5.17946
393.809 5.17848
393.881 5.17594
393.953 5.17121
394.025 5.16654
394.097 5.16006
394.169 5.14907
394.241 5.13552
394.313 5.12684
394.385 5.12305
394.457 5.11988
394.529 5.11924
394.601 5.12508
394.673 5.12793
394.745 5.12158
394.817 5.1145
394.889 5.11216
394.961 5.10814
395.033 5.09927
395.105 5.08746
395.177 5.07951
395.249 5.07225
395.321 5.06258
395.393 5.05546
395.465 5.05419
395.537 5.04673
395.609 5.03309
395.681 5.02191
395.753 5.01357
395.825 5.00583
395.897 4.99903
395.969 4.98861
396.041 4.97228
396.113 4.95443
396.185 4.93836
396.257 4.92374
396.329 4.91064
396.401 4.89883
396.473 4.8865
396.545 4.8731
396.617 4.85996
396.689 4.84778
396.761 4.83578
396.833 4.82535
396.905 4.81816
396.977 4.81648
397.049 4.821
397.121 4.83022
397.193 4.8429
397.265 4.85658
397.337 4.86964
397.409 4.8853
397.481 4.90442
397.553 4.92462
397.625 4.94575
397.697 4.9651
397.769 4.98185
397.841 5.00105
397.913 5.01984
397.985 5.03664
398.057 5.05581
398.129 5.07746
398.201 5.09661
398.273 5.11355
398.345 5.12944
398.417 5.14593
398.489 5.16405
398.561 5.18125
398.633 5.19774
398.705 5.21429
398.777 5.22781
398.849 5.23643
398.921 5.24597
398.993 5.25803
399.065 5.27227
399.137 5.28853
399.209 5.30422
399.281 5.31348
399.353 5.31941
399.425 5.32719
399.497 5.33696
399.569 5.34721
399.641 5.35972
399.713 5.37312
399.785 5.38244
399.857 5.38638
399.929 5.389
400.001 5.39457
400.073 5.40147
400.145 5.40953
400.217 5.42082
400.289 5.43341
400.361 5.44262
400.433 5.44939
400.505 5.45548
400.577 5.46051
400.649 5.46174
400.721 5.45799
400.793 5.45464
400.865 5.45009
400.937 5.44207
401.009 5.43935
401.081 5.44516
401.153 5.4519
401.225 5.45991
401.297 5.47145
401.369 5.47836
401.441 5.48406
401.513 5.48938
401.585 5.49394
401.657 5.49852
401.729 5.50548
401.801 5.51089
401.873 5.51441
401.945 5.51772
402.017 5.52123
402.089 5.52433
402.161 5.52743
402.233 5.53231
402.305 5.53668
402.377 5.54032
402.449 5.54435
402.521 5.54774
402.593 5.54944
402.665 5.55225
402.737 5.55583
402.809 5.5577
402.881 5.55859
402.953 5.56098
403.025 5.56427
403.097 5.56728
403.169 5.5715
403.241 5.57523
403.313 5.57868
403.385 5.58157
403.457 5.58426
403.529 5.58694
403.601 5.58996
403.673 5.59199
403.745 5.59316
403.817 5.59407
403.889 5.59488
403.961 5.5956
404.033 5.59614
404.105 5.59644
404.177 5.59598
404.249 5.59302
404.321 5.58682
404.393 5.58038
404.465 5.57446
404.537 5.57024
404.609 5.56851
404.681 5.56536
404.753 5.56041
404.825 5.56079
404.897 5.5626
404.969 5.5572
405.041 5.54681
405.113 5.5447
405.185 5.54507
405.257 5.54415
405.329 5.5473
405.401 5.55555
405.473 5.55817
405.545 5.55631
405.617 5.55413
405.689 5.55315
405.761 5.55262
405.833 5.54725
405.905 5.53894
405.977 5.53266
406.049 5.52713
406.121 5.52267
406.193 5.5206
406.265 5.51664
406.337 5.50994
406.409 5.50242
406.481 5.49295
406.553 5.48312
406.625 5.47845
406.697 5.4735
406.769 5.46551
406.841 5.46165
406.913 5.46261
406.985 5.45997
407.057 5.45559
407.129 5.45458
407.201 5.45361
407.273 5.44853
407.345 5.44007
407.417 5.43014
407.489 5.41752
407.561 5.40171
407.633 5.38773
407.705 5.37488
407.777 5.36108
407.849 5.34672
407.921 5.32973
407.993 5.30773
408.065 5.28321
408.137 5.26271
408.209 5.24677
408.281 5.23568
408.353 5.22818
408.425 5.22098
408.497 5.20736
408.569 5.1853
408.641 5.16007
408.713 5.13741
408.785 5.11745
408.857 5.09801
408.929 5.08032
409.001 5.06282
409.073 5.03914
409.145 5.01147
409.217 4.98407
409.289 4.95619
409.361 4.92706
409.433 4.90003
409.505 4.87561
409.577 4.8498
409.649 4.82219
409.721 4.79554
409.793 4.77001
409.865 4.74379
409.937 4.72006
410.009 4.70287
410.081 4.69495
410.153 4.69673
410.225 4.70823
410.297 4.72651
410.369 4.74875
410.441 4.77456
410.513 4.80141
410.585 4.82562
410.657 4.84765
410.729 4.87393
410.801 4.90141
410.873 4.9264
410.945 4.95385
411.017 4.9883
411.089 5.02214
411.161 5.05207
411.233 5.08185
411.305 5.11033
411.377 5.13313
411.449 5.15233
411.521 5.17332
411.593 5.19593
411.665 5.21926
411.737 5.2443
411.809 5.26976
411.881 5.29168
411.953 5.30903
412.025 5.32271
412.097 5.33703
412.169 5.35099
412.241 5.36443
412.313 5.38125
412.385 5.40101
412.457 5.41746
412.529 5.43089
412.601 5.44427
412.673 5.45485
412.745 5.46274
412.817 5.47494
412.889 5.49122
412.961 5.50493
413.033 5.51624
413.105 5.53048
413.177 5.54262
413.249 5.55158
413.321 5.56139
413.393 5.57203
413.465 5.58085
413.537 5.58785
413.609 5.59277
413.681 5.59836
413.753 5.6049
413.825 5.60925
413.897 5.61659
413.969 5.62825
414.041 5.63978
414.113 5.65103
414.185 5.66385
414.257 5.67389
414.329 5.68173
414.401 5.68803
414.473 5.69143
414.545 5.69221
414.617 5.69523
414.689 5.7
414.761 5.70506
414.833 5.71216
414.905 5.72165
414.977 5.72863
415.049 5.73336
415.121 5.73764
415.193 5.74181
415.265 5.74586
415.337 5.74953
415.409 5.75131
415.481 5.74872
415.553 5.74218
415.625 5.73581
415.697 5.73276
415.769 5.72918
415.841 5.72902
415.913 5.73771
415.985 5.74592
416.057 5.74569
416.129 5.74921
416.201 5.75818
416.273 5.75901
416.345 5.7509
416.417 5.74654
416.489 5.74465
416.561 5.74099
416.633 5.7423
416.705 5.75272
416.777 5.75934
416.849 5.75987
416.921 5.76098
416.993 5.76447
417.065 5.76944
417.137 5.77689
417.209 5.78286
417.281 5.78587
417.353 5.78889
417.425 5.78967
417.497 5.79211
417.569 5.80123
417.641 5.80975
417.713 5.80895
417.785 5.80561
417.857 5.80791
417.929 5.81188
418.001 5.81706
418.073 5.82669
418.145 5.83786
418.217 5.84222
418.289 5.84213
418.361 5.84039
418.433 5.83763
418.505 5.83371
418.577 5.83142
418.649 5.83034
418.721 5.83153
418.793 5.83414
418.865 5.83847
418.937 5.84124
419.009 5.84472
419.081 5.84823
419.153 5.85175
419.225 5.85652
419.297 5.86285
419.369 5.86408
419.441 5.86044
419.513 5.85885
419.585 5.85926
419.657 5.86024
419.729 5.86329
419.801 5.86875
419.873 5.8717
419.945 5.87209
420.017 5.86956
420.089 5.86397
420.161 5.86131
420.233 5.86076
420.305 5.86036
420.377 5.86274
420.449 5.86812
420.521 5.8708
420.593 5.87018
420.665 5.86787
420.737 5.86443
420.809 5.8592
420.881 5.85685
420.953 5.85833
421.025 5.86232
421.097 5.86756
421.169 5.87445
421.241 5.87774
421.313 5.87816
421.385 5.87818
421.457 5.87786
421.529 5.87516
421.601 5.86981
421.673 5.86744
421.745 5.86765
421.817 5.86842
421.889 5.8714
421.961 5.87711
422.033 5.88013
422.105 5.88074
422.177 5.88095
422.249 5.88109
422.321 5.88134
422.393 5.88128
422.465 5.87819
422.537 5.87155
422.609 5.86801
422.681 5.86734
422.753 5.86742
422.825 5.87008
422.897 5.87575
422.969 5.87813
423.041 5.87768
423.113 5.87679
423.185 5.87583
423.257 5.87484
423.329 5.87401
423.401 5.87294
423.473 5.86919
423.545 5.86236
423.617 5.85837
423.689 5.85708
423.761 5.85663
423.833 5.85858
423.905 5.86318
423.977 5.86484
424.049 5.86408
424.121 5.863
424.193 5.86166
424.265 5.86006
424.337 5.85843
424.409 5.85681
424.481 5.85491
424.553 5.85091
424.625 5.84306
424.697 5.83419
424.769 5.8261
424.841 5.81972
424.913 5.81732
424.985 5.81768
425.057 5.81845
425.129 5.8206
425.201 5.82156
425.273 5.82021
425.345 5.81892
425.417 5.81961
425.489 5.82049
425.561 5.82137
425.633 5.82182
425.705 5.82316
425.777 5.82405
425.849 5.82311
425.921 5.8211
425.993 5.81869
426.065 5.81627
426.137 5.81411
426.209 5.81211
426.281 5.80985
426.353 5.8072
426.425 5.80452
426.497 5.80213
426.569 5.79997
426.641 5.79761
426.713 5.79495
426.785 5.79224
426.857 5.78955
426.929 5.7868
427.001 5.78391
427.073 5.78081
427.145 5.77697
427.217 5.7721
427.289 5.76802
427.361 5.76455
427.433 5.76118
427.505 5.75919
427.577 5.75858
427.649 5.75653
427.721 5.75292
427.793 5.74888
427.865 5.74371
427.937 5.73725
428.009 5.73182
428.081 5.72712
428.153 5.72265
428.225 5.71956
428.297 5.71681
428.369 5.71057
428.441 5.70231
428.513 5.69316
428.585 5.68591
428.657 5.68139
428.729 5.67947
428.801 5.67764
428.873 5.67592
428.945 5.67249
429.017 5.66739
429.089 5.66007
429.161 5.65305
429.233 5.64656
429.305 5.64021
429.377 5.63543
429.449 5.63226
429.521 5.62719
429.593 5.62006
429.665 5.61119
429.737 5.5998
429.809 5.58861
429.881 5.5798
429.953 5.57192
430.025 5.5655
430.097 5.56242
430.169 5.55931
430.241 5.55043
430.313 5.53673
430.385 5.52476
430.457 5.51513
430.529 5.50598
430.601 5.49751
430.673 5.48972
430.745 5.47908
430.817 5.46677
430.889 5.45487
430.961 5.44163
431.033 5.42467
431.105 5.40562
431.177 5.38757
431.249 5.3717
431.321 5.35488
431.393 5.33474
431.465 5.31489
431.537 5.29565
431.609 5.27667
431.681 5.25742
431.753 5.23976
431.825 5.22299
431.897 5.20703
431.969 5.19214
432.041 5.17918
432.113 5.1634
432.185 5.1423
432.257 5.11993
432.329 5.09905
432.401 5.08126
432.473 5.06475
432.545 5.04445
432.617 5.01996
432.689 4.99405
432.761 4.96916
432.833 4.9453
432.905 4.92021
432.977 4.89197
433.049 4.86261
433.121 4.83466
433.193 4.80914
433.265 4.78317
433.337 4.7538
433.409 4.72198
433.481 4.68985
433.553 4.65964
433.625 4.63089
433.697 4.60114
433.769 4.57002
433.841 4.53926
433.913 4.51288
433.985 4.49635
434.057 4.49355
434.129 4.50768
434.201 4.53318
434.273 4.56147
434.345 4.5906
434.417 4.62273
434.489 4.65468
434.561 4.68593
434.633 4.71657
434.705 4.74499
434.777 4.77035
434.849 4.79524
434.921 4.82223
434.993 4.85048
435.065 4.87825
435.137 4.90386
435.209 4.92769
435.281 4.95184
435.353 4.97685
435.425 5.00121
435.497 5.02344
435.569 5.04291
435.641 5.06165
435.713 5.08168
435.785 5.10243
435.857 5.12266
435.929 5.14114
436.001 5.15811
436.073 5.17505
436.145 5.19244
436.217 5.20925
436.289 5.22453
436.361 5.23785
436.433 5.25064
436.505 5.26427
436.577 5.27838
436.649 5.2918
436.721 5.30138
436.793 5.30642
436.865 5.31439
436.937 5.32591
437.009 5.33857
437.081 5.3537
437.153 5.37104
437.225 5.38391
437.297 5.3936
437.369 5.4034
437.441 5.41343
437.513 5.42321
437.585 5.43218
437.657 5.44053
437.729 5.44892
437.801 5.45757
437.873 5.466
437.945 5.47373
438.017 5.48051
438.089 5.48696
438.161 5.49354
438.233 5.49908
438.305 5.50297
438.377 5.50702
438.449 5.51076
438.521 5.51544
438.593 5.52221
438.665 5.53051
438.737 5.53782
438.809 5.5442
438.881 5.54888
438.953 5.55244
439.025 5.55525
439.097 5.55722
439.169 5.5599
439.241 5.56308
439.313 5.56613
439.385 5.56995
439.457 5.5749
439.529 5.57913
439.601 5.58254
439.673 5.58559
439.745 5.58833
439.817 5.59102
439.889 5.59386
439.961 5.59606
440.033 5.59697
440.105 5.59638
440.177 5.59248
440.249 5.5892
440.321 5.59011
440.393 5.59232
440.465 5.59362
440.537 5.59295
440.609 5.58951
440.681 5.58475
440.753 5.58209
440.825 5.5797
440.897 5.58231
440.969 5.59217
441.041 5.59962
441.113 5.59854
441.185 5.59889
441.257 5.60188
441.329 5.60443
441.401 5.60984
441.473 5.6181
441.545 5.62105
441.617 5.62004
441.689 5.62053
441.761 5.6221
441.833 5.62772
441.905 5.63855
441.977 5.6473
442.049 5.64651
442.121 5.64463
442.193 5.64351
442.265 5.64181
442.337 5.64508
442.409 5.65224
442.481 5.65317
442.553 5.64531
442.625 5.63732
442.697 5.63366
442.769 5.63563
442.841 5.64324
442.913 5.65193
442.985 5.65572
443.057 5.65691
443.129 5.6604
443.201 5.66523
443.273 5.66848
443.345 5.67098
443.417 5.67187
443.489 5.67147
443.561 5.6704
443.633 5.67198
443.705 5.67365
443.777 5.67462
443.849 5.6771
443.921 5.67992
443.993 5.68206
444.065 5.68308
444.137 5.68392
444.209 5.68189
444.281 5.67978
444.353 5.67785
444.425 5.6779
444.497 5.67786
444.569 5.67627
444.641 5.67253
444.713 5.66767
444.785 5.6646
444.857 5.66568
444.929 5.67081
445.001 5.67916
445.073 5.68608
445.145 5.68928
445.217 5.68813
445.289 5.68788
445.361 5.68695
445.433 5.6879
445.505 5.68746
445.577 5.68765
445.649 5.68657
445.721 5.68417
445.793 5.67919
445.865 5.67718
445.937 5.67883
446.009 5.68306
446.081 5.68892
446.153 5.69192
446.225 5.68901
446.297 5.68505
446.369 5.68132
446.441 5.67971
446.513 5.68234
446.585 5.68881
446.657 5.69213
446.729 5.69049
446.801 5.68816
446.873 5.6869
446.945 5.68594
447.017 5.68567
447.089 5.68742
447.161 5.68816
447.233 5.68886
447.305 5.68927
447.377 5.68795
447.449 5.68359
447.521 5.6816
447.593 5.68123
447.665 5.68072
447.737 5.68215
447.809 5.68576
447.881 5.6877
447.953 5.68863
448.025 5.68953
448.097 5.68946
448.169 5.68901
448.241 5.68839
448.313 5.68731
448.385 5.68473
448.457 5.68085
448.529 5.67882
448.601 5.67836
448.673 5.67818
448.745 5.67888
448.817 5.68056
448.889 5.68086
448.961 5.68026
449.033 5.67969
449.105 5.67898
449.177 5.67774
449.249 5.6763
449.321 5.67481
449.393 5.67368
449.465 5.67292
449.537 5.67232
449.609 5.67133
449.681 5.67002
449.753 5.66855
449.825 5.66709
449.897 5.66574
449.969 5.66456
450.041 5.66345
450.113 5.6623
450.185 5.66102
450.257 5.65952
450.329 5.65787
450.401 5.65623
450.473 5.65479
450.545 5.65362
450.617 5.65245
450.689 5.64996
450.761 5.64585
450.833 5.64297
450.905 5.64132
450.977 5.64015
451.049 5.64045
451.121 5.64231
451.193 5.64267
451.265 5.64158
451.337 5.64017
451.409 5.63874
451.481 5.63751
451.553 5.63657
451.625 5.63583
451.697 5.63502
451.769 5.63401
451.841 5.63283
451.913 5.63166
451.985 5.63071
452.057 5.63004
452.129 5.62957
452.201 5.62914
452.273 5.62859
452.345 5.62782
452.417 5.62689
452.489 5.62593
452.561 5.62505
452.633 5.62423
452.705 5.62326
452.777 5.62157
452.849 5.61906
452.921 5.61685
452.993 5.61336
453.065 5.60783
453.137 5.60512
453.209 5.60504
453.281 5.60498
453.353 5.6061
453.425 5.60798
453.497 5.60487
453.569 5.59851
453.641 5.5924
453.713 5.58752
453.785 5.58529
453.857 5.58424
453.929 5.58301
454.001 5.58312
454.073 5.5827
454.145 5.57936
454.217 5.57881
454.289 5.57994
454.361 5.57897
454.433 5.5782
454.505 5.58068
454.577 5.58261
454.649 5.58427
454.721 5.5863
454.793 5.58803
454.865 5.58817
454.937 5.58733
455.009 5.58623
455.081 5.58488
455.153 5.58289
455.225 5.5774
455.297 5.56641
455.369 5.55707
455.441 5.55331
455.513 5.55238
455.585 5.55504
455.657 5.56313
455.729 5.56974
455.801 5.57093
455.873 5.56984
455.945 5.56852
456.017 5.56702
456.089 5.5652
456.161 5.56299
456.233 5.56039
456.305 5.55745
456.377 5.55352
456.449 5.54864
456.521 5.54518
456.593 5.54287
456.665 5.54067
456.737 5.53829
456.809 5.53566
456.881 5.53287
456.953 5.53014
457.025 5.52775
457.097 5.5266
457.169 5.5267
457.241 5.52564
457.313 5.52342
457.385 5.5208
457.457 5.518
457.529 5.51506
457.601 5.51102
457.673 5.50576
457.745 5.50219
457.817 5.49987
457.889 5.49674
457.961 5.49237
458.033 5.48846
458.105 5.48434
458.177 5.47877
458.249 5.47073
458.321 5.46572
458.393 5.46595
458.465 5.46559
458.537 5.4629
458.609 5.46276
458.681 5.46321
458.753 5.46195
458.825 5.46125
458.897 5.4618
458.969 5.46127
459.041 5.46138
459.113 5.46044
459.185 5.4584
459.257 5.45781
459.329 5.45923
459.401 5.45881
459.473 5.45677
459.545 5.45461
459.617 5.45249
459.689 5.45047
459.761 5.44839
459.833 5.44606
459.905 5.44347
459.977 5.4409
460.049 5.43857
460.121 5.43661
460.193 5.43486
460.265 5.43316
460.337 5.43131
460.409 5.42916
460.481 5.42682
460.553 5.42445
460.625 5.42227
460.697 5.42037
460.769 5.41864
460.841 5.41693
460.913 5.41524
460.985 5.41339
461.057 5.41129
461.129 5.409
461.201 5.40672
461.273 5.40458
461.345 5.40266
461.417 5.40085
461.489 5.39905
461.561 5.39727
461.633 5.39539
461.705 5.39324
461.777 5.39091
461.849 5.38856
461.921 5.38637
461.993 5.38443
462.065 5.38261
462.137 5.38077
462.209 5.37891
462.281 5.3769
462.353 5.37462
462.425 5.37219
462.497 5.36979
462.569 5.3676
462.641 5.36572
462.713 5.36402
462.785 5.36237
462.857 5.36074
462.929 5.35899
463.001 5.35698
463.073 5.35481
463.145 5.35262
463.217 5.3506
463.289 5.34883
463.361 5.34718
463.433 5.34554
463.505 5.34391
463.577 5.34233
463.649 5.34065
463.721 5.33871
463.793 5.33656
463.865 5.33434
463.937 5.33232
464.009 5.33067
464.081 5.32931
464.153 5.32806
464.225 5.32687
464.297 5.32553
464.369 5.3239
464.441 5.32205
464.513 5.32018
464.585 5.31845
464.657 5.31698
464.729 5.31564
464.801 5.31427
464.873 5.31285
464.945 5.31138
465.017 5.30971
465.089 5.30775
465.161 5.30558
465.233 5.30338
465.305 5.30137
465.377 5.29964
465.449 5.29808
465.521 5.29657
465.593 5.29511
465.665 5.29356
465.737 5.2918
465.809 5.2897
465.881 5.28607
465.953 5.2807
466.025 5.27625
466.097 5.27122
466.169 5.26554
466.241 5.26255
466.313 5.26379
466.385 5.26523
466.457 5.26722
466.529 5.26986
466.601 5.27122
466.673 5.26896
466.745 5.26395
466.817 5.25949
466.889 5.25439
466.961 5.24905
467.033 5.24695
467.105 5.24522
467.177 5.23914
467.249 5.23518
467.321 5.23448
467.393 5.23031
467.465 5.22329
467.537 5.21988
467.609 5.22006
467.681 5.21969
467.753 5.22098
467.825 5.22649
467.897 5.23256
467.969 5.23206
468.041 5.22432
468.113 5.21343
468.185 5.2076
468.257 5.20504
468.329 5.20381
468.401 5.20687
468.473 5.2127
468.545 5.21319
468.617 5.20954
468.689 5.20559
468.761 5.20206
468.833 5.19942
468.905 5.19744
468.977 5.19531
469.049 5.19229
469.121 5.18947
469.193 5.18664
469.265 5.1836
469.337 5.18091
469.409 5.17835
469.481 5.17422
469.553 5.1689
469.625 5.16295
469.697 5.15783
469.769 5.15544
469.841 5.15525
469.913 5.15506
469.985 5.15275
470.057 5.14943
470.129 5.14646
470.201 5.14433
470.273 5.14273
470.345 5.14108
470.417 5.13829
470.489 5.13552
470.561 5.13282
470.633 5.12982
470.705 5.1268
470.777 5.12414
470.849 5.12097
470.921 5.1175
470.993 5.11259
471.065 5.10588
471.137 5.10016
471.209 5.09588
471.281 5.09267
471.353 5.09144
471.425 5.09241
471.497 5.09146
471.569 5.08841
471.641 5.08495
471.713 5.08193
471.785 5.07887
471.857 5.0747
471.929 5.06899
472.001 5.06361
472.073 5.05981
472.145 5.05646
472.217 5.0551
472.289 5.05572
472.361 5.05559
472.433 5.05386
472.505 5.05198
472.577 5.04936
472.649 5.04666
472.721 5.0428
472.793 5.03872
472.865 5.03511
472.937 5.03209
473.009 5.02989
473.081 5.02845
473.153 5.02656
473.225 5.02388
473.297 5.02114
473.369 5.01819
473.441 5.01581
473.513 5.01371
473.585 5.01105
473.657 5.00764
473.729 5.00427
473.801 5.00124
473.873 4.99844
473.945 4.99578
474.017 4.99271
474.089 4.98988
474.161 4.98725
474.233 4.98453
474.305 4.98128
474.377 4.97774
474.449 4.97373
474.521 4.96982
474.593 4.96632
474.665 4.96337
474.737 4.9605
474.809 4.95784
474.881 4.95514
474.953 4.95229
475.025 4.94935
475.097 4.94642
475.169 4.94335
475.241 4.94007
475.313 4.93621
475.385 4.93209
475.457 4.92804
475.529 4.92438
475.601 4.92118
475.673 4.91819
475.745 4.91497
475.817 4.9117
475.889 4.90836
475.961 4.90497
476.033 4.90148
476.105 4.89784
476.177 4.89392
476.249 4.88961
476.321 4.88513
476.393 4.88073
476.465 4.87659
476.537 4.87275
476.609 4.86905
476.681 4.8653
476.753 4.86151
476.825 4.85768
476.897 4.8538
476.969 4.84989
477.041 4.84596
477.113 4.84177
477.185 4.83715
477.257 4.83225
477.329 4.82741
477.401 4.82289
477.473 4.81882
477.545 4.81501
477.617 4.81125
477.689 4.80753
477.761 4.80387
477.833 4.80023
477.905 4.79658
477.977 4.79293
478.049 4.78902
478.121 4.78466
478.193 4.77997
478.265 4.77526
478.337 4.77085
478.409 4.76687
478.481 4.76305
478.553 4.75911
478.625 4.75505
478.697 4.75091
478.769 4.74673
478.841 4.74252
478.913 4.73828
478.985 4.734
479.057 4.72938
479.129 4.72416
479.201 4.71851
479.273 4.71281
479.345 4.70742
479.417 4.70249
479.489 4.69777
479.561 4.69298
479.633 4.68819
479.705 4.68342
479.777 4.67871
479.849 4.674
479.921 4.66917
479.993 4.66408
480.065 4.65833
480.137 4.65166
480.209 4.64436
480.281 4.63696
480.353 4.62992
480.425 4.62345
480.497 4.61722
480.569 4.61085
480.641 4.60431
480.713 4.59763
480.785 4.59086
480.857 4.58403
480.929 4.57714
481.001 4.57012
481.073 4.56238
481.145 4.55246
481.217 4.54089
481.289 4.5304
481.361 4.52098
481.433 4.51269
481.505 4.50672
481.577 4.50186
481.649 4.49516
481.721 4.48704
481.793 4.47746
481.865 4.46642
481.937 4.4564
482.009 4.44543
482.081 4.43053
482.153 4.41621
482.225 4.40707
482.297 4.39762
482.369 4.38599
482.441 4.37628
482.513 4.36894
482.585 4.35956
482.657 4.34941
482.729 4.33973
482.801 4.3275
482.873 4.31254
482.945 4.29921
483.017 4.28755
483.089 4.27762
483.161 4.27074
483.233 4.26395
483.305 4.25353
483.377 4.24096
483.449 4.22706
483.521 4.2113
483.593 4.19408
483.665 4.17655
483.737 4.15973
483.809 4.14408
483.881 4.12879
483.953 4.11326
484.025 4.09766
484.097 4.08175
484.169 4.06337
484.241 4.04236
484.313 4.0233
484.385 4.00601
484.457 3.98902
484.529 3.97393
484.601 3.95911
484.673 3.93847
484.745 3.91189
484.817 3.88426
484.889 3.85957
484.961 3.8382
485.033 3.81878
485.105 3.80165
485.177 3.78431
485.249 3.76473
485.321 3.74379
485.393 3.72294
485.465 3.70201
485.537 3.68046
485.609 3.65808
485.681 3.63473
485.753 3.61142
485.825 3.58779
485.897 3.56201
485.969 3.53465
486.041 3.51247
486.113 3.50135
486.185 3.50866
486.257 3.52951
486.329 3.55408
486.401 3.57856
486.473 3.60392
486.545 3.62601
486.617 3.6456
486.689 3.66486
486.761 3.68398
486.833 3.70261
486.905 3.72018
486.977 3.73738
487.049 3.75378
487.121 3.77047
487.193 3.78824
487.265 3.80811
487.337 3.82857
487.409 3.84876
487.481 3.86655
487.553 3.8826
487.625 3.89735
487.697 3.9121
487.769 3.9252
487.841 3.93784
487.913 3.95042
487.985 3.96367
488.057 3.97671
488.129 3.9894
488.201 3.99899
488.273 4.00638
488.345 4.01492
488.417 4.02494
488.489 4.03495
488.561 4.04782
488.633 4.06397
488.705 4.07816
488.777 4.08949
488.849 4.09935
488.921 4.10805
488.993 4.11544
489.065 4.12254
489.137 4.12901
489.209 4.13611
489.281 4.14316
489.353 4.15067
489.425 4.15732
489.497 4.1638
489.569 4.16989
489.641 4.17557
489.713 4.18093
489.785 4.18651
489.857 4.19193
489.929 4.19736
490.001 4.20259
490.073 4.20743
490.145 4.21262
490.217 4.21779
490.289 4.22252
490.361 4.22671
490.433 4.22824
490.505 4.22667
490.577 4.2278
490.649 4.23102
490.721 4.23447
490.793 4.24045
490.865 4.24912
490.937 4.25409
491.009 4.25576
491.081 4.25782
491.153 4.26064
491.225 4.26367
491.297 4.26734
491.369 4.27138
491.441 4.27463
491.513 4.27722
491.585 4.2798
491.657 4.28207
491.729 4.28325
491.801 4.2828
491.873 4.2836
491.945 4.28529
492.017 4.28713
492.089 4.29007
492.161 4.29444
492.233 4.2972
492.305 4.29866
492.377 4.29988
492.449 4.3012
492.521 4.30256
492.593 4.30377
492.665 4.3048
492.737 4.30581
492.809 4.30678
492.881 4.30778
492.953 4.30878
493.025 4.30942
493.097 4.30809
493.169 4.30455
493.241 4.30302
493.313 4.30332
493.385 4.30419
493.457 4.30696
493.529 4.31129
493.601 4.31216
493.673 4.3078
493.745 4.29919
493.817 4.295
493.889 4.29514
493.961 4.29694
494.033 4.30184
494.105 4.31051
494.177 4.31476
494.249 4.31518
494.321 4.31505
494.393 4.31487
494.465 4.31468
494.537 4.31451
494.609 4.31429
494.681 4.31328
494.753 4.31132
494.825 4.31037
494.897 4.31031
494.969 4.31051
495.041 4.3116
495.113 4.31364
495.185 4.31422
495.257 4.31073
495.329 4.30349
495.401 4.2998
495.473 4.29923
495.545 4.29944
495.617 4.30268
495.689 4.30941
495.761 4.31248
495.833 4.31238
495.905 4.31176
495.977 4.31096
496.049 4.30991
496.121 4.30861
496.193 4.30706
496.265 4.30484
496.337 4.30195
496.409 4.29978
496.481 4.29805
496.553 4.29532
496.625 4.29176
496.697 4.29024
496.769 4.28929
496.841 4.28816
496.913 4.28812
496.985 4.28941
497.057 4.28929
497.129 4.288
497.201 4.28653
497.273 4.28501
497.345 4.28342
497.417 4.28166
497.489 4.27924
497.561 4.27611
497.633 4.27363
497.705 4.2712
497.777 4.26833
497.849 4.26689
497.921 4.26677
497.993 4.26613
498.065 4.26554
498.137 4.26552
498.209 4.26471
498.281 4.26323
498.353 4.26175
498.425 4.26023
498.497 4.25875
498.569 4.25701
498.641 4.25527
498.713 4.25336
498.785 4.25147
498.857 4.24946
498.929 4.24751
499.001 4.24548
499.073 4.24321
499.145 4.24017
499.217 4.23661
499.289 4.23378
499.361 4.23176
499.433 4.22988
499.505 4.22781
499.577 4.22555
499.649 4.22347
499.721 4.22152
499.793 4.21961
499.865 4.21854
499.937 4.21822
500.009 4.21715
500.081 4.21551
500.153 4.21382
500.225 4.21182
500.297 4.21007
500.369 4.2081
500.441 4.20558
500.513 4.20409
500.585 4.20296
500.657 4.20183
500.729 4.20087
500.801 4.20052
500.873 4.19861
500.945 4.19637
501.017 4.19462
501.089 4.19392
501.161 4.19344
501.233 4.1926
501.305 4.19004
501.377 4.18693
501.449 4.18423
501.521 4.18237
501.593 4.18069
501.665 4.17846
501.737 4.17547
501.809 4.17295
501.881 4.16998
501.953 4.1657
502.025 4.16154
502.097 4.15941
502.169 4.15994
502.241 4.16287
502.313 4.16526
502.385 4.16493
502.457 4.15988
502.529 4.1553
502.601 4.14802
502.673 4.14452
502.745 4.14437
502.817 4.144
502.889 4.13561
502.961 4.1257
503.033 4.11832
503.105 4.11744
503.177 4.12468
503.249 4.13035
503.321 4.13022
503.393 4.12252
503.465 4.10396
503.537 4.07554
503.609 4.05513
503.681 4.05403
503.753 4.05048
503.825 4.05282
503.897 4.05193
503.969 4.05389
504.041 4.06331
504.113 4.07967
504.185 4.07254
504.257 4.06366
504.329 4.05175
504.401 4.04067
504.473 4.04324
504.545 4.05819
504.617 4.07573
504.689 4.09261
504.761 4.09792
504.833 4.0911
504.905 4.08544
504.977 4.08193
505.049 4.08088
505.121 4.08293
505.193 4.08378
505.265 4.07925
505.337 4.07531
505.409 4.07037
505.481 4.06795
505.553 4.06956
505.625 4.06278
505.697 4.05328
505.769 4.03754
505.841 4.0234
505.913 4.01947
505.985 4.02239
506.057 4.0272
506.129 4.03629
506.201 4.04193
506.273 4.0462
506.345 4.0538
506.417 4.05623
506.489 4.05959
506.561 4.05121
506.633 4.03698
506.705 4.01413
506.777 4.00223
506.849 3.99941
506.921 4.00815
506.993 4.01439
507.065 4.0217
507.137 4.02239
507.209 4.02888
507.281 4.02172
507.353 4.01269
507.425 4.00579
507.497 4.00956
507.569 4.01662
507.641 4.0146
507.713 3.9991
507.785 3.98927
507.857 3.98868
507.929 3.98535
508.001 3.98427
508.073 3.98056
508.145 3.98597
508.217 3.99919
508.289 4.01122
508.361 4.00623
508.433 3.997
508.505 3.99153
508.577 3.98972
508.649 3.9843
508.721 3.98099
508.793 3.97879
508.865 3.98156
508.937 3.98996
509.009 3.99748
509.081 3.99585
509.153 3.99269
509.225 3.984
509.297 3.97697
509.369 3.97043
509.441 3.96657
509.513 3.96723
509.585 3.96868
509.657 3.96783
509.729 3.97027
509.801 3.97299
509.873 3.97353
509.945 3.97551
510.017 3.97378
510.089 3.97108
510.161 3.96714
510.233 3.96141
510.305 3.95723
510.377 3.95602
510.449 3.95759
510.521 3.96038
510.593 3.96253
510.665 3.96147
510.737 3.95972
510.809 3.95747
510.881 3.95564
510.953 3.95406
511.025 3.95192
511.097 3.94731
511.169 3.94274
511.241 3.94056
511.313 3.9416
511.385 3.94367
511.457 3.94441
511.529 3.94272
511.601 3.94071
511.673 3.93816
511.745 3.93618
511.817 3.93496
511.889 3.93364
511.961 3.9325
512.033 3.93056
512.105 3.92805
512.177 3.92624
512.249 3.92438
512.321 3.92261
512.393 3.921
512.465 3.91934
512.537 3.91776
512.609 3.91609
512.681 3.9134
512.753 3.91102
512.825 3.90899
512.897 3.90715
512.969 3.90513
513.041 3.90282
513.113 3.90042
513.185 3.89825
513.257 3.89606
513.329 3.89381
513.401 3.89153
513.473 3.8893
513.545 3.88719
513.617 3.88516
513.689 3.8828
513.761 3.88039
513.833 3.87799
513.905 3.87566
513.977 3.8734
514.049 3.87109
514.121 3.86867
514.193 3.86626
514.265 3.86394
514.337 3.86165
514.409 3.85941
514.481 3.8571
514.553 3.85475
514.625 3.85235
514.697 3.8499
514.769 3.84741
514.841 3.84493
514.913 3.84248
514.985 3.84007
515.057 3.83767
515.129 3.83538
515.201 3.83687
515.273 3.86635
