367.673 4.08571
367.745 4.06407
367.817 4.0711
367.889 4.08219
367.961 4.09195
368.033 4.10063
368.105 4.10872
368.177 4.11676
368.249 4.12475
368.321 4.1327
368.393 4.14056
368.465 4.1484
368.537 4.15629
368.609 4.16419
368.681 4.17201
368.753 4.17969
368.825 4.18731
368.897 4.19502
368.969 4.20283
369.041 4.21066
369.113 4.21846
369.185 4.22628
369.257 4.23421
369.329 4.24219
369.401 4.25012
369.473 4.25798
369.545 4.26586
369.617 4.27366
369.689 4.27972
369.761 4.28236
369.833 4.2837
369.905 4.28518
369.977 4.28688
370.049 4.29003
370.121 4.29577
370.193 4.30437
370.265 4.31403
370.337 4.32293
370.409 4.33133
370.481 4.34078
370.553 4.3494
370.625 4.35655
370.697 4.3648
370.769 4.37391
370.841 4.38145
370.913 4.38781
370.985 4.39423
371.057 4.40083
371.129 4.408
371.201 4.41724
371.273 4.4271
371.345 4.43591
371.417 4.44274
371.489 4.44965
371.561 4.45602
371.633 4.46158
371.705 4.46886
371.777 4.47781
371.849 4.48523
371.921 4.4915
371.993 4.49879
372.065 4.5056
372.137 4.51076
372.209 4.51517
372.281 4.5214
372.353 4.52804
372.425 4.53443
372.497 4.54167
372.569 4.55009
372.641 4.55727
372.713 4.56252
372.785 4.56664
372.857 4.57176
372.929 4.57758
373.001 4.58266
373.073 4.58677
373.145 4.59169
373.217 4.59541
373.289 4.59505
373.361 4.59296
373.433 4.59324
373.505 4.59736
373.577 4.6024
373.649 4.60864
373.721 4.61573
373.793 4.61864
373.865 4.61341
373.937 4.60998
374.009 4.61519
374.081 4.62276
374.153 4.63459
374.225 4.652
374.297 4.66321
374.369 4.66645
374.441 4.67417
374.513 4.68194
374.585 4.68399
374.657 4.68994
374.729 4.70189
374.801 4.71076
374.873 4.7184
374.945 4.72901
375.017 4.73909
375.089 4.7464
375.161 4.75266
375.233 4.75948
375.305 4.76698
375.377 4.77166
375.449 4.77269
375.521 4.77597
375.593 4.78151
375.665 4.78817
375.737 4.7972
375.809 4.80608
375.881 4.80985
375.953 4.8128
376.025 4.81807
376.097 4.82512
376.169 4.83393
376.241 4.84412
376.313 4.85097
376.385 4.85296
376.457 4.85485
376.529 4.8579
376.601 4.86243
376.673 4.86943
376.745 4.87891
376.817 4.8874
376.889 4.89409
376.961 4.89874
377.033 4.90324
377.105 4.90853
377.177 4.91347
377.249 4.91791
377.321 4.92262
377.393 4.92435
377.465 4.9211
377.537 4.92325
377.609 4.93149
377.681 4.93938
377.753 4.94738
377.825 4.96256
377.897 4.97524
377.969 4.98214
378.041 4.98746
378.113 4.99408
378.185 5.00044
378.257 5.00627
378.329 5.01235
378.401 5.01699
378.473 5.01807
378.545 5.02021
378.617 5.02457
378.689 5.03017
378.761 5.03957
378.833 5.05328
378.905 5.06201
378.977 5.06493
379.049 5.06683
379.121 5.06675
379.193 5.0649
379.265 5.06595
379.337 5.06982
379.409 5.07139
379.481 5.0735
379.553 5.0793
379.625 5.08357
379.697 5.0875
379.769 5.09569
379.841 5.10663
379.913 5.11653
379.985 5.12668
380.057 5.13546
380.129 5.14317
380.201 5.15211
380.273 5.16185
380.345 5.17165
380.417 5.18246
380.489 5.19306
380.561 5.20183
380.633 5.20955
380.705 5.21709
380.777 5.22446
380.849 5.23099
380.921 5.23662
380.993 5.24281
381.065 5.24932
381.137 5.25472
381.209 5.25789
381.281 5.25953
381.353 5.25873
381.425 5.25576
381.497 5.25421
381.569 5.25322
381.641 5.25474
381.713 5.2627
381.785 5.27324
381.857 5.2816
381.929 5.29021
382.001 5.29613
382.073 5.29765
382.145 5.29942
382.217 5.30178
382.289 5.30503
382.361 5.31117
382.433 5.31842
382.505 5.32242
382.577 5.32496
382.649 5.32794
382.721 5.32939
382.793 5.32712
382.865 5.32575
382.937 5.32266
383.009 5.31195
383.081 5.29796
383.153 5.28589
383.225 5.27523
383.297 5.2749
383.369 5.28468
383.441 5.296
383.513 5.31412
383.585 5.33729
383.657 5.34953
383.729 5.35081
383.801 5.35912
383.873 5.36982
383.945 5.3814
384.017 5.39903
384.089 5.4218
384.161 5.43892
384.233 5.45328
384.305 5.46626
384.377 5.47837
384.449 5.48785
384.521 5.49189
384.593 5.49736
384.665 5.50265
384.737 5.50676
384.809 5.51917
384.881 5.53979
384.953 5.54996
385.025 5.55446
385.097 5.56595
385.169 5.57935
385.241 5.59193
385.313 5.60713
385.385 5.62207
385.457 5.62863
385.529 5.63153
385.601 5.63692
385.673 5.64434
385.745 5.65384
385.817 5.66576
385.889 5.67711
385.961 5.68513
386.033 5.69141
386.105 5.69725
386.177 5.70274
386.249 5.70787
386.321 5.71144
386.393 5.7128
386.465 5.71492
386.537 5.71852
386.609 5.72251
386.681 5.72772
386.753 5.73449
386.825 5.73987
386.897 5.74328
386.969 5.74568
387.041 5.74741
387.113 5.74891
387.185 5.74996
387.257 5.75032
387.329 5.75042
387.401 5.75035
387.473 5.74879
387.545 5.74537
387.617 5.74264
387.689 5.74005
387.761 5.73688
387.833 5.73458
387.905 5.73286
387.977 5.72861
388.049 5.72266
388.121 5.71554
388.193 5.70629
388.265 5.69581
388.337 5.68628
388.409 5.67732
388.481 5.6692
388.553 5.66258
388.625 5.65756
388.697 5.6521
388.769 5.64264
388.841 5.63051
388.913 5.62826
388.985 5.63487
389.057 5.64766
389.129 5.66893
389.201 5.69801
389.273 5.72321
389.345 5.74449
389.417 5.76371
389.489 5.78186
389.561 5.79979
389.633 5.81766
389.705 5.83579
389.777 5.85383
389.849 5.87113
389.921 5.88775
389.993 5.90376
390.065 5.91857
390.137 5.93248
390.209 5.94585
390.281 5.95773
390.353 5.96354
390.425 5.96113
390.497 5.96041
390.569 5.96043
390.641 5.95516
390.713 5.9524
390.785 5.96148
390.857 5.97096
390.929 5.9785
391.001 5.99188
391.073 6.00828
391.145 6.01972
391.217 6.02888
391.289 6.04009
391.361 6.04729
391.433 6.05427
391.505 6.06532
391.577 6.07453
391.649 6.08263
391.721 6.09529
391.793 6.10462
391.865 6.11098
391.937 6.12024
392.009 6.12709
392.081 6.13301
392.153 6.14251
392.225 6.14897
392.297 6.15266
392.369 6.15819
392.441 6.16368
392.513 6.16579
392.585 6.16973
392.657 6.17563
392.729 6.18024
392.801 6.18342
392.873 6.19
392.945 6.19716
393.017 6.20169
393.089 6.20491
393.161 6.20955
393.233 6.21255
393.305 6.21612
393.377 6.22153
393.449 6.22852
393.521 6.23428
393.593 6.23935
393.665 6.24129
393.737 6.24041
393.809 6.239
393.881 6.23558
393.953 6.22926
394.025 6.22303
394.097 6.21439
394.169 6.19972
394.241 6.18162
394.313 6.17011
394.385 6.16529
394.457 6.16137
394.529 6.16097
394.601 6.1695
394.673 6.17411
394.745 6.16627
394.817 6.15754
394.889 6.15539
394.961 6.151
395.033 6.14001
395.105 6.1251
395.177 6.11554
395.249 6.10703
395.321 6.09549
395.393 6.08759
395.465 6.08771
395.537 6.07955
395.609 6.06319
395.681 6.05023
395.753 6.0411
395.825 6.03286
395.897 6.02605
395.969 6.01447
396.041 5.99516
396.113 5.97399
396.185 5.95526
396.257 5.93858
396.329 5.9241
396.401 5.9113
396.473 5.89763
396.545 5.8823
396.617 5.86707
396.689 5.8529
396.761 5.8389
396.833 5.8267
396.905 5.81827
396.977 5.81625
397.049 5.82147
397.121 5.83215
397.193 5.84682
397.265 5.86227
397.337 5.87643
397.409 5.89373
397.481 5.91548
397.553 5.93877
397.625 5.96319
397.697 5.98514
397.769 6.00362
397.841 6.02542
397.913 6.04683
397.985 6.06566
398.057 6.08767
398.129 6.11328
398.201 6.13569
398.273 6.15524
398.345 6.17359
398.417 6.19283
398.489 6.21414
398.561 6.23418
398.633 6.25338
398.705 6.2729
398.777 6.28855
398.849 6.29778
398.921 6.30822
398.993 6.32203
399.065 6.33878
399.137 6.35849
399.209 6.3775
399.281 6.38795
399.353 6.39385
399.425 6.40237
399.497 6.41359
399.569 6.42565
399.641 6.44089
399.713 6.45735
399.785 6.46825
399.857 6.47188
399.929 6.47372
400.001 6.47966
400.073 6.48759
400.145 6.4972
400.217 6.51118
400.289 6.5269
400.361 6.53802
400.433 6.5459
400.505 6.55292
400.577 6.55863
400.649 6.55933
400.721 6.55332
400.793 6.54782
400.865 6.54068
400.937 6.5289
401.009 6.52433
401.081 6.53126
401.153 6.53948
401.225 6.54943
401.297 6.56415
401.369 6.57265
401.441 6.57955
401.513 6.58595
401.585 6.59137
401.657 6.59685
401.729 6.60553
401.801 6.61216
401.873 6.61626
401.945 6.6201
402.017 6.6242
402.089 6.62777
402.161 6.63136
402.233 6.63736
402.305 6.64269
402.377 6.64706
402.449 6.65195
402.521 6.65603
402.593 6.65785
402.665 6.66119
402.737 6.66557
402.809 6.66766
402.881 6.66845
402.953 6.67127
403.025 6.67531
403.097 6.679
403.169 6.68432
403.241 6.689
403.313 6.69334
403.385 6.69695
403.457 6.70033
403.529 6.7037
403.601 6.70751
403.673 6.71001
403.745 6.71137
403.817 6.71242
403.889 6.71334
403.961 6.71415
404.033 6.71476
404.105 6.71509
404.177 6.71446
404.249 6.71051
404.321 6.7022
404.393 6.69357
404.465 6.68565
404.537 6.68005
404.609 6.6778
404.681 6.67369
404.753 6.66715
404.825 6.66779
404.897 6.67038
404.969 6.66332
405.041 6.64958
405.113 6.64698
405.185 6.64773
405.257 6.64684
405.329 6.65147
405.401 6.66295
405.473 6.66684
405.545 6.66474
405.617 6.66226
405.689 6.66145
405.761 6.66126
405.833 6.65458
405.905 6.64402
405.977 6.63625
406.049 6.62952
406.121 6.62426
406.193 6.62227
406.265 6.61781
406.337 6.60969
406.409 6.6005
406.481 6.58874
406.553 6.57657
406.625 6.57144
406.697 6.56603
406.769 6.55654
406.841 6.55255
406.913 6.55508
406.985 6.55286
407.057 6.5484
407.129 6.54852
407.201 6.54875
407.273 6.54354
407.345 6.53389
407.417 6.52231
407.489 6.50717
407.561 6.48782
407.633 6.47108
407.705 6.45593
407.777 6.43955
407.849 6.42255
407.921 6.40213
407.993 6.37502
408.065 6.34454
408.137 6.31957
408.209 6.30089
408.281 6.28885
408.353 6.28173
408.425 6.27518
408.497 6.26016
408.569 6.23408
408.641 6.20402
408.713 6.17748
408.785 6.15449
408.857 6.13229
408.929 6.11263
409.001 6.09343
409.073 6.06598
409.145 6.03318
409.217 6.0009
409.289 5.96813
409.361 5.93375
409.433 5.90219
409.505 5.87421
409.577 5.84441
409.649 5.81211
409.721 5.78088
409.793 5.75094
409.865 5.71983
409.937 5.69183
410.009 5.67205
410.081 5.66344
410.153 5.66628
410.225 5.68065
410.297 5.70262
410.369 5.72869
410.441 5.75902
410.513 5.79049
410.585 5.81813
410.657 5.84256
410.729 5.87261
410.801 5.90424
410.873 5.93256
410.945 5.96427
411.017 6.00547
411.089 6.04591
411.161 6.0812
411.233 6.11643
411.305 6.14996
411.377 6.1759
411.449 6.19715
411.521 6.221
411.593 6.24713
411.665 6.27434
411.737 6.30407
411.809 6.33452
411.881 6.36029
411.953 6.38001
412.025 6.39498
412.097 6.41097
412.169 6.42656
412.241 6.44155
412.313 6.4612
412.385 6.48491
412.457 6.5042
412.529 6.51951
412.601 6.53498
412.673 6.54687
412.745 6.55515
412.817 6.56919
412.889 6.58876
412.961 6.60499
413.033 6.61807
413.105 6.63516
413.177 6.64947
413.249 6.65959
413.321 6.67094
413.393 6.68343
413.465 6.69353
413.537 6.70126
413.609 6.70624
413.681 6.71215
413.753 6.71937
413.825 6.7237
413.897 6.73209
413.969 6.74632
414.041 6.76043
414.113 6.77422
414.185 6.7902
414.257 6.80248
414.329 6.81184
414.401 6.81918
414.473 6.82268
414.545 6.82269
414.617 6.82573
414.689 6.83119
414.761 6.83708
414.833 6.8457
414.905 6.85754
414.977 6.86604
415.049 6.87154
415.121 6.87649
415.193 6.88129
415.265 6.88597
415.337 6.89016
415.409 6.89185
415.481 6.8877
415.553 6.87829
415.625 6.86913
415.697 6.86444
415.769 6.85906
415.841 6.85825
415.913 6.86927
415.985 6.87966
416.057 6.87878
416.129 6.88292
416.201 6.89433
416.273 6.8949
416.345 6.88355
416.417 6.87724
416.489 6.87425
416.561 6.8689
416.633 6.87021
416.705 6.88366
416.777 6.89206
416.849 6.89233
416.921 6.89336
416.993 6.89756
417.065 6.90377
417.137 6.91328
417.209 6.92085
417.281 6.92451
417.353 6.9282
417.425 6.9289
417.497 6.93181
417.569 6.94367
417.641 6.95474
417.713 6.95338
417.785 6.94859
417.857 6.9513
417.929 6.95625
418.001 6.96287
418.073 6.97544
418.145 6.99008
418.217 6.99567
418.289 6.99531
418.361 6.99276
418.433 6.98883
418.505 6.98332
418.577 6.98002
418.649 6.97836
418.721 6.97977
418.793 6.98309
418.865 6.98867
418.937 6.99218
419.009 6.99663
419.081 7.00112
419.153 7.00563
419.225 7.01181
419.297 7.02009
419.369 7.02157
419.441 7.01652
419.513 7.01423
419.585 7.01463
419.657 7.01579
419.729 7.01973
419.801 7.02689
419.873 7.0307
419.945 7.03111
420.017 7.0276
420.089 7.02
420.161 7.01633
420.233 7.0155
420.305 7.01489
420.377 7.01797
420.449 7.02507
420.521 7.02858
420.593 7.02767
420.665 7.02451
420.737 7.01981
420.809 7.01275
420.881 7.00957
420.953 7.0115
421.025 7.01676
421.097 7.02366
421.169 7.03279
421.241 7.03715
421.313 7.03768
421.385 7.03769
421.457 7.03724
421.529 7.03362
421.601 7.02648
421.673 7.02328
421.745 7.02351
421.817 7.02451
421.889 7.02852
421.961 7.03617
422.033 7.04022
422.105 7.04105
422.177 7.04137
422.249 7.0416
422.321 7.04196
422.393 7.04189
422.465 7.0378
422.537 7.02901
422.609 7.02437
422.681 7.02353
422.753 7.02366
422.825 7.02727
422.897 7.03493
422.969 7.03822
423.041 7.03772
423.113 7.03664
423.185 7.03547
423.257 7.03428
423.329 7.03326
423.401 7.0319
423.473 7.027
423.545 7.01803
423.617 7.01287
423.689 7.01128
423.761 7.01079
423.833 7.01352
423.905 7.01984
423.977 7.02225
424.049 7.02141
424.121 7.02012
424.193 7.01855
424.265 7.01668
424.337 7.01478
424.409 7.01288
424.481 7.01061
424.553 7.00556
424.625 6.99538
424.697 6.98378
424.769 6.97324
424.841 6.96499
424.913 6.96212
424.985 6.96291
425.057 6.96423
425.129 6.96737
425.201 6.96895
425.273 6.9675
425.345 6.96615
425.417 6.96739
425.489 6.96886
425.561 6.97038
425.633 6.97138
425.705 6.97358
425.777 6.97512
425.849 6.9742
425.921 6.9719
425.993 6.96911
426.065 6.96631
426.137 6.96382
426.209 6.9615
426.281 6.9589
426.353 6.95584
426.425 6.95273
426.497 6.94998
426.569 6.94749
426.641 6.94479
426.713 6.94174
426.785 6.93865
426.857 6.93559
426.929 6.93246
427.001 6.92916
427.073 6.92561
427.145 6.921
427.217 6.915
427.289 6.91012
427.361 6.90613
427.433 6.90231
427.505 6.90027
427.577 6.90003
427.649 6.89789
427.721 6.89376
427.793 6.88905
427.865 6.88281
427.937 6.87481
428.009 6.86827
428.081 6.8628
428.153 6.85765
428.225 6.8543
428.297 6.85138
428.369 6.84386
428.441 6.83374
428.513 6.82245
428.585 6.81363
428.657 6.80837
428.729 6.80659
428.801 6.80509
428.873 6.80384
428.945 6.80037
429.017 6.79458
429.089 6.78578
429.161 6.77747
429.233 6.76997
429.305 6.7627
429.377 6.75748
429.449 6.75438
429.521 6.74884
429.593 6.74066
429.665 6.73017
429.737 6.71622
429.809 6.70248
429.881 6.69207
429.953 6.68309
430.025 6.67611
430.097 6.67357
430.169 6.67097
430.241 6.66077
430.313 6.64426
430.385 6.63014
430.457 6.61906
430.529 6.60859
430.601 6.5992
430.673 6.59095
430.745 6.57892
430.817 6.56452
430.889 6.55051
430.961 6.53476
431.033 6.51432
431.105 6.49132
431.177 6.4697
431.249 6.4509
431.321 6.43074
431.393 6.40634
431.465 6.3826
431.537 6.35975
431.609 6.33714
431.681 6.31411
431.753 6.29348
431.825 6.27436
431.897 6.25644
431.969 6.23981
432.041 6.22574
432.113 6.20817
432.185 6.18377
432.257 6.15774
432.329 6.13353
432.401 6.11314
432.473 6.09462
432.545 6.07152
432.617 6.04321
432.689 6.01308
432.761 5.98413
432.833 5.95648
432.905 5.92755
432.977 5.89479
433.049 5.8606
433.121 5.82801
433.193 5.79825
433.265 5.76796
433.337 5.7337
433.409 5.69657
433.481 5.65908
433.553 5.62382
433.625 5.59026
433.697 5.55555
433.769 5.51923
433.841 5.48332
433.913 5.45237
433.985 5.43238
434.057 5.42796
434.129 5.44394
434.201 5.47369
434.273 5.50689
434.345 5.54161
434.417 5.5803
434.489 5.61816
434.561 5.65469
434.633 5.69042
434.705 5.72354
434.777 5.75307
434.849 5.78206
434.921 5.81347
434.993 5.84634
435.065 5.87865
435.137 5.90842
435.209 5.93613
435.281 5.96419
435.353 5.99326
435.425 6.02155
435.497 6.04736
435.569 6.06995
435.641 6.09167
435.713 6.11488
435.785 6.1389
435.857 6.16231
435.929 6.18368
436.001 6.2033
436.073 6.22288
436.145 6.24298
436.217 6.26241
436.289 6.28004
436.361 6.29542
436.433 6.31017
436.505 6.32591
436.577 6.34222
436.649 6.35769
436.721 6.36819
436.793 6.37287
436.865 6.38156
436.937 6.39488
437.009 6.40967
437.081 6.42785
437.153 6.44919
437.225 6.46476
437.297 6.4761
437.369 6.4875
437.441 6.49917
437.513 6.51055
437.585 6.52101
437.657 6.53074
437.729 6.54053
437.801 6.55063
437.873 6.56049
437.945 6.56954
438.017 6.57748
438.089 6.58504
438.161 6.59272
438.233 6.59896
438.305 6.60302
438.377 6.60737
438.449 6.61142
438.521 6.61676
438.593 6.62487
438.665 6.63501
438.737 6.64385
438.809 6.65152
438.881 6.657
438.953 6.66101
439.025 6.66399
439.097 6.66583
439.169 6.66866
439.241 6.67221
439.313 6.67565
439.385 6.68014
439.457 6.68609
439.529 6.69107
439.601 6.69498
439.673 6.69849
439.745 6.70165
439.817 6.7048
439.889 6.7081
439.961 6.7105
440.033 6.71116
440.105 6.70983
440.177 6.70407
440.249 6.69913
440.321 6.69973
440.393 6.70211
440.465 6.7033
440.537 6.70196
440.609 6.6969
440.681 6.6901
440.753 6.68607
440.825 6.68245
440.897 6.6855
440.969 6.69827
441.041 6.70784
441.113 6.70608
441.185 6.70621
441.257 6.71004
441.329 6.71325
441.401 6.72018
441.473 6.73099
441.545 6.73463
441.617 6.73305
441.689 6.73341
441.761 6.73525
441.833 6.74236
441.905 6.75647
441.977 6.76761
442.049 6.76607
442.121 6.76332
442.193 6.7618
442.265 6.75961
442.337 6.76384
442.409 6.77327
442.481 6.77465
442.553 6.76516
442.625 6.75593
442.697 6.75183
442.769 6.75418
442.841 6.76332
442.913 6.77403
442.985 6.77874
443.057 6.78017
443.129 6.78419
443.201 6.78956
443.273 6.79289
443.345 6.79558
443.417 6.79656
443.489 6.79588
443.561 6.79437
443.633 6.79636
443.705 6.79846
443.777 6.79962
443.849 6.80272
443.921 6.80648
443.993 6.80918
444.065 6.81036
444.137 6.81131
444.209 6.80895
444.281 6.80649
444.353 6.80421
444.425 6.80405
444.497 6.80337
444.569 6.80053
444.641 6.79526
444.713 6.78934
444.785 6.78599
444.857 6.78791
444.929 6.79489
445.001 6.80555
445.073 6.81397
445.145 6.81776
445.217 6.81649
445.289 6.81626
445.361 6.81524
445.433 6.81638
445.505 6.81576
445.577 6.81567
445.649 6.81424
445.721 6.81115
445.793 6.8048
445.865 6.80229
445.937 6.80447
446.009 6.80951
446.081 6.81652
446.153 6.8202
446.225 6.8164
446.297 6.81149
446.369 6.80713
446.441 6.80528
446.513 6.80862
446.585 6.81672
446.657 6.82059
446.729 6.81814
446.801 6.81511
446.873 6.81355
446.945 6.8124
447.017 6.81228
447.089 6.81475
447.161 6.81578
447.233 6.81654
447.305 6.81689
447.377 6.81493
447.449 6.80911
447.521 6.80639
447.593 6.80587
447.665 6.80532
447.737 6.80732
447.809 6.81222
447.881 6.81485
447.953 6.816
448.025 6.81707
448.097 6.81703
448.169 6.81656
448.241 6.81588
448.313 6.81465
448.385 6.81145
448.457 6.80649
448.529 6.80392
448.601 6.80338
448.673 6.80322
448.745 6.80428
448.817 6.80671
448.889 6.8073
448.961 6.80661
449.033 6.80594
449.105 6.8051
449.177 6.80364
449.249 6.80196
449.321 6.80022
449.393 6.79889
449.465 6.79798
449.537 6.79727
449.609 6.79609
449.681 6.79455
449.753 6.7928
449.825 6.79107
449.897 6.78947
449.969 6.78806
450.041 6.78672
450.113 6.78535
450.185 6.78382
450.257 6.78204
450.329 6.78008
450.401 6.77814
450.473 6.77642
450.545 6.77503
450.617 6.77362
450.689 6.77047
450.761 6.7652
450.833 6.76162
450.905 6.7597
450.977 6.75839
451.049 6.75901
451.121 6.76168
451.193 6.76237
451.265 6.76115
451.337 6.75953
451.409 6.7579
451.481 6.75648
451.553 6.75542
451.625 6.7546
451.697 6.75371
451.769 6.75259
451.841 6.75129
451.913 6.75
451.985 6.74896
452.057 6.74826
452.129 6.74778
452.201 6.74734
452.273 6.74677
452.345 6.74595
452.417 6.74493
452.489 6.74388
452.561 6.74291
452.633 6.74199
452.705 6.74087
452.777 6.7388
452.849 6.73565
452.921 6.73292
452.993 6.72845
453.065 6.72126
453.137 6.71783
453.209 6.71791
453.281 6.71798
453.353 6.71965
453.425 6.72236
453.497 6.71841
453.569 6.71014
453.641 6.70218
453.713 6.69582
453.785 6.693
453.857 6.69179
453.929 6.69036
454.001 6.69076
454.073 6.69043
454.145 6.68618
454.217 6.68562
454.289 6.68731
454.361 6.68619
454.433 6.68534
454.505 6.68885
454.577 6.69166
454.649 6.69413
454.721 6.69707
454.793 6.69955
454.865 6.69989
454.937 6.69892
455.009 6.69762
455.081 6.69602
455.153 6.69362
455.225 6.6865
455.297 6.672
455.369 6.65968
455.441 6.65482
455.513 6.65374
455.585 6.65751
455.657 6.66858
455.729 6.67771
455.801 6.67957
455.873 6.67834
455.945 6.67679
456.017 6.67504
456.089 6.67291
456.161 6.67034
456.233 6.66731
456.305 6.66388
456.377 6.65911
456.449 6.65304
456.521 6.64881
456.593 6.64609
456.665 6.64354
456.737 6.64078
456.809 6.63773
456.881 6.6345
456.953 6.63133
457.025 6.62859
457.097 6.62746
457.169 6.62798
457.241 6.62696
457.313 6.62441
457.385 6.62137
457.457 6.61813
457.529 6.6147
457.601 6.60975
457.673 6.60314
457.745 6.59877
457.817 6.59608
457.889 6.5923
457.961 6.58689
458.033 6.58211
458.105 6.57706
458.177 6.57003
458.249 6.55963
458.321 6.55327
458.393 6.55392
458.465 6.55378
458.537 6.55056
458.609 6.55081
458.681 6.55187
458.753 6.55065
458.825 6.55013
458.897 6.55124
458.969 6.55089
459.041 6.55141
459.113 6.55054
459.185 6.54825
459.257 6.54792
459.329 6.55028
459.401 6.55015
459.473 6.54782
459.545 6.54531
459.617 6.54284
459.689 6.54049
459.761 6.53807
459.833 6.53536
459.905 6.53235
459.977 6.52936
460.049 6.52665
460.121 6.52436
460.193 6.52233
460.265 6.52035
460.337 6.51819
460.409 6.51569
460.481 6.51297
460.553 6.51021
460.625 6.50768
460.697 6.50546
460.769 6.50346
460.841 6.50147
460.913 6.4995
460.985 6.49736
461.057 6.49491
461.129 6.49226
461.201 6.48961
461.273 6.48713
461.345 6.48489
461.417 6.4828
461.489 6.4807
461.561 6.47863
461.633 6.47643
461.705 6.47394
461.777 6.47121
461.849 6.46847
461.921 6.46592
461.993 6.46365
462.065 6.46152
462.137 6.45937
462.209 6.45719
462.281 6.45484
462.353 6.45219
462.425 6.44935
462.497 6.44655
462.569 6.44401
462.641 6.44183
462.713 6.43987
462.785 6.43797
462.857 6.4361
462.929 6.4341
463.001 6.4318
463.073 6.4293
463.145 6.42679
463.217 6.42448
463.289 6.42245
463.361 6.42057
463.433 6.41869
463.505 6.41682
463.577 6.41502
463.649 6.41309
463.721 6.41087
463.793 6.4084
463.865 6.40586
463.937 6.40354
464.009 6.40165
464.081 6.40009
464.153 6.39867
464.225 6.39731
464.297 6.39578
464.369 6.3939
464.441 6.39179
464.513 6.38963
464.585 6.38763
464.657 6.38592
464.729 6.38436
464.801 6.38275
464.873 6.38108
464.945 6.37934
465.017 6.37737
465.089 6.37507
465.161 6.37252
465.233 6.36994
465.305 6.36758
465.377 6.36554
465.449 6.3637
465.521 6.36194
465.593 6.36023
465.665 6.35844
465.737 6.35642
465.809 6.35398
465.881 6.34946
465.953 6.34258
466.025 6.33688
466.097 6.33039
466.169 6.32304
466.241 6.31929
466.313 6.32125
466.385 6.3235
466.457 6.32654
466.529 6.3305
466.601 6.3327
466.673 6.32999
466.745 6.32354
466.817 6.31783
466.889 6.31127
466.961 6.30442
467.033 6.30192
467.105 6.29991
467.177 6.29204
467.249 6.28713
467.321 6.28664
467.393 6.28152
467.465 6.27242
467.537 6.26814
467.609 6.2686
467.681 6.26836
467.753 6.27032
467.825 6.27806
467.897 6.28656
467.969 6.28631
468.041 6.27636
468.113 6.26225
468.185 6.25497
468.257 6.25204
468.329 6.25089
468.401 6.2555
468.473 6.26385
468.545 6.26516
468.617 6.26102
468.689 6.25646
468.761 6.25237
468.833 6.24931
468.905 6.24701
468.977 6.24454
469.049 6.24104
469.121 6.23777
469.193 6.23449
469.265 6.23096
469.337 6.22785
469.409 6.22489
469.481 6.22011
469.553 6.21396
469.625 6.20709
469.697 6.20119
469.769 6.19844
469.841 6.19826
469.913 6.19808
469.985 6.19544
470.057 6.19163
470.129 6.18823
470.201 6.1858
470.273 6.18399
470.345 6.18211
470.417 6.1789
470.489 6.17574
470.561 6.17263
470.633 6.16915
470.705 6.16562
470.777 6.1625
470.849 6.15876
470.921 6.15465
470.993 6.14866
471.065 6.14032
471.137 6.13338
471.209 6.12832
471.281 6.12456
471.353 6.12332
471.425 6.12488
471.497 6.12397
471.569 6.12041
471.641 6.11636
471.713 6.11281
471.785 6.10921
471.857 6.10409
471.929 6.09691
472.001 6.09039
472.073 6.08594
472.145 6.08206
472.217 6.08074
472.289 6.08198
472.361 6.08208
472.433 6.08009
472.505 6.0779
472.577 6.07484
472.649 6.07171
472.721 6.06724
472.793 6.06251
472.865 6.05833
472.937 6.05484
473.009 6.05231
473.081 6.05064
473.153 6.04846
473.225 6.04536
473.297 6.04219
473.369 6.03878
473.441 6.03603
473.513 6.0336
473.585 6.03051
473.657 6.02653
473.729 6.0226
473.801 6.01907
473.873 6.01579
473.945 6.01267
474.017 6.00907
474.089 6.00575
474.161 6.00267
474.233 5.99949
474.305 5.99568
474.377 5.99154
474.449 5.98685
474.521 5.98228
474.593 5.9782
474.665 5.97476
474.737 5.97142
474.809 5.96833
474.881 5.96521
474.953 5.9619
475.025 5.95849
475.097 5.9551
475.169 5.95154
475.241 5.94774
475.313 5.94326
475.385 5.93849
475.457 5.93379
475.529 5.92955
475.601 5.92585
475.673 5.92238
475.745 5.91866
475.817 5.91487
475.889 5.91102
475.961 5.90709
476.033 5.90306
476.105 5.89886
476.177 5.89432
476.249 5.88934
476.321 5.88415
476.393 5.87905
476.465 5.87426
476.537 5.8698
476.609 5.8655
476.681 5.86112
476.753 5.85668
476.825 5.85219
476.897 5.84762
476.969 5.84302
477.041 5.8384
477.113 5.83347
477.185 5.82804
477.257 5.8223
477.329 5.8166
477.401 5.81129
477.473 5.80651
477.545 5.80204
477.617 5.79764
477.689 5.7933
477.761 5.78904
477.833 5.78482
477.905 5.78059
477.977 5.77636
478.049 5.77184
478.121 5.76678
478.193 5.76134
478.265 5.75588
478.337 5.75076
478.409 5.74615
478.481 5.74173
478.553 5.73714
478.625 5.73241
478.697 5.72758
478.769 5.72269
478.841 5.71777
478.913 5.7128
478.985 5.70778
479.057 5.70237
479.129 5.69625
479.201 5.68964
479.273 5.68295
479.345 5.67664
479.417 5.67087
479.489 5.66534
479.561 5.65974
479.633 5.65413
479.705 5.64858
479.777 5.64308
479.849 5.63761
479.921 5.63198
479.993 5.62607
480.065 5.61939
480.137 5.61164
480.209 5.60315
480.281 5.59455
480.353 5.58637
480.425 5.57885
480.497 5.57162
480.569 5.5642
480.641 5.55659
480.713 5.5488
480.785 5.5409
480.857 5.53292
480.929 5.52488
481.001 5.51666
481.073 5.50747
481.145 5.49541
481.217 5.48128
481.289 5.46875
481.361 5.45773
481.433 5.44818
481.505 5.44168
481.577 5.43662
481.649 5.42908
481.721 5.41961
481.793 5.40818
481.865 5.39476
481.937 5.38277
482.009 5.3695
482.081 5.35087
482.153 5.33309
482.225 5.32244
482.297 5.31153
482.369 5.29788
482.441 5.28705
482.513 5.27952
482.585 5.26909
482.657 5.25743
482.729 5.24634
482.801 5.23178
482.873 5.21351
482.945 5.19753
483.017 5.1839
483.089 5.17266
483.161 5.1657
483.233 5.1589
483.305 5.14716
483.377 5.1325
483.449 5.11624
483.521 5.09779
483.593 5.07764
483.665 5.05711
483.737 5.03742
483.809 5.0191
483.881 5.00121
483.953 4.98304
484.025 4.96476
484.097 4.94607
484.169 4.92402
484.241 4.89839
484.313 4.87555
484.385 4.85521
484.457 4.83535
484.529 4.81815
484.601 4.80174
484.673 4.77778
484.745 4.74597
484.817 4.71287
484.889 4.68363
484.961 4.65855
485.033 4.636
485.105 4.61657
485.177 4.59689
485.249 4.57415
485.321 4.54956
485.393 4.52505
485.465 4.50043
485.537 4.47507
485.609 4.44875
485.681 4.42127
485.753 4.39384
485.825 4.36603
485.897 4.33566
485.969 4.30335
486.041 4.27672
486.113 4.26264
486.185 4.27086
486.257 4.29551
486.329 4.32468
486.401 4.35419
486.473 4.38523
486.545 4.41189
486.617 4.4351
486.689 4.45782
486.761 4.48034
486.833 4.50225
486.905 4.5229
486.977 4.54311
487.049 4.56237
487.121 4.58196
487.193 4.60282
487.265 4.62614
487.337 4.65015
487.409 4.67384
487.481 4.69471
487.553 4.71352
487.625 4.73081
487.697 4.74812
487.769 4.76349
487.841 4.77832
487.913 4.79308
487.985 4.80864
488.057 4.82393
488.129 4.83876
488.201 4.84956
488.273 4.85735
488.345 4.86694
488.417 4.87863
488.489 4.89041
488.561 4.90593
488.633 4.92573
488.705 4.9428
488.777 4.95613
488.849 4.9677
488.921 4.9779
488.993 4.98656
489.065 4.99488
489.137 5.00247
489.209 5.01079
489.281 5.01905
489.353 5.02784
489.425 5.03562
489.497 5.04321
489.569 5.05034
489.641 5.05699
489.713 5.06326
489.785 5.06979
489.857 5.07613
489.929 5.08248
490.001 5.0886
490.073 5.09426
490.145 5.10033
490.217 5.10638
490.289 5.11191
490.361 5.11675
490.433 5.11795
490.505 5.11497
490.577 5.11573
490.649 5.11945
490.721 5.1236
490.793 5.13121
490.865 5.14253
490.937 5.14881
491.009 5.15056
491.081 5.15287
491.153 5.1562
491.225 5.15983
491.297 5.16434
491.369 5.16945
491.441 5.17347
491.513 5.17657
491.585 5.17963
491.657 5.18228
491.729 5.1834
491.801 5.18232
491.873 5.18298
491.945 5.18494
492.017 5.18714
492.089 5.19087
492.161 5.19657
492.233 5.2001
492.305 5.20185
492.377 5.20328
492.449 5.20484
492.521 5.20644
492.593 5.20786
492.665 5.20908
492.737 5.21027
492.809 5.21142
492.881 5.2126
492.953 5.21378
493.025 5.21448
493.097 5.21249
493.169 5.20746
493.241 5.20524
493.313 5.20554
493.385 5.20663
493.457 5.2103
493.529 5.21613
493.601 5.21718
493.673 5.21106
493.745 5.19913
493.817 5.1933
493.889 5.19344
493.961 5.19588
494.033 5.20259
494.105 5.21451
494.177 5.22034
494.249 5.22087
494.321 5.22066
494.393 5.2204
494.465 5.22012
494.537 5.21988
494.609 5.21958
494.681 5.21819
494.753 5.21553
494.825 5.21426
494.897 5.21422
494.969 5.21454
495.041 5.21607
495.113 5.21892
495.185 5.21978
495.257 5.21503
495.329 5.20514
495.401 5.20016
495.473 5.19945
495.545 5.19984
495.617 5.2044
495.689 5.21376
495.761 5.21811
495.833 5.21806
495.905 5.21732
495.977 5.21636
496.049 5.21511
496.121 5.21357
496.193 5.21171
496.265 5.20896
496.337 5.20528
496.409 5.20257
496.481 5.20049
496.553 5.19701
496.625 5.19242
496.697 5.19064
496.769 5.18965
496.841 5.18838
496.913 5.18864
496.985 5.19072
497.057 5.19088
497.129 5.18941
497.201 5.18772
497.273 5.18595
497.345 5.1841
497.417 5.18205
497.489 5.17909
497.561 5.17518
497.633 5.17216
497.705 5.16919
497.777 5.16559
497.849 5.16395
497.921 5.16415
497.993 5.16363
498.065 5.16319
498.137 5.16356
498.209 5.16285
498.281 5.16121
498.353 5.15956
498.425 5.15785
498.497 5.15619
498.569 5.15421
498.641 5.15221
498.713 5.14999
498.785 5.14777
498.857 5.1454
498.929 5.14309
499.001 5.14069
499.073 5.138
499.145 5.13427
499.217 5.12981
499.289 5.12633
499.361 5.12392
499.433 5.1217
499.505 5.11923
499.577 5.11654
499.649 5.1141
499.721 5.11184
499.793 5.10966
499.865 5.10862
499.937 5.10863
500.009 5.10759
500.081 5.10575
500.153 5.10382
500.225 5.10154
500.297 5.09952
500.369 5.09716
500.441 5.09402
500.513 5.09221
500.585 5.09092
500.657 5.08964
500.729 5.08867
500.801 5.08854
500.873 5.08645
500.945 5.08387
501.017 5.08184
501.089 5.08104
501.161 5.08051
501.233 5.07955
501.305 5.07658
501.377 5.07297
501.449 5.06984
501.521 5.06769
501.593 5.06574
501.665 5.06314
501.737 5.05964
501.809 5.05668
501.881 5.05319
501.953 5.04817
502.025 5.04327
502.097 5.04075
502.169 5.04133
502.241 5.04472
502.313 5.04748
502.385 5.04706
502.457 5.04113
502.529 5.03577
502.601 5.02725
502.673 5.02315
502.745 5.02296
502.817 5.02254
502.889 5.01275
502.961 5.00114
503.033 4.9925
503.105 4.99147
503.177 4.99992
503.249 5.00652
503.321 5.00635
503.393 4.99739
503.465 4.97576
503.537 4.94257
503.609 4.9187
503.681 4.9175
503.753 4.91343
503.825 4.91617
503.897 4.91508
503.969 4.91738
504.041 4.92843
504.113 4.94758
504.185 4.93925
504.257 4.9289
504.329 4.91501
504.401 4.90208
504.473 4.90508
504.545 4.92254
504.617 4.94301
504.689 4.9627
504.761 4.96884
504.833 4.9608
504.905 4.95413
504.977 4.94999
505.049 4.94872
505.121 4.95107
505.193 4.95201
505.265 4.94668
505.337 4.94202
505.409 4.93619
505.481 4.93332
505.553 4.93521
505.625 4.92729
505.697 4.91619
505.769 4.8978
505.841 4.8813
505.913 4.87673
505.985 4.88016
506.057 4.88579
506.129 4.8964
506.201 4.90297
506.273 4.90794
506.345 4.91681
506.417 4.91964
506.489 4.92361
506.561 4.91386
506.633 4.89727
506.705 4.87058
506.777 4.85669
506.849 4.85344
506.921 4.86371
506.993 4.871
507.065 4.87953
507.137 4.88032
507.209 4.88797
507.281 4.87962
507.353 4.86906
507.425 4.86097
507.497 4.86543
507.569 4.87376
507.641 4.87142
507.713 4.85323
507.785 4.84161
507.857 4.84074
507.929 4.83676
508.001 4.83544
508.073 4.83104
508.145 4.83748
508.217 4.85319
508.289 4.86735
508.361 4.8615
508.433 4.85068
508.505 4.84428
508.577 4.8422
508.649 4.83588
508.721 4.83199
508.793 4.82938
508.865 4.83261
508.937 4.84243
509.009 4.8511
509.081 4.84894
509.153 4.84513
509.225 4.83498
509.297 4.82677
509.369 4.81925
509.441 4.81496
509.513 4.81585
509.585 4.81756
509.657 4.81656
509.729 4.81939
509.801 4.82254
509.873 4.82316
509.945 4.82545
510.017 4.8234
510.089 4.82023
510.161 4.81562
510.233 4.80889
510.305 4.80396
510.377 4.80252
510.449 4.80435
510.521 4.80758
510.593 4.81006
510.665 4.80878
510.737 4.8067
510.809 4.80404
510.881 4.80186
510.953 4.8
511.025 4.79746
511.097 4.79205
511.169 4.78666
511.241 4.78407
511.313 4.78526
511.385 4.78765
511.457 4.78848
511.529 4.78648
511.601 4.78412
511.673 4.78114
511.745 4.77884
511.817 4.77743
511.889 4.77593
511.961 4.77464
512.033 4.7724
512.105 4.7695
512.177 4.76742
512.249 4.76529
512.321 4.76326
512.393 4.76141
512.465 4.7595
512.537 4.75769
512.609 4.75576
512.681 4.75263
512.753 4.74985
512.825 4.74747
512.897 4.74531
512.969 4.74294
513.041 4.74022
513.113 4.73741
513.185 4.73486
513.257 4.73229
513.329 4.72965
513.401 4.72697
513.473 4.72435
513.545 4.72187
513.617 4.71949
513.689 4.71671
513.761 4.71388
513.833 4.71105
513.905 4.70831
513.977 4.70565
514.049 4.70294
514.121 4.70008
514.193 4.69725
514.265 4.69452
514.337 4.69182
514.409 4.68918
514.481 4.68646
514.553 4.6837
514.625 4.68087
514.697 4.67798
514.769 4.67505
514.841 4.67212
514.913 4.66924
514.985 4.66639
515.057 4.66357
515.129 4.66089
515.201 4.6635
515.273 4.70531
