367.673 2.06771
367.745 2.06336
367.817 2.06741
367.889 2.07268
367.961 2.07761
368.033 2.08226
368.105 2.08678
368.177 2.0913
368.249 2.0958
368.321 2.10028
368.393 2.10471
368.465 2.10913
368.537 2.11359
368.609 2.11807
368.681 2.12251
368.753 2.12689
368.825 2.13125
368.897 2.13565
368.969 2.14011
369.041 2.14458
369.113 2.14903
369.185 2.15348
369.257 2.158
369.329 2.16255
369.401 2.16707
369.473 2.17155
369.545 2.17603
369.617 2.18052
369.689 2.1845
369.761 2.18748
369.833 2.19007
369.905 2.19264
369.977 2.19516
370.049 2.19798
370.121 2.20149
370.193 2.20584
370.265 2.21051
370.337 2.21496
370.409 2.21924
370.481 2.22384
370.553 2.22821
370.625 2.23216
370.697 2.23645
370.769 2.241
370.841 2.24506
370.913 2.24873
370.985 2.25239
371.057 2.2561
371.129 2.26003
371.201 2.26461
371.273 2.26938
371.345 2.27382
371.417 2.27766
371.489 2.28154
371.561 2.28527
371.633 2.28877
371.705 2.29279
371.777 2.29729
371.849 2.3013
371.921 2.30491
371.993 2.30879
372.065 2.31249
372.137 2.31566
372.209 2.31861
372.281 2.32212
372.353 2.32575
372.425 2.32929
372.497 2.33307
372.569 2.3372
372.641 2.34097
372.713 2.34416
372.785 2.34701
372.857 2.35017
372.929 2.35351
373.001 2.35662
373.073 2.35942
373.145 2.36246
373.217 2.36516
373.289 2.36661
373.361 2.36754
373.433 2.36922
373.505 2.37209
373.577 2.37525
373.649 2.37875
373.721 2.38252
373.793 2.38502
373.865 2.385
373.937 2.38553
374.009 2.38872
374.081 2.3926
374.153 2.39776
374.225 2.40461
374.297 2.40952
374.369 2.41197
374.441 2.41581
374.513 2.41967
374.585 2.42174
374.657 2.42499
374.729 2.43009
374.801 2.4342
374.873 2.43793
374.945 2.44263
375.017 2.44725
375.089 2.4511
375.161 2.45468
375.233 2.45845
375.305 2.46244
375.377 2.46554
375.449 2.46748
375.521 2.47009
375.593 2.47338
375.665 2.47701
375.737 2.48138
375.809 2.48569
375.881 2.48841
375.953 2.49086
376.025 2.49402
376.097 2.49773
376.169 2.50198
376.241 2.50665
376.313 2.51029
376.385 2.5124
376.457 2.51445
376.529 2.51683
376.601 2.51964
376.673 2.52324
376.745 2.5276
376.817 2.53162
376.889 2.53512
376.961 2.53805
377.033 2.54103
377.105 2.54439
377.177 2.54774
377.249 2.551
377.321 2.55439
377.393 2.55686
377.465 2.55775
377.537 2.56032
377.609 2.5648
377.681 2.56916
377.753 2.57353
377.825 2.58012
377.897 2.58587
377.969 2.58972
378.041 2.59301
378.113 2.59666
378.185 2.60019
378.257 2.60354
378.329 2.60694
378.401 2.60986
378.473 2.61162
378.545 2.61368
378.617 2.61636
378.689 2.61944
378.761 2.62369
378.833 2.62924
378.905 2.63318
378.977 2.63521
379.049 2.63685
379.121 2.63778
379.193 2.63806
379.265 2.63922
379.337 2.6413
379.409 2.64267
379.481 2.64427
379.553 2.64707
379.625 2.64945
379.697 2.65191
379.769 2.65602
379.841 2.6613
379.913 2.66654
379.985 2.67199
380.057 2.67703
380.129 2.68173
380.201 2.6868
380.273 2.69213
380.345 2.69746
380.417 2.70309
380.489 2.70861
380.561 2.71347
380.633 2.71793
380.705 2.7223
380.777 2.72657
380.849 2.73052
380.921 2.73414
380.993 2.7379
381.065 2.74169
381.137 2.7451
381.209 2.74775
381.281 2.74987
381.353 2.75118
381.425 2.75175
381.497 2.75272
381.569 2.75382
381.641 2.75567
381.713 2.75954
381.785 2.76422
381.857 2.76816
381.929 2.77211
382.001 2.77516
382.073 2.7767
382.145 2.77822
382.217 2.77981
382.289 2.78156
382.361 2.78419
382.433 2.78715
382.505 2.78897
382.577 2.79027
382.649 2.79161
382.721 2.79231
382.793 2.79176
382.865 2.79141
382.937 2.79036
383.009 2.78684
383.081 2.78221
383.153 2.77815
383.225 2.77464
383.297 2.77462
383.369 2.77808
383.441 2.78245
383.513 2.78957
383.585 2.79894
383.657 2.80531
383.729 2.8085
383.801 2.81417
383.873 2.82073
383.945 2.82767
384.017 2.83669
384.089 2.84741
384.161 2.85628
384.233 2.86422
384.305 2.8716
384.377 2.8786
384.449 2.88467
384.521 2.88885
384.593 2.89341
384.665 2.89786
384.737 2.90183
384.809 2.90846
384.881 2.9177
384.953 2.92343
385.025 2.92721
385.097 2.93324
385.169 2.93985
385.241 2.94613
385.313 2.95321
385.385 2.96016
385.457 2.96429
385.529 2.96715
385.601 2.97079
385.673 2.97505
385.745 2.97993
385.817 2.98556
385.889 2.99097
385.961 2.99522
386.033 2.99887
386.105 3.00232
386.177 3.00556
386.249 3.00864
386.321 3.01113
386.393 3.01281
386.465 3.0147
386.537 3.017
386.609 3.01934
386.681 3.02204
386.753 3.02517
386.825 3.02772
386.897 3.02958
386.969 3.031
387.041 3.03206
387.113 3.03299
387.185 3.03366
387.257 3.03393
387.329 3.03405
387.401 3.03411
387.473 3.0336
387.545 3.03232
387.617 3.03111
387.689 3.02969
387.761 3.02783
387.833 3.0262
387.905 3.02456
387.977 3.02178
388.049 3.01828
388.121 3.01418
388.193 3.0091
388.265 3.0036
388.337 2.99834
388.409 2.99316
388.481 2.98841
388.553 2.98429
388.625 2.98082
388.697 2.97762
388.769 2.97373
388.841 2.9699
388.913 2.97054
388.985 2.97529
389.057 2.98303
389.129 2.99417
389.201 3.00828
389.273 3.02141
389.345 3.03333
389.417 3.04452
389.489 3.05533
389.561 3.06603
389.633 3.0767
389.705 3.08751
389.777 3.09827
389.849 3.10858
389.921 3.11849
389.993 3.12804
390.065 3.13688
390.137 3.14519
390.209 3.15319
390.281 3.1605
390.353 3.16563
390.425 3.16792
390.497 3.17059
390.569 3.1734
390.641 3.17432
390.713 3.17595
390.785 3.18148
390.857 3.18705
390.929 3.19187
391.001 3.19861
391.073 3.20635
391.145 3.21234
391.217 3.21746
391.289 3.22323
391.361 3.22756
391.433 3.23175
391.505 3.23725
391.577 3.24206
391.649 3.24643
391.721 3.2523
391.793 3.25699
391.865 3.2606
391.937 3.26516
392.009 3.26885
392.081 3.27218
392.153 3.27669
392.225 3.28013
392.297 3.28256
392.369 3.28558
392.441 3.28854
392.513 3.29029
392.585 3.29263
392.657 3.29563
392.729 3.29817
392.801 3.30016
392.873 3.30326
392.945 3.30647
393.017 3.30871
393.089 3.31047
393.161 3.31266
393.233 3.3142
393.305 3.31591
393.377 3.31819
393.449 3.3209
393.521 3.32317
393.593 3.3252
393.665 3.32612
393.737 3.326
393.809 3.32562
393.881 3.32441
393.953 3.3221
394.025 3.31979
394.097 3.31659
394.169 3.31118
394.241 3.30454
394.313 3.30018
394.385 3.29805
394.457 3.29612
394.529 3.29528
394.601 3.2973
394.673 3.29776
394.745 3.2939
394.817 3.2896
394.889 3.28732
394.961 3.28421
395.033 3.27886
395.105 3.27207
395.177 3.26695
395.249 3.262
395.321 3.25567
395.393 3.2503
395.465 3.24759
395.537 3.24185
395.609 3.233
395.681 3.22523
395.753 3.21883
395.825 3.21261
395.897 3.20667
395.969 3.19885
396.041 3.18796
396.113 3.1761
396.185 3.16506
396.257 3.15461
396.329 3.14472
396.401 3.13551
396.473 3.12625
396.545 3.11673
396.617 3.10761
396.689 3.09922
396.761 3.091
396.833 3.08388
396.905 3.07901
396.977 3.07792
397.049 3.08108
397.121 3.08748
397.193 3.09632
397.265 3.10625
397.337 3.11642
397.409 3.12826
397.481 3.14199
397.553 3.15616
397.625 3.17093
397.697 3.18491
397.769 3.19761
397.841 3.21147
397.913 3.22494
397.985 3.23738
398.057 3.25092
398.129 3.26539
398.201 3.27845
398.273 3.29033
398.345 3.30144
398.417 3.31276
398.489 3.32499
398.561 3.33684
398.633 3.34822
398.705 3.35934
398.777 3.36876
398.849 3.37566
398.921 3.383
398.993 3.39159
399.065 3.40121
399.137 3.41151
399.209 3.42147
399.281 3.42825
399.353 3.43351
399.425 3.43951
399.497 3.44643
399.569 3.45336
399.641 3.4612
399.713 3.46942
399.785 3.47581
399.857 3.47965
399.929 3.48288
400.001 3.48738
400.073 3.49225
400.145 3.49756
400.217 3.50435
400.289 3.51179
400.361 3.51766
400.433 3.52235
400.505 3.52663
400.577 3.53027
400.649 3.532
400.721 3.53136
400.793 3.53095
400.865 3.53
400.937 3.52738
401.009 3.52719
401.081 3.53099
401.153 3.53521
401.225 3.53999
401.297 3.54643
401.369 3.55064
401.441 3.55427
401.513 3.55769
401.585 3.56072
401.657 3.56371
401.729 3.56781
401.801 3.57116
401.873 3.57358
401.945 3.5759
402.017 3.57829
402.089 3.58048
402.161 3.58264
402.233 3.58563
402.305 3.58836
402.377 3.59073
402.449 3.59325
402.521 3.59546
402.593 3.59681
402.665 3.59867
402.737 3.60088
402.809 3.60228
402.881 3.60319
402.953 3.6048
403.025 3.60681
403.097 3.60867
403.169 3.6111
403.241 3.61327
403.313 3.61528
403.385 3.61698
403.457 3.61854
403.529 3.62009
403.601 3.62182
403.673 3.62306
403.745 3.62386
403.817 3.62452
403.889 3.62511
403.961 3.62562
404.033 3.62602
404.105 3.62625
404.177 3.62606
404.249 3.62461
404.321 3.62162
404.393 3.61854
404.465 3.61568
404.537 3.6136
404.609 3.61267
404.681 3.61105
404.753 3.60856
404.825 3.60858
404.897 3.60925
404.969 3.60645
405.041 3.60125
405.113 3.59997
405.185 3.59983
405.257 3.59898
405.329 3.60001
405.401 3.60346
405.473 3.60425
405.545 3.60287
405.617 3.60131
405.689 3.60025
405.761 3.59937
405.833 3.59615
405.905 3.59148
405.977 3.5877
406.049 3.58422
406.121 3.58122
406.193 3.57929
406.265 3.57639
406.337 3.57213
406.409 3.56746
406.481 3.56179
406.553 3.55588
406.625 3.55229
406.697 3.54844
406.769 3.54315
406.841 3.53987
406.913 3.53885
406.985 3.53601
407.057 3.53223
407.129 3.52998
407.201 3.5277
407.273 3.52336
407.345 3.51729
407.417 3.51045
407.489 3.50228
407.561 3.49247
407.633 3.48339
407.705 3.47474
407.777 3.46557
407.849 3.45601
407.921 3.44504
407.993 3.43163
408.065 3.417
408.137 3.40414
408.209 3.39329
408.281 3.38461
408.353 3.37753
408.425 3.3704
408.497 3.36002
408.569 3.34526
408.641 3.32867
408.713 3.31324
408.785 3.29918
408.857 3.28527
408.929 3.27199
409.001 3.25854
409.073 3.24208
409.145 3.22368
409.217 3.20526
409.289 3.18639
409.361 3.16686
409.433 3.14834
409.505 3.13101
409.577 3.11294
409.649 3.09411
409.721 3.07597
409.793 3.05866
409.865 3.04127
409.937 3.02535
410.009 3.01325
410.081 3.00712
410.153 3.00747
410.225 3.01426
410.297 3.02606
410.369 3.04117
410.441 3.05861
410.513 3.07687
410.585 3.09416
410.657 3.1107
410.729 3.12944
410.801 3.14878
410.873 3.16689
410.945 3.1861
411.017 3.20858
411.089 3.2307
411.161 3.2508
411.233 3.27068
411.305 3.28989
411.377 3.30631
411.449 3.32082
411.521 3.33599
411.593 3.35181
411.665 3.36784
411.737 3.38445
411.809 3.40105
411.881 3.41588
411.953 3.42841
412.025 3.43899
412.097 3.44968
412.169 3.46009
412.241 3.47015
412.313 3.48168
412.385 3.49449
412.457 3.50566
412.529 3.51532
412.601 3.52469
412.673 3.53251
412.745 3.53904
412.817 3.54767
412.889 3.55817
412.961 3.56732
413.033 3.57522
413.105 3.58446
413.177 3.59263
413.249 3.59919
413.321 3.60606
413.393 3.61327
413.465 3.61956
413.537 3.62491
413.609 3.6292
413.681 3.63379
413.753 3.63879
413.825 3.64268
413.897 3.64793
413.969 3.6552
414.041 3.66235
414.113 3.66927
414.185 3.67687
414.257 3.6831
414.329 3.68823
414.401 3.69258
414.473 3.69548
414.545 3.6971
414.617 3.69975
414.689 3.70318
414.761 3.70668
414.833 3.71114
414.905 3.71674
414.977 3.72112
415.049 3.72438
415.121 3.7274
415.193 3.73033
415.265 3.73319
415.337 3.73582
415.409 3.73752
415.481 3.7371
415.553 3.73476
415.625 3.73248
415.697 3.73176
415.769 3.73077
415.841 3.73141
415.913 3.73632
415.985 3.74098
416.057 3.74157
416.129 3.74396
416.201 3.74897
416.273 3.75003
416.345 3.74675
416.417 3.74524
416.489 3.74492
416.561 3.74371
416.633 3.74488
416.705 3.75048
416.777 3.75421
416.849 3.755
416.921 3.75609
416.993 3.75833
417.065 3.76126
417.137 3.76537
417.209 3.76874
417.281 3.77063
417.353 3.77252
417.425 3.77331
417.497 3.7749
417.569 3.77969
417.641 3.78418
417.713 3.78416
417.785 3.78295
417.857 3.7845
417.929 3.78684
418.001 3.78971
418.073 3.7947
418.145 3.80042
418.217 3.80282
418.289 3.80305
418.361 3.8025
418.433 3.80148
418.505 3.79991
418.577 3.79911
418.649 3.79885
418.721 3.79963
418.793 3.80112
418.865 3.80343
418.937 3.805
419.009 3.80692
419.081 3.80887
419.153 3.8108
419.225 3.81332
419.297 3.81659
419.369 3.81738
419.441 3.81585
419.513 3.81529
419.585 3.81567
419.657 3.81632
419.729 3.81796
419.801 3.82075
419.873 3.82232
419.945 3.82265
420.017 3.82159
420.089 3.81907
420.161 3.81792
420.233 3.81777
420.305 3.81768
420.377 3.81894
420.449 3.82164
420.521 3.82303
420.593 3.82281
420.665 3.82181
420.737 3.82027
420.809 3.81783
420.881 3.81676
420.953 3.81753
421.025 3.81955
421.097 3.82219
421.169 3.82559
421.241 3.82722
421.313 3.82745
421.385 3.8275
421.457 3.82737
421.529 3.82608
421.601 3.82351
421.673 3.8224
421.745 3.82256
421.817 3.82295
421.889 3.82437
421.961 3.8271
422.033 3.82853
422.105 3.8288
422.177 3.82885
422.249 3.82886
422.321 3.82895
422.393 3.82891
422.465 3.82737
422.537 3.82407
422.609 3.82227
422.681 3.82189
422.753 3.82188
422.825 3.82309
422.897 3.82571
422.969 3.82674
423.041 3.8264
423.113 3.82584
423.185 3.82523
423.257 3.8246
423.329 3.82409
423.401 3.82348
423.473 3.82155
423.545 3.81806
423.617 3.81594
423.689 3.81516
423.761 3.81481
423.833 3.81559
423.905 3.8176
423.977 3.81817
424.049 3.81759
424.121 3.81685
424.193 3.81595
424.265 3.81485
424.337 3.81374
424.409 3.81264
424.481 3.81139
424.553 3.8091
424.625 3.80496
424.697 3.80035
424.769 3.79616
424.841 3.79273
424.913 3.79118
424.985 3.79096
425.057 3.79098
425.129 3.7917
425.201 3.79179
425.273 3.7907
425.345 3.78964
425.417 3.78957
425.489 3.78963
425.561 3.78964
425.633 3.78937
425.705 3.78953
425.777 3.78951
425.849 3.78864
425.921 3.78721
425.993 3.78552
426.065 3.78382
426.137 3.78231
426.209 3.78091
426.281 3.77933
426.353 3.77747
426.425 3.77559
426.497 3.77391
426.569 3.77238
426.641 3.7707
426.713 3.76879
426.785 3.76684
426.857 3.7649
426.929 3.76291
427.001 3.76082
427.073 3.75862
427.145 3.75612
427.217 3.75316
427.289 3.7505
427.361 3.74803
427.433 3.74558
427.505 3.74388
427.577 3.74289
427.649 3.74117
427.721 3.73859
427.793 3.7358
427.865 3.73249
427.937 3.72861
428.009 3.72513
428.081 3.72188
428.153 3.71871
428.225 3.71628
428.297 3.71405
428.369 3.71005
428.441 3.70494
428.513 3.69939
428.585 3.69483
428.657 3.69172
428.729 3.68983
428.801 3.68781
428.873 3.68569
428.945 3.6827
429.017 3.679
429.089 3.67428
429.161 3.66961
429.233 3.66504
429.305 3.66051
429.377 3.65679
429.449 3.65388
429.521 3.64995
429.593 3.64487
429.665 3.63895
429.737 3.63192
429.809 3.62503
429.881 3.61912
429.953 3.61346
430.025 3.60842
430.097 3.60505
430.169 3.60168
430.241 3.59539
430.313 3.58658
430.385 3.57855
430.457 3.57175
430.529 3.5652
430.601 3.55879
430.673 3.55244
430.745 3.54468
430.817 3.53625
430.889 3.52823
430.961 3.51949
431.033 3.5086
431.105 3.49644
431.177 3.48468
431.249 3.47413
431.321 3.46319
431.393 3.45043
431.465 3.43747
431.537 3.4247
431.609 3.41223
431.681 3.39967
431.753 3.38758
431.825 3.37551
431.897 3.36372
431.969 3.35261
432.041 3.34247
432.113 3.33065
432.185 3.3159
432.257 3.30045
432.329 3.28595
432.401 3.2733
432.473 3.26112
432.545 3.24648
432.617 3.22939
432.689 3.21148
432.761 3.1943
432.833 3.1777
432.905 3.16011
432.977 3.14051
433.049 3.12031
433.121 3.10111
433.193 3.08359
433.265 3.06577
433.337 3.04563
433.409 3.02382
433.481 3.00181
433.553 2.98112
433.625 2.96143
433.697 2.94107
433.769 2.91976
433.841 2.89872
433.913 2.88083
433.985 2.87031
434.057 2.86968
434.129 2.87993
434.201 2.89739
434.273 2.91656
434.345 2.93568
434.417 2.95634
434.489 2.97758
434.561 2.99892
434.633 3.01994
434.705 3.03946
434.777 3.0569
434.849 3.07404
434.921 3.09263
434.993 3.1121
435.065 3.13126
435.137 3.14894
435.209 3.16541
435.281 3.1821
435.353 3.1994
435.425 3.21626
435.497 3.23166
435.569 3.24517
435.641 3.2582
435.713 3.27214
435.785 3.28659
435.857 3.30071
435.929 3.31362
436.001 3.32549
436.073 3.33734
436.145 3.3495
436.217 3.36128
436.289 3.37198
436.361 3.38134
436.433 3.39032
436.505 3.39988
436.577 3.40975
436.649 3.4192
436.721 3.42657
436.793 3.43146
436.865 3.43767
436.937 3.44572
437.009 3.45439
437.081 3.46417
437.153 3.47477
437.225 3.48297
437.297 3.48958
437.369 3.49635
437.441 3.5033
437.513 3.51005
437.585 3.51624
437.657 3.52198
437.729 3.52774
437.801 3.53367
437.873 3.53945
437.945 3.54474
438.017 3.54936
438.089 3.55375
438.161 3.55827
438.233 3.56234
438.305 3.5656
438.377 3.56883
438.449 3.57177
438.521 3.57513
438.593 3.57954
438.665 3.5847
438.737 3.58936
438.809 3.59348
438.881 3.59667
438.953 3.59928
439.025 3.60158
439.097 3.60348
439.169 3.60568
439.241 3.60806
439.313 3.61029
439.385 3.61289
439.457 3.61608
439.529 3.61894
439.601 3.62137
439.673 3.62353
439.745 3.62543
439.817 3.62728
439.889 3.62925
439.961 3.63097
440.033 3.63208
440.105 3.63244
440.177 3.63122
440.249 3.63032
440.321 3.63149
440.393 3.63326
440.465 3.63453
440.537 3.63477
440.609 3.63366
440.681 3.6319
440.753 3.6312
440.825 3.63056
440.897 3.63235
440.969 3.63759
441.041 3.64166
441.113 3.64151
441.185 3.64209
441.257 3.64374
441.329 3.64521
441.401 3.64817
441.473 3.65244
441.545 3.65422
441.617 3.65402
441.689 3.65461
441.761 3.65568
441.833 3.65888
441.905 3.66455
441.977 3.66945
442.049 3.66966
442.121 3.66903
442.193 3.66853
442.265 3.6676
442.337 3.66934
442.409 3.67297
442.481 3.67325
442.553 3.66822
442.625 3.66263
442.697 3.65991
442.769 3.66119
442.841 3.6661
442.913 3.67139
442.985 3.67365
443.057 3.67443
443.129 3.6769
443.201 3.68053
443.273 3.68332
443.345 3.68533
443.417 3.686
443.489 3.68598
443.561 3.68558
443.633 3.68648
443.705 3.68744
443.777 3.68807
443.849 3.68953
443.921 3.69091
443.993 3.69214
444.065 3.69285
444.137 3.69347
444.209 3.69205
444.281 3.6906
444.353 3.68931
444.425 3.68961
444.497 3.69035
444.569 3.69046
444.641 3.68897
444.713 3.68594
444.785 3.68353
444.857 3.68348
444.929 3.68581
445.001 3.69044
445.073 3.69479
445.145 3.69692
445.217 3.69603
445.289 3.69579
445.361 3.69507
445.433 3.69568
445.505 3.69551
445.577 3.69602
445.649 3.69548
445.721 3.69418
445.793 3.69141
445.865 3.69021
445.937 3.69106
446.009 3.69383
446.081 3.69767
446.153 3.69951
446.225 3.69799
446.297 3.69562
446.369 3.69307
446.441 3.69193
446.513 3.6934
446.585 3.69718
446.657 3.69948
446.729 3.699
446.801 3.69777
446.873 3.69701
446.945 3.69638
447.017 3.69596
447.089 3.69666
447.161 3.69695
447.233 3.6975
447.305 3.69795
447.377 3.69755
447.449 3.69544
447.521 3.69455
447.593 3.69439
447.665 3.694
447.737 3.69457
447.809 3.69623
447.881 3.69712
447.953 3.69768
448.025 3.69826
448.097 3.69817
448.169 3.6978
448.241 3.69732
448.313 3.69655
448.385 3.69499
448.457 3.69285
448.529 3.6917
448.601 3.69138
448.673 3.69121
448.745 3.6914
448.817 3.69196
448.889 3.69189
448.961 3.69145
449.033 3.69108
449.105 3.69061
449.177 3.68976
449.249 3.68878
449.321 3.68776
449.393 3.68699
449.465 3.68648
449.537 3.6861
449.609 3.68544
449.681 3.68456
449.753 3.68358
449.825 3.6826
449.897 3.68172
449.969 3.68095
450.041 3.68023
450.113 3.67948
450.185 3.67864
450.257 3.67765
450.329 3.67655
450.401 3.67546
450.473 3.67451
450.545 3.67373
450.617 3.67299
450.689 3.67157
450.761 3.66931
450.833 3.6676
450.905 3.66647
450.977 3.66559
451.049 3.66548
451.121 3.66614
451.193 3.66607
451.265 3.66525
451.337 3.66424
451.409 3.66323
451.481 3.66234
451.553 3.66166
451.625 3.66111
451.697 3.66049
451.769 3.65971
451.841 3.65881
451.913 3.65791
451.985 3.65717
452.057 3.65662
452.129 3.65622
452.201 3.65584
452.273 3.65538
452.345 3.65476
452.417 3.65403
452.489 3.65329
452.561 3.65262
452.633 3.652
452.705 3.65132
452.777 3.65028
452.849 3.64881
452.921 3.64749
452.993 3.64556
453.065 3.64264
453.137 3.6411
453.209 3.64084
453.281 3.64062
453.353 3.64096
453.425 3.64164
453.497 3.63987
453.569 3.63653
453.641 3.63333
453.713 3.63077
453.785 3.62951
453.857 3.62878
453.929 3.62792
454.001 3.62768
454.073 3.62718
454.145 3.62532
454.217 3.62482
454.289 3.62515
454.361 3.62449
454.433 3.6239
454.505 3.62484
454.577 3.62549
454.649 3.626
454.721 3.62672
454.793 3.62734
454.865 3.62722
454.937 3.62664
455.009 3.62591
455.081 3.62499
455.153 3.62375
455.225 3.62081
455.297 3.61527
455.369 3.61057
455.441 3.60857
455.513 3.60791
455.585 3.60894
455.657 3.61253
455.729 3.61537
455.801 3.61562
455.873 3.61482
455.945 3.61392
456.017 3.6129
456.089 3.61164
456.161 3.61011
456.233 3.60831
456.305 3.60631
456.377 3.60382
456.449 3.60093
456.521 3.59877
456.593 3.5972
456.665 3.59568
456.737 3.59402
456.809 3.59219
456.881 3.59025
456.953 3.58834
457.025 3.58665
457.097 3.5856
457.169 3.58517
457.241 3.58419
457.313 3.58261
457.385 3.58079
457.457 3.57884
457.529 3.57682
457.601 3.5743
457.673 3.57126
457.745 3.56905
457.817 3.56745
457.889 3.56545
457.961 3.56281
458.033 3.56037
458.105 3.55784
458.177 3.55465
458.249 3.55034
458.321 3.54752
458.393 3.54721
458.465 3.54662
458.537 3.54488
458.609 3.54429
458.681 3.54394
458.753 3.54279
458.825 3.54194
458.897 3.54176
458.969 3.54107
459.041 3.54069
459.113 3.53976
459.185 3.53827
459.257 3.53743
459.329 3.53755
459.401 3.53684
459.473 3.53537
459.545 3.53388
459.617 3.53242
459.689 3.53102
459.761 3.52958
459.833 3.52797
459.905 3.52618
459.977 3.52439
460.049 3.52279
460.121 3.52143
460.193 3.52022
460.265 3.51905
460.337 3.51777
460.409 3.51629
460.481 3.51467
460.553 3.51304
460.625 3.51152
460.697 3.51021
460.769 3.50901
460.841 3.50783
460.913 3.50665
460.985 3.50537
461.057 3.50391
461.129 3.50233
461.201 3.50074
461.273 3.49926
461.345 3.49793
461.417 3.49667
461.489 3.49543
461.561 3.4942
461.633 3.49289
461.705 3.49142
461.777 3.48981
461.849 3.48819
461.921 3.4867
461.993 3.48537
462.065 3.48412
462.137 3.48286
462.209 3.48159
462.281 3.48021
462.353 3.47865
462.425 3.47697
462.497 3.47532
462.569 3.47381
462.641 3.4725
462.713 3.4713
462.785 3.47013
462.857 3.46897
462.929 3.46772
463.001 3.46629
463.073 3.46475
463.145 3.46319
463.217 3.46176
463.289 3.46049
463.361 3.45932
463.433 3.45814
463.505 3.45698
463.577 3.45585
463.649 3.45465
463.721 3.45327
463.793 3.45174
463.865 3.45017
463.937 3.44873
464.009 3.44756
464.081 3.44658
464.153 3.44569
464.225 3.44483
464.297 3.44387
464.369 3.44271
464.441 3.4414
464.513 3.44008
464.585 3.43887
464.657 3.43785
464.729 3.43693
464.801 3.43601
464.873 3.43506
464.945 3.43407
465.017 3.43294
465.089 3.43162
465.161 3.43014
465.233 3.42865
465.305 3.42728
465.377 3.42611
465.449 3.42506
465.521 3.42404
465.593 3.42303
465.665 3.42194
465.737 3.42069
465.809 3.41925
465.881 3.41708
465.953 3.41413
466.025 3.41166
466.097 3.40894
466.169 3.4059
466.241 3.40414
466.313 3.4044
466.385 3.40471
466.457 3.40522
466.529 3.40601
466.601 3.4062
466.673 3.40473
466.745 3.40202
466.817 3.39956
466.889 3.39677
466.961 3.39383
467.033 3.39245
467.105 3.39125
467.177 3.38799
467.249 3.38561
467.321 3.38475
467.393 3.38219
467.465 3.37842
467.537 3.37644
467.609 3.37628
467.681 3.3758
467.753 3.37613
467.825 3.37838
467.897 3.38087
467.969 3.38013
468.041 3.37591
468.113 3.37007
468.185 3.36664
468.257 3.36482
468.329 3.36363
468.401 3.3645
468.473 3.36667
468.545 3.36614
468.617 3.36348
468.689 3.36073
468.761 3.35827
468.833 3.35643
468.905 3.35506
468.977 3.35358
469.049 3.35148
469.121 3.34951
469.193 3.34754
469.265 3.34542
469.337 3.34355
469.409 3.34177
469.481 3.33888
469.553 3.33516
469.625 3.33099
469.697 3.32739
469.769 3.32569
469.841 3.32552
469.913 3.32534
469.985 3.32369
470.057 3.32133
470.129 3.31922
470.201 3.31769
470.273 3.31653
470.345 3.31534
470.417 3.31336
470.489 3.3114
470.561 3.3095
470.633 3.30741
470.705 3.30533
470.777 3.30353
470.849 3.30139
470.921 3.29908
470.993 3.29603
471.065 3.29202
471.137 3.2884
471.209 3.28553
471.281 3.28334
471.353 3.28227
471.425 3.28244
471.497 3.28156
471.569 3.27947
471.641 3.27711
471.713 3.27505
471.785 3.27299
471.857 3.27043
471.929 3.26711
472.001 3.26371
472.073 3.26112
472.145 3.25877
472.217 3.25753
472.289 3.25736
472.361 3.25697
472.433 3.25575
472.505 3.25447
472.577 3.25266
472.649 3.25079
472.721 3.2481
472.793 3.24526
472.865 3.24274
472.937 3.24062
473.009 3.23909
473.081 3.23808
473.153 3.23676
473.225 3.23487
473.297 3.23296
473.369 3.23091
473.441 3.22924
473.513 3.22778
473.585 3.22594
473.657 3.22358
473.729 3.22127
473.801 3.2192
473.873 3.21729
473.945 3.21549
474.017 3.21339
474.089 3.21147
474.161 3.20968
474.233 3.20784
474.305 3.20562
474.377 3.2032
474.449 3.20046
474.521 3.19778
474.593 3.19538
474.665 3.19335
474.737 3.19137
474.809 3.18952
474.881 3.18765
474.953 3.18567
475.025 3.18362
475.097 3.18158
475.169 3.17945
475.241 3.17717
475.313 3.17448
475.385 3.17162
475.457 3.16881
475.529 3.16627
475.601 3.16404
475.673 3.16195
475.745 3.15971
475.817 3.15742
475.889 3.15509
475.961 3.15272
476.033 3.15028
476.105 3.14774
476.177 3.145
476.249 3.142
476.321 3.13888
476.393 3.13582
476.465 3.13294
476.537 3.13027
476.609 3.12772
476.681 3.12515
476.753 3.12258
476.825 3.11998
476.897 3.11736
476.969 3.11472
477.041 3.11206
477.113 3.10923
477.185 3.1061
477.257 3.10279
477.329 3.09951
477.401 3.09645
477.473 3.0937
477.545 3.09112
477.617 3.08856
477.689 3.08601
477.761 3.08348
477.833 3.08095
477.905 3.07841
477.977 3.07587
478.049 3.07316
478.121 3.07013
478.193 3.06687
478.265 3.06361
478.337 3.06055
478.409 3.05778
478.481 3.05514
478.553 3.05241
478.625 3.04962
478.697 3.04678
478.769 3.04392
478.841 3.04106
478.913 3.03819
478.985 3.03528
479.057 3.03214
479.129 3.02859
479.201 3.02474
479.273 3.02085
479.345 3.01719
479.417 3.01384
479.489 3.01062
479.561 3.00736
479.633 3.00408
479.705 3.00082
479.777 2.99757
479.849 2.99433
479.921 2.99099
479.993 2.98748
480.065 2.98351
480.137 2.97891
480.209 2.97386
480.281 2.96876
480.353 2.9639
480.425 2.95943
480.497 2.95513
480.569 2.95073
480.641 2.94624
480.713 2.94165
480.785 2.93701
480.857 2.93234
480.929 2.92763
481.001 2.92285
481.073 2.91772
481.145 2.91147
481.217 2.90426
481.289 2.8974
481.361 2.89098
481.433 2.88517
481.505 2.88056
481.577 2.87653
481.649 2.87163
481.721 2.86606
481.793 2.85979
481.865 2.85283
481.937 2.84631
482.009 2.83934
482.081 2.83052
482.153 2.82192
482.225 2.81563
482.297 2.80904
482.369 2.80116
482.441 2.79396
482.513 2.78778
482.585 2.78078
482.657 2.77363
482.729 2.76678
482.801 2.75873
482.873 2.74939
482.945 2.74074
483.017 2.7328
483.089 2.7256
483.161 2.71972
483.233 2.71383
483.305 2.70624
483.377 2.69763
483.449 2.68817
483.521 2.67745
483.593 2.66575
483.665 2.65384
483.737 2.64241
483.809 2.63177
483.881 2.62138
483.953 2.61083
484.025 2.60024
484.097 2.58952
484.169 2.5776
484.241 2.56446
484.313 2.5521
484.385 2.54045
484.457 2.52889
484.529 2.51814
484.601 2.50706
484.673 2.49284
484.745 2.47554
484.817 2.45762
484.889 2.44121
484.961 2.42678
485.033 2.41339
485.105 2.40111
485.177 2.38869
485.249 2.37523
485.321 2.36111
485.393 2.34709
485.465 2.33302
485.537 2.31854
485.609 2.30351
485.681 2.28783
485.753 2.27219
485.825 2.25634
485.897 2.23908
485.969 2.22084
486.041 2.20653
486.113 2.2001
486.185 2.20541
486.257 2.21927
486.329 2.23549
486.401 2.25119
486.473 2.26694
486.545 2.28108
486.617 2.29405
486.689 2.30691
486.761 2.31972
486.833 2.33224
486.905 2.34407
486.977 2.35565
487.049 2.36671
487.121 2.37796
487.193 2.38995
487.265 2.40336
487.337 2.41717
487.409 2.4308
487.481 2.44283
487.553 2.45369
487.625 2.46366
487.697 2.47364
487.769 2.48248
487.841 2.49102
487.913 2.49952
487.985 2.50847
488.057 2.51729
488.129 2.52594
488.201 2.53291
488.273 2.53884
488.345 2.5451
488.417 2.55194
488.489 2.55867
488.561 2.56692
488.633 2.57692
488.705 2.58605
488.777 2.59367
488.849 2.60035
488.921 2.60624
488.993 2.61124
489.065 2.61605
489.137 2.62044
489.209 2.62525
489.281 2.63004
489.353 2.63514
489.425 2.63966
489.497 2.64406
489.569 2.6482
489.641 2.65206
489.713 2.6557
489.785 2.6595
489.857 2.66319
489.929 2.66688
490.001 2.67045
490.073 2.67374
490.145 2.67726
490.217 2.68078
490.289 2.684
490.361 2.68693
490.433 2.6886
490.505 2.68879
490.577 2.69018
490.649 2.69243
490.721 2.69467
490.793 2.69806
490.865 2.70266
490.937 2.70552
491.009 2.70687
491.081 2.7084
491.153 2.71027
491.225 2.71225
491.297 2.71451
491.369 2.71684
491.441 2.71881
491.513 2.72049
491.585 2.7222
491.657 2.72375
491.729 2.72484
491.801 2.72514
491.873 2.72599
491.945 2.72717
492.017 2.72837
492.089 2.73004
492.161 2.73238
492.233 2.73393
492.305 2.73487
492.377 2.73569
492.449 2.73658
492.521 2.73749
492.593 2.73831
492.665 2.73899
492.737 2.73967
492.809 2.74032
492.881 2.74098
492.953 2.74166
493.025 2.74214
493.097 2.74172
493.169 2.74029
493.241 2.73972
493.313 2.73997
493.385 2.74049
493.457 2.74189
493.529 2.74402
493.601 2.74456
493.673 2.74273
493.745 2.73892
493.817 2.73709
493.889 2.73721
493.961 2.73807
494.033 2.74032
494.105 2.74427
494.177 2.74622
494.249 2.74644
494.321 2.74641
494.393 2.74635
494.465 2.74628
494.537 2.74622
494.609 2.74612
494.681 2.74565
494.753 2.74474
494.825 2.74426
494.897 2.74419
494.969 2.74423
495.041 2.74468
495.113 2.74556
495.185 2.74577
495.257 2.74412
495.329 2.74076
495.401 2.739
495.473 2.73864
495.545 2.73864
495.617 2.73999
495.689 2.74291
495.761 2.74418
495.833 2.74402
495.905 2.74362
495.977 2.7431
496.049 2.74241
496.121 2.74156
496.193 2.74054
496.265 2.73921
496.337 2.73758
496.409 2.73627
496.481 2.73518
496.553 2.73362
496.625 2.73167
496.697 2.73063
496.769 2.72986
496.841 2.72902
496.913 2.72867
496.985 2.72891
497.057 2.7285
497.129 2.72756
497.201 2.72655
497.273 2.7255
497.345 2.7244
497.417 2.7232
497.489 2.72169
497.561 2.71984
497.633 2.71828
497.705 2.71677
497.777 2.71508
497.849 2.71405
497.921 2.7136
497.993 2.71291
498.065 2.71223
498.137 2.71177
498.209 2.71097
498.281 2.70985
498.353 2.70877
498.425 2.70765
498.497 2.70657
498.569 2.70532
498.641 2.7041
498.713 2.70279
498.785 2.70151
498.857 2.70016
498.929 2.69886
499.001 2.69751
499.073 2.69602
499.145 2.69413
499.217 2.69204
499.289 2.69029
499.361 2.68897
499.433 2.68772
499.505 2.68636
499.577 2.68487
499.649 2.68347
499.721 2.68212
499.793 2.68074
499.865 2.67978
499.937 2.67916
500.009 2.6782
500.081 2.677
500.153 2.67579
500.225 2.67437
500.297 2.67314
500.369 2.67188
500.441 2.67036
500.513 2.66943
500.585 2.66863
500.657 2.6678
500.729 2.66698
500.801 2.66645
500.873 2.66499
500.945 2.66342
501.017 2.6622
501.089 2.6617
501.161 2.66135
501.233 2.66075
501.305 2.65898
501.377 2.65683
501.449 2.65497
501.521 2.65368
501.593 2.65252
501.665 2.651
501.737 2.64897
501.809 2.64727
501.881 2.64526
501.953 2.64236
502.025 2.63956
502.097 2.63815
502.169 2.63854
502.241 2.64058
502.313 2.64225
502.385 2.64206
502.457 2.63864
502.529 2.63554
502.601 2.6306
502.673 2.62824
502.745 2.62814
502.817 2.62786
502.889 2.62214
502.961 2.61541
503.033 2.61041
503.105 2.60982
503.177 2.61475
503.249 2.61865
503.321 2.61858
503.393 2.61329
503.465 2.60058
503.537 2.58121
503.609 2.56732
503.681 2.56649
503.753 2.56398
503.825 2.56556
503.897 2.56502
503.969 2.56634
504.041 2.5727
504.113 2.58381
504.185 2.57896
504.257 2.57287
504.329 2.56473
504.401 2.55718
504.473 2.55893
504.545 2.56912
504.617 2.58108
504.689 2.59262
504.761 2.59631
504.833 2.59175
504.905 2.58795
504.977 2.58561
505.049 2.58493
505.121 2.58639
505.193 2.58701
505.265 2.58398
505.337 2.58134
505.409 2.57803
505.481 2.57643
505.553 2.57753
505.625 2.57291
505.697 2.56644
505.769 2.55571
505.841 2.54606
505.913 2.54336
505.985 2.54533
506.057 2.54861
506.129 2.5548
506.201 2.55867
506.273 2.56159
506.345 2.56677
506.417 2.56843
506.489 2.57068
506.561 2.56494
506.633 2.55519
506.705 2.53963
506.777 2.5315
506.849 2.52955
506.921 2.53543
506.993 2.53968
507.065 2.54467
507.137 2.54516
507.209 2.54951
507.281 2.54461
507.353 2.53847
507.425 2.5338
507.497 2.53631
507.569 2.54103
507.641 2.53963
507.713 2.52916
507.785 2.52263
507.857 2.5224
507.929 2.52023
508.001 2.51956
508.073 2.5171
508.145 2.52066
508.217 2.52938
508.289 2.53745
508.361 2.53409
508.433 2.52782
508.505 2.52412
508.577 2.52286
508.649 2.51915
508.721 2.51692
508.793 2.51547
508.865 2.51735
508.937 2.52306
509.009 2.52832
509.081 2.52749
509.153 2.52544
509.225 2.51955
509.297 2.51474
509.369 2.51017
509.441 2.50728
509.513 2.5076
509.585 2.50858
509.657 2.50803
509.729 2.5097
509.801 2.51157
509.873 2.51197
509.945 2.51332
510.017 2.51218
510.089 2.51037
510.161 2.5077
510.233 2.50383
510.305 2.50102
510.377 2.50023
510.449 2.50132
510.521 2.50324
510.593 2.50474
510.665 2.50406
510.737 2.5029
510.809 2.50141
510.881 2.5002
510.953 2.49916
511.025 2.49772
511.097 2.49462
511.169 2.49156
511.241 2.49012
511.313 2.49085
511.385 2.49229
511.457 2.49283
511.529 2.49172
511.601 2.49036
511.673 2.48863
511.745 2.48727
511.817 2.48641
511.889 2.48547
511.961 2.48465
512.033 2.48329
512.105 2.48155
512.177 2.48028
512.249 2.47897
512.321 2.47773
512.393 2.4766
512.465 2.47543
512.537 2.47432
512.609 2.47316
512.681 2.47133
512.753 2.46971
512.825 2.46833
512.897 2.46708
512.969 2.46572
513.041 2.46416
513.113 2.46254
513.185 2.46108
513.257 2.4596
513.329 2.45808
513.401 2.45655
513.473 2.45504
513.545 2.45362
513.617 2.45226
513.689 2.45067
513.761 2.44905
513.833 2.44743
513.905 2.44587
513.977 2.44435
514.049 2.4428
514.121 2.44117
514.193 2.43956
514.265 2.438
514.337 2.43646
514.409 2.43496
514.481 2.43342
514.553 2.43184
514.625 2.43023
514.697 2.42859
514.769 2.42692
514.841 2.42526
514.913 2.42362
514.985 2.42201
515.057 2.42041
515.129 2.41885
515.201 2.41894
515.273 2.43123
