3.500000000000000000e+02 0.000000000000000000e+00
3.801018676757812500e+02 1.198165479220005426e-15
3.809780578613281250e+02 6.941299477477430591e-16
3.818562316894531250e+02 6.923993006178249133e-16
3.827366333007812500e+02 5.404200964193668546e-16
3.836188659667968750e+02 3.902225201463398099e-16
3.845031433105468750e+02 7.881160353608105806e-16
3.853896789550781250e+02 6.113236362472482342e-16
3.862780151367187500e+02 5.404488426000142974e-16
3.871683959960937500e+02 8.407222870994597846e-16
3.880610961914062500e+02 -4.202469264507485702e-17
3.889555969238281250e+02 4.083034707268873168e-16
3.898521423339843750e+02 6.790729312586730061e-16
3.907510070800781250e+02 1.636368127724005875e-16
3.916517028808593750e+02 4.062278429594202555e-16
3.925545043945312500e+02 1.141586113563141519e-15
3.934593811035156250e+02 7.585003224534520201e-16
3.943665161132812500e+02 6.652875229816684714e-16
3.952755737304687500e+02 7.629762563049805567e-16
3.961867065429687500e+02 6.087167864729547181e-16
3.971001586914062500e+02 7.123828195468035872e-16
3.980155334472656250e+02 5.882909575268316892e-16
3.989329833984375000e+02 2.410531889317202824e-16
3.998527526855468750e+02 5.408443540468228523e-16
4.007744750976562500e+02 4.580830411716509121e-16
4.016982727050781250e+02 5.560472719610574585e-16
4.026242065429687500e+02 7.036724621128323965e-16
4.035525207519531250e+02 5.632764334680768949e-16
4.044827270507812500e+02 7.912416398757381522e-16
4.054151000976562500e+02 8.705228120079973927e-16
4.063498229980468750e+02 3.951180264743348438e-16
4.072864685058593750e+02 7.872646613697016019e-16
4.082253112792968750e+02 5.772025021538848468e-16
4.091665344238281250e+02 3.609502790990928682e-16
4.101096801757812500e+02 6.350991099228475972e-16
4.110550231933593750e+02 6.620237462172200420e-16
4.120027465820312500e+02 6.714723458042825589e-16
4.129524536132812500e+02 1.483712461838046850e-15
4.139043579101562500e+02 4.604494394680426136e-16
4.148583984375000000e+02 5.340256329423073278e-16
4.158148803710937500e+02 6.356333230147690437e-16
4.167733764648437500e+02 5.295932683480031843e-16
4.177340698242187500e+02 8.113572959444884970e-16
4.186972045898437500e+02 1.192163297876643047e-15
4.196623535156250000e+02 4.904305941525822013e-16
4.206296997070312500e+02 6.527779580814657267e-16
4.215995178222656250e+02 8.994643925684599368e-16
4.225713500976562500e+02 8.322059531499690320e-16
4.235454101562500000e+02 4.785815561325602006e-16
4.245216674804687500e+02 5.408602359145838704e-16
4.255004882812500000e+02 9.206644625679325997e-16
4.264812927246093750e+02 1.042430319175184986e-15
4.274643554687500000e+02 7.584595589928654069e-16
4.284498901367187500e+02 9.435973502192507474e-16
4.294375610351562500e+02 8.077731289677411285e-16
4.304274291992187500e+02 6.374756196750471469e-16
4.314198303222656250e+02 5.624786343108817508e-16
4.324142456054687500e+02 1.040138459778151662e-15
4.334110412597656250e+02 1.035086967038963829e-15
4.344103088378906250e+02 9.675947465270307371e-16
4.354116821289062500e+02 5.571846783905423737e-16
4.364152832031250000e+02 8.952952964020742706e-16
4.374212951660156250e+02 9.327596695382503814e-16
4.384297790527343750e+02 1.156387590799936790e-15
4.394404296875000000e+02 3.427606171337211922e-16
4.404533691406250000e+02 8.141834213730024701e-16
4.414688415527343750e+02 1.078747915579897181e-15
4.424864807128906250e+02 1.085445828610310560e-15
4.435064392089843750e+02 1.231563670692887268e-15
4.445289916992187500e+02 1.184362442069786161e-15
4.455536499023437500e+02 1.573181799199440019e-15
4.465807189941406250e+02 1.034863562099125507e-15
4.476101074218750000e+02 9.932034112587252196e-16
4.486421508789062500e+02 1.183082787044721727e-15
4.496762695312500000e+02 1.191071578286750660e-15
4.507127990722656250e+02 1.256438169617549085e-15
4.517520141601562500e+02 1.064523479538418901e-15
4.527933044433593750e+02 9.904414485759657598e-16
4.538370056152343750e+02 1.188920220479843144e-15
4.548833923339843750e+02 1.082031015283454849e-15
4.559319458007812500e+02 1.171388120779336822e-15
4.569829101562500000e+02 1.222588191946425481e-15
4.580365295410156250e+02 1.236486626182329261e-15
4.590923461914062500e+02 1.077876636314527726e-15
4.601505737304687500e+02 1.238569903716101213e-15
4.612112731933593750e+02 1.173110985794052069e-15
4.622746582031250000e+02 1.139591562730594455e-15
4.633402404785156250e+02 1.214370595929519479e-15
4.644082641601562500e+02 1.383030631716493288e-15
4.654790039062500000e+02 1.123432609316705761e-15
4.665519409179687500e+02 1.165580227618250898e-15
4.676273803710937500e+02 1.395964189546356014e-15
4.687055664062500000e+02 1.335420392058986761e-15
4.697859497070312500e+02 1.266404888670535217e-15
4.708688354492187500e+02 1.113124324227739333e-15
4.719542541503906250e+02 1.267558865182050794e-15
4.730423889160156250e+02 1.241134613601268828e-15
4.741327514648437500e+02 1.288143248107987988e-15
4.752256774902343750e+02 1.272754353522271859e-15
4.763213806152343750e+02 1.250566219589827055e-15
4.774193420410156250e+02 1.148037434126785491e-15
4.785198364257812500e+02 1.396466691842314627e-15
4.796231079101562500e+02 1.271864968927654844e-15
4.807286682128906250e+02 1.119441178311006684e-15
4.818367614746093750e+02 1.322245959234748594e-15
4.829476928710937500e+02 1.416550901812898156e-15
4.840609436035156250e+02 1.178252264025648859e-15
4.851767578125000000e+02 1.208877269629220121e-15
4.862951049804687500e+02 1.276427617777158539e-15
4.874163208007812500e+02 1.193428023946012124e-15
4.885398559570312500e+02 1.531146942158998110e-15
4.896659545898437500e+02 1.276973424632545529e-15
4.907949829101562500e+02 1.403328188110666494e-15
4.919262695312500000e+02 1.302764942601728534e-15
4.930602111816406250e+02 1.486096012551620452e-15
4.941970214843750000e+02 1.306219460597986791e-15
4.953361816406250000e+02 1.477502333906133541e-15
4.964779357910156250e+02 1.396686073375653491e-15
4.976223754882812500e+02 1.331090571390859591e-15
4.987696838378906250e+02 1.505290202652876524e-15
4.999193725585937500e+02 1.420042371621480382e-15
5.010717163085937500e+02 1.613858650667196470e-15
5.022269897460937500e+02 1.606946755938482973e-15
5.033847045898437500e+02 1.216464249616895296e-15
5.045450134277343750e+02 1.541644539111675875e-15
5.057083129882812500e+02 1.519129132824235690e-15
5.068740234375000000e+02 1.595381473955791163e-15
5.080423889160156250e+02 1.464021169275870910e-15
5.092134704589843750e+02 1.374048694343808687e-15
5.103875122070312500e+02 1.614184440714534156e-15
5.115640258789062500e+02 1.428909112513338398e-15
5.127432250976562500e+02 1.445097712080380993e-15
5.139254150390625000e+02 1.612593289323116953e-15
5.151099853515625000e+02 1.374675498724776870e-15
5.162973632812500000e+02 1.347878340888966197e-15
5.174877929687500000e+02 1.476414320085385392e-15
5.186806030273437500e+02 1.647329157577950148e-15
5.198762207031250000e+02 1.495660285075542384e-15
5.210748291015625000e+02 1.411031529249470728e-15
5.222760009765625000e+02 1.554934909570569474e-15
5.234798583984375000e+02 1.371474243579747648e-15
5.246865234375000000e+02 1.695908614685352409e-15
5.258962402343750000e+02 1.664870680519994674e-15
5.271084594726562500e+02 1.598249527515194224e-15
5.283234863281250000e+02 1.507876405999080717e-15
5.295416259765625000e+02 1.662839177875123642e-15
5.307622070312500000e+02 1.521321359970848226e-15
5.319857177734375000e+02 1.607482504277621318e-15
5.332122192382812500e+02 1.655341348105146982e-15
5.344412841796875000e+02 1.499373359878950016e-15
5.356732177734375000e+02 1.685621823057422558e-15
5.369080200195312500e+02 1.483024565205757952e-15
5.381458740234375000e+02 1.564284035725888814e-15
5.393863525390625000e+02 1.264520028604657585e-15
5.406296997070312500e+02 1.584316047291097797e-15
5.418761596679687500e+02 1.591444464816953175e-15
5.431252441406250000e+02 1.731127397599238962e-15
5.443771972656250000e+02 1.543178515779153413e-15
5.456323242187500000e+02 1.610235043718842574e-15
5.468900146484375000e+02 1.531489566986162475e-15
5.481506958007812500e+02 1.796101600917221833e-15
5.494144897460937500e+02 1.719316370182724998e-15
5.506809692382812500e+02 1.677170975342666404e-15
5.519503173828125000e+02 1.593009146428768681e-15
5.532225341796875000e+02 1.705544885009790956e-15
5.544981079101562500e+02 1.935245820745053885e-15
5.557762451171875000e+02 1.419215985102315405e-15
5.570573730468750000e+02 1.727525178232803237e-15
5.583416748046875000e+02 1.674698697927867914e-15
5.596287841796875000e+02 1.799456274904822489e-15
5.609187011718750000e+02 1.525343813558240492e-15
5.622120361328125000e+02 1.431246499931286640e-15
5.635079345703125000e+02 1.581203412968175057e-15
5.648068237304687500e+02 1.567118525604756923e-15
5.661087646484375000e+02 1.738185299632235420e-15
5.674140014648437500e+02 1.785587380942954203e-15
5.687219238281250000e+02 1.663693834118903231e-15
5.700328369140625000e+02 1.539657188059180472e-15
5.713471679687500000e+02 1.801361040244960597e-15
5.726641845703125000e+02 1.534249412086553799e-15
5.739841918945312500e+02 1.397702618791477058e-15
5.753075561523437500e+02 1.686593052210568020e-15
5.766336669921875000e+02 1.598311678557699008e-15
5.779628906250000000e+02 1.613777335504260058e-15
5.792954711914062500e+02 1.703855160159137034e-15
5.806307373046875000e+02 1.776940656859145491e-15
5.819691162109375000e+02 1.442346443188580619e-15
5.833106689453125000e+02 1.428331859559784593e-15
5.846555175781250000e+02 1.573374181557585152e-15
5.860032348632812500e+02 1.604541605884754387e-15
5.873540039062500000e+02 1.859331551638571285e-15
5.887081909179687500e+02 1.697284725587285426e-15
5.900652465820312500e+02 1.617024648065796232e-15
5.914253540039062500e+02 1.802154286600064249e-15
5.927889404296875000e+02 1.919502654629148646e-15
5.941553955078125000e+02 1.883984445568407697e-15
5.955249633789062500e+02 1.905260219137541212e-15
5.968976440429687500e+02 1.643393736625888262e-15
5.982738647460937500e+02 1.655329489643885422e-15
5.996529541015625000e+02 1.712559376604240631e-15
6.010352172851562500e+02 1.711275168777084705e-15
6.024209594726562500e+02 1.854669905813357243e-15
6.038095703125000000e+02 1.761678499578162287e-15
6.052014160156250000e+02 1.760117947251964646e-15
6.065968017578125000e+02 1.748533289390604394e-15
6.079949951171875000e+02 1.690402477011725829e-15
6.093964843750000000e+02 1.710733067690841953e-15
6.108015136718750000e+02 1.840485703836873543e-15
6.122094726562500000e+02 1.804798935219628989e-15
6.136206665039062500e+02 1.749526859037733688e-15
6.150350952148437500e+02 1.951807220688006779e-15
6.164531250000000000e+02 1.920627937899575984e-15
6.178741455078125000e+02 1.922326450717057669e-15
6.192983398437500000e+02 1.654604217682798927e-15
6.207261962890625000e+02 1.793837905365684715e-15
6.221570434570312500e+02 1.790918818071209583e-15
6.235911865234375000e+02 1.930478719317906683e-15
6.250289306640625000e+02 1.931530310721922897e-15
6.264696044921875000e+02 1.824215471469539315e-15
6.279136962890625000e+02 1.987186728103634836e-15
6.293610839843750000e+02 1.887212064613920208e-15
6.308121337890625000e+02 1.916423901624116077e-15
6.322662353515625000e+02 1.802393573407663589e-15
6.337236328125000000e+02 1.904622826844732351e-15
6.351847534179687500e+02 1.956293318934902367e-15
6.366489257812500000e+02 1.957414367040593434e-15
6.381164550781250000e+02 1.931171168752287073e-15
6.395877075195312500e+02 1.897191171523759934e-15
6.410619506835937500e+02 1.974124844782263084e-15
6.425396728515625000e+02 1.956313647725636470e-15
6.440211181640625000e+02 1.977988585571163575e-15
6.455056762695312500e+02 2.055660871559672476e-15
6.469935913085937500e+02 2.053534818862064182e-15
6.484849853515625000e+02 1.933729420011231874e-15
6.499801025390625000e+02 1.984011413342615278e-15
6.514783935546875000e+02 1.862538841893349693e-15
6.529801025390625000e+02 1.582946712652742813e-15
6.544855957031250000e+02 1.788479363183117198e-15
6.559942626953125000e+02 2.044252820067814745e-15
6.575063476562500000e+02 1.883573846347226174e-15
6.590223388671875000e+02 1.929581711426764379e-15
6.605413818359375000e+02 2.000609659218773734e-15
6.620639648437500000e+02 1.947476764745169169e-15
6.635900878906250000e+02 1.916686058321291283e-15
6.651200561523437500e+02 1.868715406144728051e-15
6.666531982421875000e+02 1.882304779234002419e-15
6.681898803710937500e+02 1.940957363908389632e-15
6.697305297851562500e+02 1.999013213871436191e-15
6.712742919921875000e+02 2.012867920031437968e-15
6.728216552734375000e+02 1.932389413888675571e-15
6.743729248046875000e+02 1.976999674605244180e-15
6.759273681640625000e+02 1.961356246618878134e-15
6.774854125976562500e+02 1.993338516641306006e-15
6.790470581054687500e+02 1.926898311049862755e-15
6.806126708984375000e+02 1.935953516772484853e-15
6.821815185546875000e+02 1.709823671942846054e-15
6.837540283203125000e+02 1.909352447063963551e-15
6.853305053710937500e+02 1.909537100246464988e-15
6.869102783203125000e+02 1.846014499641839175e-15
6.884935913085937500e+02 1.853665112979676829e-15
6.900810546875000000e+02 1.874672377104530732e-15
6.916717529296875000e+02 1.944670544590915671e-15
6.932660522460937500e+02 1.806724664625211640e-15
6.948644409179687500e+02 1.951068396199764216e-15
6.964661865234375000e+02 1.869541475026537808e-15
6.980715942382812500e+02 1.937551444427480091e-15
6.996807250976562500e+02 1.928913402431380736e-15
7.012938842773437500e+02 1.973708528088687596e-15
7.029104614257812500e+02 1.871924813981874595e-15
7.045306396484375000e+02 1.982996244355330999e-15
7.061550903320312500e+02 1.901628988892662027e-15
7.077828369140625000e+02 2.010464040527130264e-15
7.094143066406250000e+02 1.900351451449965728e-15
7.110499267578125000e+02 1.911882746235648960e-15
7.126889648437500000e+02 1.992379675345014138e-15
7.143317260742187500e+02 1.861192059507215356e-15
7.159783325195312500e+02 2.119640658197578797e-15
7.176290893554687500e+02 1.945816368410313926e-15
7.192833251953125000e+02 1.877899996150043244e-15
7.209412841796875000e+02 1.967333546369414918e-15
7.226035156250000000e+02 1.967362769006095191e-15
7.242691650390625000e+02 2.075155123082493384e-15
7.259386596679687500e+02 2.891482278965878082e-15
7.276124267578125000e+02 1.851283044573760923e-15
7.292896118164062500e+02 2.962397994892376242e-15
7.309706420898437500e+02 2.055991214409101653e-15
7.326560058593750000e+02 2.081466365572485176e-15
7.343448486328125000e+02 2.103612041978448859e-15
7.360375366210937500e+02 2.056995583726308439e-15
7.377341918945312500e+02 1.947643841994015079e-15
7.394351196289062500e+02 2.004731109781876346e-15
7.411395263671875000e+02 2.006049516564277664e-15
7.428479614257812500e+02 2.075616332522273351e-15
7.445606689453125000e+02 2.050180780149173966e-15
7.462769165039062500e+02 1.924858232196400773e-15
7.479971313476562500e+02 1.991986016782777702e-15
7.497217407226562500e+02 1.978948909175113138e-15
7.514498901367187500e+02 2.034282818762158003e-15
7.531820068359375000e+02 2.138240654686335979e-15
7.549181518554687500e+02 2.018131171007439377e-15
7.566587524414062500e+02 1.987703629959696773e-15
7.584028930664062500e+02 2.068585323785352217e-15
7.601510620117187500e+02 1.707298454968844172e-15
7.619036865234375000e+02 2.169795596586874056e-15
7.636599121093750000e+02 2.154656364962361133e-15
7.654202270507812500e+02 1.992030697770745366e-15
7.671849365234375000e+02 2.093900809238178305e-15
7.689534301757812500e+02 1.855105280748245954e-15
7.707258911132812500e+02 1.927273758403733224e-15
7.725028686523437500e+02 2.059271561255580744e-15
7.742835693359375000e+02 2.012133118949694863e-15
7.760683593750000000e+02 2.077180802375852044e-15
7.778572387695312500e+02 2.089008135176600653e-15
7.796506958007812500e+02 2.171998517524445678e-15
7.814478759765625000e+02 1.965729265967315273e-15
7.832491455078125000e+02 1.942915915840678388e-15
7.850549926757812500e+02 1.936786785434346271e-15
7.868646240234375000e+02 1.858947845713465087e-15
7.886783447265625000e+02 2.008400456509381975e-15
7.904967651367187500e+02 1.859875558548945360e-15
7.923189697265625000e+02 1.901649952958106571e-15
7.941452636718750000e+02 1.947227948816913218e-15
7.959758300781250000e+02 1.860830376438737770e-15
7.978110961914062500e+02 1.984268064325633331e-15
7.996500244140625000e+02 1.871741854865267667e-15
8.014932861328125000e+02 2.153668724545862619e-15
8.033412475585937500e+02 1.957896117029344317e-15
8.051929931640625000e+02 2.016882009168476098e-15
8.070490112304687500e+02 1.985081215954997459e-15
8.089097900390625000e+02 2.197398706271997196e-15
8.107744140625000000e+02 2.086179256891008103e-15
8.126432495117187500e+02 2.028727976694064301e-15
8.145169677734375000e+02 1.844793713406608915e-15
8.163944091796875000e+02 2.060090006840865212e-15
8.182763061523437500e+02 2.124660810717718222e-15
8.201624755859375000e+02 2.125681273660922840e-15
8.220534057617187500e+02 2.120816763444841394e-15
8.239483642578125000e+02 2.032917401651184071e-15
8.258476562500000000e+02 2.058498643691211195e-15
8.277516479492187500e+02 2.096337934785665741e-15
8.296597900390625000e+02 2.360704964436731793e-15
8.315721435546875000e+02 2.162048209734812598e-15
8.334894409179687500e+02 2.018932464175541945e-15
8.354107666015625000e+02 2.206651905946039986e-15
8.373364257812500000e+02 2.205270606967305036e-15
8.392664794921875000e+02 2.053431904358972784e-15
8.412015380859375000e+02 2.037440769347758848e-15
8.431405029296875000e+02 2.520915528937488735e-15
8.450841064453125000e+02 2.103266876052442731e-15
8.470325317382812500e+02 1.979745543662005808e-15
8.489849853515625000e+02 2.128069271297469527e-15
8.509420166015625000e+02 2.080003751430813813e-15
8.529039306640625000e+02 2.001878726331997489e-15
8.548699340820312500e+02 2.000443640761111891e-15
8.568404541015625000e+02 2.123983184359914782e-15
8.588160400390625000e+02 2.274399083375096622e-15
8.607955932617187500e+02 2.210937257384436305e-15
8.627797851562500000e+02 2.024857883158059403e-15
8.647685546875000000e+02 2.012114060708381641e-15
8.667623901367187500e+02 2.000152261427256412e-15
8.687603759765625000e+02 2.067466181503792473e-15
8.707628784179687500e+02 2.228143672916723349e-15
8.727706298828125000e+02 2.144842429477235995e-15
8.747823486328125000e+02 2.114790547541600674e-15
8.767988281250000000e+02 1.797269659351485513e-15
8.788203125000000000e+02 1.991028657794143529e-15
8.808460693359375000e+02 1.906266494278879321e-15
8.828764648437500000e+02 2.227636935456028464e-15
8.849116210937500000e+02 2.010814500409056731e-15
8.869518432617187500e+02 2.016267698523479916e-15
8.889963989257812500e+02 2.216839382960904270e-15
8.910455932617187500e+02 2.085939334808698323e-15
8.930999755859375000e+02 1.954999052591497796e-15
8.951585693359375000e+02 1.767703127294626905e-15
8.972220458984375000e+02 1.454729853119201676e-15
8.992907104492187500e+02 1.496496835990074412e-15
9.013635864257812500e+02 1.925941587335939023e-15
9.034412841796875000e+02 1.934444739335188131e-15
9.055238037109375000e+02 2.037860262414886540e-15
9.076116333007812500e+02 2.061056047917208742e-15
9.097037353515625000e+02 2.145989735604291945e-15
9.118006591796875000e+02 2.104397029762316781e-15
9.139029541015625000e+02 1.892976335578222535e-15
9.160095825195312500e+02 2.184906664365890774e-15
9.181209716796875000e+02 1.926969250059195303e-15
2.500000000000000000e+03 0.000000000000000000e+00
