300 4.95835
300.1 4.93414
300.2 5.07797
300.3 5.3201
300.4 5.49461
300.5 5.7034
300.6 5.86126
300.7 6.11863
300.8 6.42094
300.9 6.7974
301 7.27432
301.1 7.71578
301.2 8.22245
301.3 8.56955
301.4 8.85967
301.5 9.20962
301.6 9.4255
301.7 9.53352
301.8 9.62074
301.9 9.71862
302 9.84198
302.1 10.0478
302.2 10.3809
302.3 10.7901
302.4 11.2584
302.5 11.7856
302.6 12.309
302.7 12.9082
302.8 13.7137
302.9 14.2952
303 14.9646
303.1 15.5606
303.2 16.0325
303.3 16.5807
303.4 16.9144
303.5 17.1909
303.6 17.4813
303.7 17.7052
303.8 17.6945
303.9 17.6445
304 17.7852
304.1 18.0128
304.2 18.5207
304.3 19.1101
304.4 19.7678
304.5 20.3491
304.6 20.9952
304.7 21.8893
304.8 22.5336
304.9 23.3953
305 24.5545
305.1 25.4319
305.2 26.3393
305.3 27.1042
305.4 27.3972
305.5 27.5603
305.6 27.7001
305.7 27.7328
305.8 27.6688
305.9 27.9283
306 28.385
306.1 28.8529
306.2 29.0158
306.3 29.0959
306.4 29.4012
306.5 30.0245
306.6 31.015
306.7 31.7702
306.8 32.3648
306.9 33.3094
307 34.7537
307.1 35.9975
307.2 37.1819
307.3 38.1317
307.4 39.0032
307.5 39.9708
307.6 40.4139
307.7 40.9746
307.8 41.2354
307.9 40.8738
308 40.8881
308.1 41.0783
308.2 41.2038
308.3 41.578
308.4 42.723
308.5 44.0684
308.6 44.2203
308.7 43.9046
308.8 43.81
308.9 44.0935
309 44.5653
309.1 44.8694
309.2 45.531
309.3 46.2966
309.4 47.5905
309.5 49.7471
309.6 51.3919
309.7 52.2142
309.8 52.5813
309.9 52.945
310 53.0743
310.1 52.8124
310.2 52.8351
310.3 53.0731
310.4 54.07
310.5 55.609
310.6 56.7975
310.7 57.5803
310.8 58.2834
310.9 59.1429
311 59.793
311.1 59.9776
311.2 60.2022
311.3 60.0309
311.4 59.7442
311.5 59.5943
311.6 60.497
311.7 61.5622
311.8 62.492
311.9 63.6116
312 64.498
312.1 65.2528
312.2 65.8443
312.3 66.4278
312.4 67.563
312.5 68.8149
312.6 69.3258
312.7 69.8003
312.8 70.5167
312.9 70.9066
313 71.1688
313.1 71.6448
313.2 71.5852
313.3 71.2878
313.4 70.2194
313.5 69.0825
313.6 69.2481
313.7 70.3021
313.8 71.458
313.9 72.9122
314 74.1736
314.1 75.0384
314.2 76.1852
314.3 77.0075
314.4 124.167
314.5 152.016
314.6 127.03
314.7 104.412
314.8 93.1231
314.9 161.703
315 81.9288
315.1 125.904
315.2 132.64
315.3 82.1141
315.4 81.0991
315.5 147.743
315.6 77.4151
315.7 77.3763
315.8 78.1314
315.9 79.0567
316 80.5946
316.1 81.8614
316.2 82.947
316.3 84.0364
316.4 85.4063
316.5 98.8456
316.6 87.7414
316.7 89.0836
316.8 90.3468
316.9 90.3237
317 89.752
317.1 110.031
317.2 90.4047
317.3 122.273
317.4 91.6252
317.5 90.7778
317.6 88.7161
317.7 87.6563
317.8 88.208
317.9 88.8663
318 89.2875
318.1 89.369
318.2 90.0703
318.3 91.3571
318.4 93.1883
318.5 94.9223
318.6 96.2895
318.7 97.3151
318.8 98.0567
318.9 98.9863
319 100.5
319.1 100.946
319.2 99.8337
319.3 97.9652
319.4 95.6677
319.5 93.9952
319.6 94.0878
319.7 95.2545
319.8 96.4692
319.9 96.9128
320 95.7983
320.1 95.1948
320.2 97.2312
320.3 99.694
320.4 101.708
320.5 103.503
320.6 103.953
320.7 104.879
320.8 106.156
320.9 106.446
321 136.954
321.1 191.518
321.2 123.763
321.3 214.73
321.4 105.008
321.5 189.888
321.6 106.084
321.7 193.27
321.8 106.503
321.9 115.399
322 165.044
322.1 100.652
322.2 101.099
322.3 180.579
322.4 103.025
322.5 103.739
322.6 100.856
322.7 99.154
322.8 99.6197
322.9 100.746
323 102.451
323.1 121.041
323.2 106.639
323.3 108.284
323.4 109.017
323.5 109.571
323.6 110.652
323.7 132.699
323.8 112.892
323.9 114.054
324 124.831
324.1 113.855
324.2 113.276
324.3 112.808
324.4 112.962
324.5 113.076
324.6 113.092
324.7 111.23
324.8 107.483
324.9 105.653
325 106.466
325.1 107.877
325.2 109.62
325.3 111.364
325.4 111.954
325.5 111.629
325.6 113.16
325.7 114.694
325.8 116.021
325.9 131.945
326 148.001
326.1 144.715
326.2 126.305
326.3 148.389
326.4 154.352
326.5 121.253
326.6 187.104
326.7 122.507
326.8 137.745
326.9 122.949
327 155.086
327.1 120.534
327.2 118.852
327.3 186.487
327.4 119.532
327.5 119.936
327.6 120.478
327.7 170.469
327.8 116.779
327.9 114.555
328 113.251
328.1 113.829
328.2 187.972
328.3 131.399
328.4 117.347
328.5 118.55
328.6 118.972
328.7 140.587
328.8 159.576
328.9 121.491
329 165.994
329.1 125.677
329.2 140.131
329.3 126.818
329.4 148.533
329.5 128.184
329.6 192.678
329.7 161.673
329.8 180.313
329.9 176.319
330 127.792
330.1 205.352
330.2 126.064
330.3 192.96
330.4 169.22
330.5 121.66
330.6 120.885
330.7 187.183
330.8 120.91
330.9 121.413
331 120.394
331.1 198.659
331.2 138.1
331.3 120.524
331.4 152.733
331.5 147.54
331.6 122.07
331.7 123.214
331.8 123.91
331.9 124.51
332 152.896
332.1 125.4
332.2 125.678
332.3 125.196
332.4 125.011
332.5 153.892
332.6 126.821
332.7 143.211
332.8 125.954
332.9 146.692
333 133.613
333.1 137.783
333.2 150.114
333.3 125.386
333.4 137.032
333.5 123.955
333.6 130.97
333.7 130.215
333.8 120.118
333.9 121.451
334 122.447
334.1 123.091
334.2 124.089
334.3 124.357
334.4 125.693
334.5 126.608
334.6 127.002
334.7 127.094
334.8 126.859
334.9 126.516
335 125.222
335.1 126.047
335.2 127.773
335.3 128.597
335.4 128.992
335.5 128.809
335.6 129.074
335.7 128.656
335.8 127.691
335.9 125.351
336 122.708
336.1 121.263
336.2 120.828
336.3 122.127
336.4 123.72
336.5 124.66
336.6 125.28
336.7 124.49
336.8 123.1
336.9 144.468
337 196.281
337.1 167.739
337.2 153.289
337.3 189.597
337.4 166.424
337.5 190.238
337.6 174.956
337.7 178.083
337.8 179.073
337.9 197.404
338 126.176
338.1 139.041
338.2 186.842
338.3 150.715
338.4 126.951
338.5 136.763
338.6 179.328
338.7 129.352
338.8 129.128
338.9 128.427
339 129.396
339.1 129.553
339.2 128.202
339.3 127.177
339.4 126.502
339.5 127.399
339.6 128.641
339.7 129.627
339.8 130.726
339.9 131.524
340 131.588
340.1 132.209
340.2 131.617
340.3 130.548
340.4 130.186
340.5 129.548
340.6 129.018
340.7 129.086
340.8 128.025
340.9 128.128
341 127.913
341.1 127.958
341.2 128.592
341.3 128.251
341.4 126.934
341.5 126.141
341.6 126.439
341.7 128.043
341.8 128.823
341.9 129.571
342 131.037
342.1 150.891
342.2 152.946
342.3 130.906
342.4 146.528
342.5 147.494
342.6 130.499
342.7 130.435
342.8 130.167
342.9 131.139
343 132.439
343.1 133.285
343.2 162.163
343.3 131.399
343.4 130.184
343.5 130.395
343.6 155.312
343.7 182.631
343.8 128.672
343.9 127.129
344 125.351
344.1 122.52
344.2 120.516
344.3 120.482
344.4 120.711
344.5 121.567
344.6 123.637
344.7 124.49
344.8 125.811
344.9 127.647
345 128.473
345.1 144.025
345.2 157.84
345.3 165.052
345.4 190.584
345.5 150.566
345.6 180.807
345.7 135.948
345.8 182.641
345.9 149.469
346 127.463
346.1 171.1
346.2 144.763
346.3 127.542
346.4 129.34
346.5 147.034
346.6 129.826
346.7 128.609
346.8 129.744
346.9 131.229
347 131.524
347.1 132.286
347.2 131.643
347.3 129.825
347.4 128.722
347.5 126.997
347.6 125.711
347.7 125.337
347.8 126.144
347.9 155.248
348 184.251
348.1 193.511
348.2 229.279
348.3 205.315
348.4 198.42
348.5 150.747
348.6 253.238
348.7 130.298
348.8 168.384
348.9 241.554
349 150.602
349.1 127.914
349.2 186.262
349.3 128.009
349.4 145.408
349.5 129.347
349.6 189.491
349.7 129.207
349.8 148.489
349.9 131.044
350 134.084
350.1 150.616
350.2 135.455
350.3 147.844
350.4 152.132
350.5 137.148
350.6 151.356
350.7 147.377
350.8 132.686
350.9 133.236
351 143.567
351.1 142.909
351.2 130.691
351.3 146.746
351.4 133.47
351.5 128.012
351.6 128.8
351.7 131.327
351.8 163.187
351.9 134.412
352 133.689
352.1 131.844
352.2 143.32
352.3 129.244
352.4 128.263
352.5 126.355
352.6 126.268
352.7 126.342
352.8 128.39
352.9 131.422
353 133.547
353.1 134.25
353.2 134.883
353.3 134.107
353.4 134.133
353.5 136.256
353.6 136.452
353.7 135.998
353.8 136.114
353.9 136.684
354 138.469
354.1 138.343
354.2 149.881
354.3 162.874
354.4 158.808
354.5 169.947
354.6 181.361
354.7 173.639
354.8 181.814
354.9 167.871
355 169.616
355.1 159.467
355.2 164.411
355.3 135.504
355.4 163.614
355.5 175.97
355.6 172.407
355.7 207.746
355.8 156.157
355.9 209.311
356 146.673
356.1 135.399
356.2 228.002
356.3 144.995
356.4 146.149
356.5 254.033
356.6 147.41
356.7 126.456
356.8 141.749
356.9 187.94
357 126.908
357.1 125.436
357.2 127.643
357.3 127.831
357.4 129.17
357.5 129.396
357.6 129.788
357.7 130.268
357.8 130.547
357.9 142.013
358 127.146
358.1 125.715
358.2 122.867
358.3 122.826
358.4 137.594
358.5 124.691
358.6 123.16
358.7 123.305
358.8 124.209
358.9 126.244
359 127.87
359.1 129.925
359.2 133.04
359.3 134.382
359.4 133.61
359.5 134.264
359.6 135.946
359.7 137.342
359.8 138.031
359.9 137.762
360 137.886
360.1 138.502
360.2 138.222
360.3 135.394
360.4 133.548
360.5 132.936
360.6 131.835
360.7 131.701
360.8 131.965
360.9 129.77
361 127.921
361.1 128.858
361.2 130.4
361.3 131.898
361.4 131.156
361.5 131.527
361.6 152.216
361.7 182.262
361.8 180.981
361.9 168.56
362 159.472
362.1 147.387
362.2 168.806
362.3 146.828
362.4 162.906
362.5 155.338
362.6 137.849
362.7 152.285
362.8 139.967
362.9 164.375
363 155.372
363.1 171.632
363.2 132.023
363.3 174.096
363.4 146.374
363.5 156.546
363.6 154.176
363.7 190.574
363.8 148.084
363.9 161.049
364 166.166
364.1 150.033
364.2 165.325
364.3 171.634
364.4 171.587
364.5 136.16
364.6 134.81
364.7 156.587
364.8 134.335
364.9 132.753
365 151.283
365.1 142.824
365.2 137.489
365.3 139.057
365.4 141.465
365.5 141.705
365.6 142.072
365.7 142.474
365.8 143.763
365.9 144.011
366 145.145
366.1 144.747
366.2 144.692
366.3 144.397
366.4 143.327
366.5 142.479
366.6 151.459
366.7 143.448
366.8 142.499
366.9 148.892
367 141.494
367.1 155.182
367.2 142.362
367.3 144.105
367.4 151.04
367.5 142.829
367.6 143.044
367.7 157.271
367.8 140.95
367.9 139.112
368 139.344
368.1 137.763
368.2 138.432
368.3 139.702
368.4 140.132
368.5 141.058
368.6 140.07
368.7 139.06
368.8 138.366
368.9 138.241
369 140.364
369.1 142.178
369.2 144.593
369.3 145.741
369.4 144.396
369.5 142.646
369.6 143.312
369.7 143.562
369.8 143.553
369.9 172.762
370 179.511
370.1 186.192
370.2 174.201
370.3 161.938
370.4 165.462
370.5 170.487
370.6 152.934
370.7 140.401
370.8 150.77
370.9 146.008
371 160.572
371.1 152.191
371.2 154.671
371.3 141.054
371.4 142.852
371.5 144.455
371.6 161.076
371.7 142.576
371.8 152.557
371.9 140.03
372 135.288
372.1 138.889
372.2 129.889
372.3 147.006
372.4 132.459
372.5 136.061
372.6 137.639
372.7 139.116
372.8 136.537
372.9 148.245
373 136.718
373.1 135.901
373.2 147.376
373.3 145.746
373.4 144.296
373.5 167.175
373.6 162.239
373.7 141.169
373.8 148.688
373.9 156.708
374 219.322
374.1 191.83
374.2 161.723
374.3 154.843
374.4 129.416
374.5 206.777
374.6 125.932
374.7 123.308
374.8 194.973
374.9 124.084
375 121.841
375.1 133.498
375.2 142.438
375.3 131.228
375.4 133.162
375.5 145.935
375.6 173.229
375.7 137.692
375.8 135.118
375.9 140.364
376 150.408
376.1 138.628
376.2 131.866
376.3 131.72
376.4 131.485
376.5 153.41
376.6 137.539
376.7 144.026
376.8 129.803
376.9 130.271
377 132.643
377.1 141.987
377.2 133.859
377.3 139.806
377.4 152.574
377.5 144.955
377.6 200.137
377.7 146.535
377.8 139.1
377.9 171.366
378 139.246
378.1 141.032
378.2 161.834
378.3 152.835
378.4 140.724
378.5 140.576
378.6 187.587
378.7 142.353
378.8 132.481
378.9 131.258
379 129.888
379.1 142.68
379.2 140.126
379.3 150.577
379.4 139.025
379.5 126.436
379.6 163.242
379.7 125.476
379.8 139.462
379.9 133.35
380 126.424
380.1 131.441
380.2 138.648
380.3 139.52
380.4 132.61
380.5 134.013
380.6 133.565
380.7 132.773
380.8 130.466
380.9 130.908
381 132.878
381.1 141.982
381.2 133.018
381.3 131.421
381.4 139.594
381.5 156.794
381.6 157.134
381.7 162.9
381.8 158.644
381.9 133.748
382 137.839
382.1 129.44
382.2 165.807
382.3 144.246
382.4 138.496
382.5 136.803
382.6 124.961
382.7 130.192
382.8 132.595
382.9 116.874
383 138.618
383.1 148.488
383.2 192.065
383.3 143.267
383.4 176.497
383.5 118.141
383.6 163.382
383.7 109.888
383.8 110.13
383.9 209.091
384 121.625
384.1 109.898
384.2 125.382
384.3 154.075
384.4 118.848
384.5 120.034
384.6 140.627
384.7 181.208
384.8 131.498
384.9 159.107
385 126.902
385.1 147.914
385.2 147.112
385.3 121.527
385.4 120.572
385.5 124.723
385.6 133.124
385.7 131.457
385.8 115.531
385.9 115.014
386 111.584
386.1 110.096
386.2 112.064
386.3 116.151
386.4 119.687
386.5 120.029
386.6 140.78
386.7 118.275
386.8 118.615
386.9 117.718
387 116.855
387.1 114.78
387.2 112.47
387.3 111.874
387.4 113.046
387.5 116.713
387.6 119.793
387.7 131.626
387.8 117.894
387.9 114.463
388 113.636
388.1 115.683
388.2 115.171
388.3 113.712
388.4 127.325
388.5 117.364
388.6 116.795
388.7 113.703
388.8 113.519
388.9 115.32
389 174.17
389.1 127.035
389.2 120.982
389.3 123.745
389.4 124.481
389.5 124.899
389.6 125.035
389.7 125.005
389.8 127.918
389.9 126.93
390 126.534
390.1 125.745
390.2 127.436
390.3 127.525
390.4 124.284
390.5 124.482
390.6 193.196
390.7 135.591
390.8 182.219
390.9 173.28
391 161.593
391.1 180.845
391.2 152.769
391.3 153.381
391.4 161.652
391.5 167.879
391.6 159.208
391.7 151.92
391.8 143.771
391.9 147.77
392 145.482
392.1 139.45
392.2 126.818
392.3 127.065
392.4 137.071
392.5 142.142
392.6 138.052
392.7 127.78
392.8 117.731
392.9 132.584
393 110.189
393.1 108.584
393.2 119.049
393.3 97.6534
393.4 109.956
393.5 94.9422
393.6 96.1684
393.7 98.4235
393.8 101.373
393.9 109.567
394 108.493
394.1 128.775
394.2 133.134
394.3 135.109
394.4 163.801
394.5 147.101
394.6 137.196
394.7 155.13
394.8 126.614
394.9 147.263
395 163.612
395.1 131.305
395.2 141.123
395.3 202.868
395.4 130.847
395.5 149.84
395.6 133.115
395.7 165.576
395.8 137.542
395.9 130.727
396 130.19
396.1 138.289
396.2 133.859
396.3 124.368
396.4 114.413
396.5 112.193
396.6 109.357
396.7 105.556
396.8 102.619
396.9 100.455
397 100.257
397.1 102.529
397.2 105.715
397.3 109.021
397.4 112.787
397.5 148.567
397.6 126.065
397.7 124.779
397.8 128.334
397.9 187.38
398 135.85
398.1 139.016
398.2 177.242
398.3 153.292
398.4 140.72
398.5 154.176
398.6 162.855
398.7 142.687
398.8 143.122
398.9 162.218
399 168.396
399.1 151.22
399.2 147.814
399.3 148.479
399.4 159.991
399.5 171.248
399.6 147.817
399.7 147.55
399.8 146.127
399.9 146.253
400 162.73
400.1 175.683
400.2 149.647
400.3 150.451
400.4 151.13
400.5 149.162
400.6 144.295
400.7 143.876
400.8 145.933
400.9 200.313
401 163.751
401.1 200.007
401.2 174.533
401.3 177.369
401.4 173.266
401.5 191.893
401.6 151.879
401.7 178.672
401.8 172.127
401.9 156.539
402 166.51
402.1 169.304
402.2 174.229
402.3 159.878
402.4 153.248
402.5 171.581
402.6 165.083
402.7 162.289
402.8 161.854
402.9 153.49
403 174.557
403.1 157.391
403.2 146.294
403.3 152.657
403.4 154.07
403.5 146.877
403.6 148.146
403.7 150.811
403.8 153.233
403.9 154.518
404 154.179
404.1 152.885
404.2 151.563
404.3 152.888
404.4 159.732
404.5 168.767
404.6 166.078
404.7 151.875
404.8 166.273
404.9 193.168
405 151.01
405.1 152.692
405.2 251.457
405.3 151.462
405.4 150.641
405.5 150.304
405.6 195.673
405.7 149.434
405.8 148.17
405.9 154.555
406 184.419
406.1 165.204
406.2 154.801
406.3 179.891
406.4 164.793
406.5 149.312
406.6 177.938
406.7 190.403
406.8 148.083
406.9 172.839
407 180.15
407.1 151.861
407.2 145.481
407.3 143.56
407.4 149.63
407.5 151.287
407.6 149.934
407.7 173.934
407.8 144.215
407.9 144.277
408 155.658
408.1 183.085
408.2 212.903
408.3 170.343
408.4 175.81
408.5 151.092
408.6 161.843
408.7 181.084
408.8 178.198
408.9 159.564
409 173.472
409.1 161.063
409.2 166.351
409.3 181.294
409.4 170.097
409.5 169.173
409.6 166.828
409.7 162.879
409.8 179.007
409.9 163.113
410 165.88
410.1 152.692
410.2 153.222
410.3 148.445
410.4 140.529
410.5 167.397
410.6 153.693
410.7 156.993
410.8 192.303
410.9 175.664
411 171.386
411.1 174.08
411.2 158.136
411.3 159.935
411.4 159.839
411.5 168.711
411.6 182.267
411.7 165.095
411.8 161.89
411.9 163.543
412 163.706
412.1 161.505
412.2 181.863
412.3 168.306
412.4 175.451
412.5 159.822
412.6 179.885
412.7 159.91
412.8 168.458
412.9 183.681
413 161.059
413.1 155.792
413.2 173.719
413.3 154.972
413.4 160.99
413.5 153.866
413.6 170.269
413.7 181.953
413.8 174.347
413.9 177.746
414 185.941
414.1 170.982
414.2 162.234
414.3 154.013
414.4 154.471
414.5 154.563
414.6 156.04
414.7 180.497
414.8 164.512
414.9 161.685
415 163.121
415.1 160.849
415.2 164.249
415.3 158.036
415.4 159.729
415.5 160.649
415.6 158.279
415.7 195.051
415.8 189.335
415.9 185.582
416 193.88
416.1 163.52
416.2 200.647
416.3 186.407
416.4 164.508
416.5 217.321
416.6 228.657
416.7 181.056
416.8 183.646
416.9 196.872
417 214.732
417.1 177.712
417.2 161.674
417.3 172.836
417.4 214.261
417.5 152.154
417.6 166.858
417.7 181.535
417.8 162.799
417.9 216.336
418 172.29
418.1 158.447
418.2 160.633
418.3 161.947
418.4 177.195
418.5 171.498
418.6 156.754
418.7 195.545
418.8 168.316
418.9 154.592
419 182.453
419.1 165.434
419.2 164.497
419.3 163.023
419.4 162.444
419.5 158
419.6 182.232
419.7 155.996
419.8 152.506
419.9 154.228
420 156.286
420.1 153.774
420.2 181.047
420.3 156.225
420.4 155.123
420.5 164.091
420.6 165.895
420.7 164.872
420.8 183.057
420.9 196.104
421 164.82
421.1 166.714
421.2 165.237
421.3 161.75
421.4 159.754
421.5 157.001
421.6 155.269
421.7 181.056
421.8 157.049
421.9 156.957
422 163.948
422.1 165.151
422.2 166.733
422.3 165.646
422.4 164.244
422.5 157.253
422.6 146.092
422.7 173.71
422.8 142.833
422.9 143.428
423 150.46
423.1 162.081
423.2 163.367
423.3 163.196
423.4 167.267
423.5 160.147
423.6 155.433
423.7 182.264
423.8 155.964
423.9 149.823
424 154.309
424.1 159.942
424.2 158.162
424.3 160.43
424.4 164.453
424.5 166.237
424.6 162.391
424.7 163.38
424.8 191.216
424.9 175.863
425 166.805
425.1 163.774
425.2 177.723
425.3 168.999
425.4 158.151
425.5 180.376
425.6 161.912
425.7 160.459
425.8 158.42
425.9 155.832
426 153.697
426.1 149.21
426.2 149.274
426.3 151.804
426.4 155.448
426.5 163.881
426.6 166.839
426.7 162.736
426.8 163.638
426.9 162.81
427 157.775
427.1 149.869
427.2 152.658
427.3 159.379
427.4 146.146
427.5 147.401
427.6 155.572
427.7 157.002
427.8 161.447
427.9 160.961
428 159.923
428.1 172.295
428.2 157.03
428.3 156.635
428.4 156.758
428.5 170.653
428.6 172.931
428.7 158.954
428.8 159.86
428.9 149.093
429 147.528
429.1 148.249
429.2 147.881
429.3 160.989
429.4 150.816
429.5 155.604
429.6 155.525
429.7 154.087
429.8 148.843
429.9 159.494
430 156.058
430.1 138.603
430.2 135.521
430.3 135.847
430.4 138.127
430.5 162.36
430.6 140.077
430.7 136.567
430.8 134.244
430.9 132.021
431 130.502
431.1 136.231
431.2 131.988
431.3 154.597
431.4 141.784
431.5 179.296
431.6 166.342
431.7 180.226
431.8 189.174
431.9 202.305
432 185.876
432.1 180.41
432.2 173.32
432.3 193.11
432.4 157.861
432.5 150.278
432.6 145.941
432.7 152.864
432.8 154.309
432.9 159.635
433 167.567
433.1 173.851
433.2 173.702
433.3 172.66
433.4 171.372
433.5 174.771
433.6 170.113
433.7 165.127
433.8 160.83
433.9 152.885
434 144.584
434.1 141.942
434.2 178.563
434.3 145.046
434.4 151.654
434.5 159.349
434.6 163.404
434.7 162.162
434.8 165.087
434.9 167.404
435 163.339
435.1 157.629
435.2 156.591
435.3 158.965
435.4 157.328
435.5 157.807
435.6 166.89
435.7 173.673
435.8 172.125
435.9 171.645
436 173.619
436.1 175.888
436.2 171.148
436.3 172.831
436.4 178.075
436.5 178.893
436.6 174.669
436.7 171.722
436.8 174.659
436.9 202.013
437 166.696
437.1 165.825
437.2 167.858
437.3 164.535
437.4 162.881
437.5 160.061
437.6 160.674
437.7 160.795
437.8 161.972
437.9 165.067
438 169.75
438.1 172.236
438.2 165.276
438.3 157.261
438.4 163.809
438.5 151.743
438.6 157.414
438.7 152.918
438.8 164.289
438.9 169.646
439 168.842
439.1 167.399
439.2 178.305
439.3 168.516
439.4 168.577
439.5 169.479
439.6 169.338
439.7 169.132
439.8 170.421
439.9 168.273
440 167.509
440.1 173.255
440.2 174.049
440.3 189.578
440.4 180.539
440.5 175.629
440.6 180.07
440.7 199.793
440.8 196.901
440.9 182.869
441 217.208
441.1 184.982
441.2 177.707
441.3 233.175
441.4 201.124
441.5 171.331
441.6 169.304
441.7 226.067
441.8 171.77
441.9 178.05
442 184.59
442.1 184.654
442.2 214.72
442.3 180.908
442.4 187.06
442.5 177.128
442.6 175.971
442.7 194.218
442.8 179.184
442.9 175.083
443 174.64
443.1 175.441
443.2 176.814
443.3 174.556
443.4 184.015
443.5 175.394
443.6 173.489
443.7 188.033
443.8 178.784
443.9 180.833
444 183.981
444.1 183.16
444.2 178.77
444.3 175.45
444.4 176.334
444.5 178.86
444.6 178.584
444.7 202.018
444.8 203.51
444.9 183.932
445 180.511
445.1 180.859
445.2 181.883
445.3 179.378
445.4 173.45
445.5 173.007
445.6 171.459
445.7 178.183
445.8 166.788
445.9 185.84
446 171.601
446.1 168.024
446.2 170.39
446.3 174.171
446.4 197.539
446.5 175.947
446.6 179.466
446.7 182.169
446.8 178.661
446.9 194.793
447 176.81
447.1 180.94
447.2 179.069
447.3 182.208
447.4 186.136
447.5 185.352
447.6 203.224
447.7 187.584
447.8 187.928
447.9 183.482
448 182.557
448.1 181.025
448.2 178.283
448.3 175.731
448.4 178.651
448.5 181.002
448.6 198.521
448.7 187.572
448.8 185.576
448.9 182.882
449 182.026
449.1 181.724
449.2 183.211
449.3 182.864
449.4 183.779
449.5 183.789
449.6 182.464
449.7 181.411
449.8 180.399
449.9 184.531
450 184.925
450.1 185.04
450.2 185.364
450.3 188.087
450.4 187.329
450.5 188.486
450.6 191.49
450.7 192.678
450.8 191.885
450.9 208.701
451 191.133
451.1 190.915
451.2 190.118
451.3 190.448
451.4 188.66
451.5 189.719
451.6 189.989
451.7 187.273
451.8 186.048
451.9 186.2
452 187.936
452.1 185.876
452.2 184.944
452.3 189.182
452.4 187.259
452.5 186.436
452.6 181.256
452.7 181.588
452.8 176.545
452.9 177.46
453 178.915
453.1 176.199
453.2 197.046
453.3 178.971
453.4 177.571
453.5 174.142
453.6 190.58
453.7 195.932
453.8 206.179
453.9 186.917
454 198.113
454.1 212.875
454.2 189.371
454.3 210.066
454.4 185.022
454.5 200.95
454.6 195.608
454.7 185.114
454.8 180.915
454.9 180.664
455 184.542
455.1 185.349
455.2 187.249
455.3 185.887
455.4 223.861
455.5 205.301
455.6 183.519
455.7 183.885
455.8 183.558
455.9 184.696
456 188.412
456.1 192.507
456.2 191.594
456.3 191.883
456.4 191.18
456.5 189.799
456.6 198.688
456.7 188.14
456.8 189.254
456.9 201.424
457 192.915
457.1 190.399
457.2 190.144
457.3 191.371
457.4 190.97
457.5 191.367
457.6 195.142
457.7 195.833
457.8 208.298
457.9 191.546
458 188.436
458.1 203.588
458.2 196.445
458.3 181.602
458.4 208.71
458.5 205.487
458.6 186.879
458.7 214.143
458.8 203.338
458.9 190.733
459 191.694
459.1 210.332
459.2 190.929
459.3 191.418
459.4 190.068
459.5 187.593
459.6 188.563
459.7 190.812
459.8 189.89
459.9 189.55
460 188.666
460.1 189.152
460.2 187.035
460.3 188.57
460.4 186.215
460.5 188.552
460.6 190.123
460.7 191.184
460.8 193.869
460.9 196.486
461 197.036
461.1 196.202
461.2 196.964
461.3 193.719
461.4 193.453
461.5 193.999
461.6 196.129
461.7 193.871
461.8 192.937
461.9 192.159
462 191.334
462.1 192.441
462.2 193.211
462.3 197.705
462.4 198.632
462.5 198.377
462.6 196.725
462.7 197.55
462.8 196.296
462.9 193.485
463 194.198
463.1 195.629
463.2 193.474
463.3 193.042
463.4 196.749
463.5 194.764
463.6 192.846
463.7 190.425
463.8 189.724
463.9 186.689
464 189.631
464.1 192.562
464.2 196.228
464.3 196.96
464.4 198.99
464.5 197.272
464.6 194.559
464.7 192.148
464.8 189.447
464.9 188.817
465 187.35
465.1 187.263
465.2 188.83
465.3 190.205
465.4 190.082
465.5 190.581
465.6 190.024
465.7 189.783
465.8 190.463
465.9 195.408
466 196.335
466.1 214.759
466.2 207.415
466.3 207.423
466.4 204.482
466.5 191.406
466.6 190.273
466.7 186.695
466.8 185.884
466.9 201.826
467 193.472
467.1 200.62
467.2 190.131
467.3 208.005
467.4 216.719
467.5 194.699
467.6 221.394
467.7 230.095
467.8 196.047
467.9 193.784
468 198.374
468.1 191.806
468.2 202.416
468.3 225.847
468.4 191.623
468.5 192.954
468.6 192.321
468.7 192.062
468.8 193.289
468.9 193.844
469 193.511
469.1 192.49
469.2 194.52
469.3 195.476
469.4 196.703
469.5 197.309
469.6 198.757
469.7 197.697
469.8 194.903
469.9 193.826
470 192.217
470.1 191.315
470.2 188.468
470.3 190.091
470.4 189.69
470.5 189.692
470.6 189.109
470.7 189.174
470.8 189.866
470.9 188.214
471 190.724
471.1 191.547
471.2 208.957
471.3 195.687
471.4 196.926
471.5 196.858
471.6 196.397
471.7 196.458
471.8 196.565
471.9 200.389
472 200.754
472.1 214.97
472.2 198.956
472.3 199.584
472.4 200.117
472.5 200.551
472.6 200.02
472.7 199.808
472.8 198.604
472.9 197.454
473 195.419
473.1 193.796
473.2 196.437
473.3 196.599
473.4 198.708
473.5 197.975
473.6 197.507
473.7 198.114
473.8 198.427
473.9 198.001
474 197.822
474.1 199.313
474.2 201.356
474.3 201.854
474.4 202.193
474.5 199.8
474.6 201.014
474.7 200.671
474.8 201.29
474.9 199.892
475 202.737
475.1 203.202
475.2 203.616
475.3 201.522
475.4 202.015
475.5 200.886
475.6 199.633
475.7 199.368
475.8 198.913
475.9 200.76
476 200.665
476.1 201.463
476.2 200.06
476.3 198.855
476.4 198.654
476.5 195.28
476.6 194.077
476.7 195.382
476.8 195.417
476.9 197.049
477 198.523
477.1 201.064
477.2 200.428
477.3 202.949
477.4 203.554
477.5 203.726
477.6 203.412
477.7 205.519
477.8 206.707
477.9 205.187
478 205.363
478.1 206.791
478.2 205.999
478.3 204.862
478.4 206.522
478.5 205.773
478.6 203.141
478.7 203.044
478.8 202.306
478.9 199.303
479 199.35
479.1 201.967
479.2 200.935
479.3 201.982
479.4 205.389
479.5 206.724
479.6 207.525
479.7 209.516
479.8 208.181
479.9 207.073
480 204.889
480.1 205.067
480.2 203.383
480.3 205.308
480.4 205.728
480.5 207.382
480.6 206.588
480.7 206.041
480.8 205.645
480.9 205.482
481 205.467
481.1 204.654
481.2 205.039
481.3 212.059
481.4 218.609
481.5 206.223
481.6 207.196
481.7 206.188
481.8 207.463
481.9 209.201
482 223.256
482.1 206.924
482.2 230.569
482.3 232.762
482.4 204.577
482.5 212.498
482.6 224.348
482.7 205.615
482.8 207.153
482.9 226.262
483 228.288
483.1 204.854
483.2 203.27
483.3 203.849
483.4 205.309
483.5 204.524
483.6 205.846
483.7 206.909
483.8 205.312
483.9 202.855
484 201.481
484.1 201.862
484.2 199.577
484.3 199.75
484.4 230.834
484.5 205.299
484.6 206.775
484.7 205.324
484.8 205.72
484.9 231.636
485 204.106
485.1 201.858
485.2 203.011
485.3 204.022
485.4 201.18
485.5 197.095
485.6 196.965
485.7 195.854
485.8 192.799
485.9 187.569
486 182.043
486.1 174.01
486.2 170.504
486.3 200.72
486.4 171.235
486.5 176.934
486.6 186.606
486.7 190.74
486.8 193.928
486.9 196.221
487 194.277
487.1 191.01
487.2 191.078
487.3 191.473
487.4 191.555
487.5 190.862
487.6 196.29
487.7 197.458
487.8 198.246
487.9 200.374
488 202.813
488.1 202.217
488.2 203.377
488.3 206.019
488.4 229.308
488.5 202.122
488.6 201.755
488.7 202.217
488.8 199.225
488.9 198.752
489 194.15
489.1 192.391
489.2 192.815
489.3 192.75
489.4 194.794
489.5 198.176
489.6 205.617
489.7 207.685
489.8 210.803
489.9 210.227
490 210.088
490.1 210.685
490.2 207.94
490.3 206.005
490.4 205.846
490.5 208.459
490.6 243.5
490.7 207.813
490.8 209.657
490.9 206.895
491 203.58
491.1 199.288
491.2 208.423
491.3 199.344
491.4 201.549
491.5 206.585
491.6 208.806
491.7 207.294
491.8 202.29
491.9 198.022
492 210.021
492.1 190.696
492.2 191.949
492.3 194.329
492.4 194.358
492.5 199.881
492.6 201.23
492.7 201.732
492.8 202.532
492.9 204.466
493 207.588
493.1 208.508
493.2 208.213
493.3 233.258
493.4 205.601
493.5 205.49
493.6 203.45
493.7 201.958
493.8 212.065
493.9 256.669
494 202.626
494.1 204.494
494.2 205.069
494.3 208.634
494.4 212.872
494.5 210.983
494.6 209.314
494.7 210.741
494.8 210.385
494.9 219.278
495 208.412
495.1 210.901
495.2 209.473
495.3 208.565
495.4 209.265
495.5 256.474
495.6 205.512
495.7 199.018
495.8 201.041
495.9 201.967
496 202.881
496.1 202.47
496.2 211.491
496.3 215.453
496.4 213.836
496.5 218.517
496.6 208.803
496.7 206.837
496.8 221.349
496.9 203.006
497 204.607
497.1 206.582
497.2 207.467
497.3 211.322
497.4 212.799
497.5 214.528
497.6 214.114
497.7 221.312
497.8 211.026
497.9 217.159
498 205.908
498.1 203.303
498.2 198.403
498.3 196.427
498.4 194.451
498.5 193.953
498.6 194.388
498.7 198.976
498.8 203.449
498.9 207.308
499 208.764
499.1 209.275
499.2 208.318
499.3 205.873
499.4 214.968
499.5 207.552
499.6 210.696
499.7 219.635
499.8 209.703
499.9 206.979
500 202.977
500.1 198.518
500.2 194.724
500.3 194.432
500.4 196.475
500.5 194.704
500.6 200.602
500.7 193.525
500.8 195.14
500.9 196.007
501 198.988
501.1 200.079
501.2 199.965
501.3 196.508
501.4 192.92
501.5 192.567
501.6 193.384
501.7 194.335
501.8 193.486
501.9 195.307
502 195.535
502.1 193.063
502.2 192.502
502.3 196.081
502.4 196.23
502.5 196.04
502.6 196.558
502.7 196.875
502.8 197.73
502.9 197.813
503 197.765
503.1 198.149
503.2 202.613
503.3 203.408
503.4 203.972
503.5 201.457
503.6 201.294
503.7 201.044
503.8 199.126
503.9 195.911
504 194.003
504.1 189.416
504.2 189.117
504.3 190.604
504.4 192.159
504.5 197.317
504.6 207.096
504.7 208.07
504.8 204.44
504.9 202.252
505 199.468
505.1 193.983
505.2 193.315
505.3 197.047
505.4 199.755
505.5 202.089
505.6 206.624
505.7 207.745
505.8 207.344
505.9 206.892
506 207.22
506.1 207.925
506.2 209.22
506.3 209.226
506.4 205.327
506.5 204.473
506.6 203.179
506.7 201.007
506.8 197.76
506.9 198.944
507 202.268
507.1 201.538
507.2 200.489
507.3 203.146
507.4 202.613
507.5 201.33
507.6 200.807
507.7 204.01
507.8 201.063
507.9 197.934
508 203.723
508.1 195.994
508.2 192.885
508.3 190.493
508.4 194.671
508.5 198.172
508.6 199.221
508.7 200.051
508.8 202.476
508.9 204.536
509 203.465
509.1 204.508
509.2 213.517
509.3 207.376
509.4 207.38
509.5 208.738
509.6 207.307
509.7 205.626
509.8 200.616
509.9 198.418
510 196.948
510.1 197.054
510.2 197.712
510.3 200.656
510.4 203.338
510.5 204.221
510.6 203.646
510.7 200.858
510.8 201.84
510.9 199.902
511 198.49
511.1 199.378
511.2 203.27
511.3 203.919
511.4 205.221
511.5 207.883
511.6 208.762
511.7 209.104
511.8 210.428
511.9 210.233
512 210.76
512.1 209.826
512.2 208.581
512.3 205.257
512.4 202.28
512.5 198.781
512.6 196.833
512.7 195.38
512.8 196.271
512.9 196.117
513 199.138
513.1 200.641
513.2 202.172
513.3 200.384
513.4 203.577
513.5 205.265
513.6 204.423
513.7 203.901
513.8 203.245
513.9 200.374
514 200.875
514.1 199.033
514.2 196.232
514.3 197.085
514.4 202.892
514.5 200.305
514.6 197.811
514.7 200.231
514.8 202.394
514.9 201.787
515 200.704
515.1 201.13
515.2 201.669
515.3 202.272
515.4 200.632
515.5 201.131
515.6 204.022
515.7 206.433
515.8 207.521
515.9 207.537
516 209.465
516.1 208.478
516.2 206.914
516.3 206.964
516.4 205.744
516.5 201.984
516.6 193.896
516.7 187.663
516.8 181.002
516.9 179.95
517 181.637
517.1 176.738
517.2 174.363
517.3 175.431
517.4 181.007
517.5 181.085
517.6 185.141
517.7 197.831
517.8 208.323
517.9 210.483
518 209.587
518.1 208.103
518.2 199.718
518.3 186.064
518.4 181.019
518.5 180.727
518.6 181.636
518.7 184.784
518.8 194.517
518.9 297.879
519 208.398
519.1 253.219
519.2 201.271
519.3 204.459
519.4 201.83
519.5 196.665
519.6 198.073
519.7 201.192
519.8 200.828
519.9 895.151
520 206.221
520.1 207.884
520.2 603.105
520.3 210.952
520.4 324.133
520.5 206.316
520.6 204.503
520.7 203.985
520.8 198.912
520.9 201.169
521 242.716
521.1 206.719
521.2 206.971
521.3 211.669
521.4 211.158
521.5 209.006
521.6 206.727
521.7 204.948
521.8 205.558
521.9 239.098
522 208.744
522.1 212.292
522.2 214.623
522.3 215.859
522.4 213.654
522.5 212.012
522.6 318.359
522.7 200.857
522.8 200.526
522.9 199.087
523 200.817
523.1 205.156
523.2 208.936
523.3 209.027
523.4 254.995
523.5 207.517
523.6 206.537
523.7 207.171
523.8 210.888
523.9 212.451
524 381.868
524.1 217.045
524.2 216.274
524.3 216.648
524.4 217.049
524.5 216.079
524.6 213.769
524.7 213.932
524.8 215.974
524.9 214.3
525 213.213
525.1 262.813
525.2 216.254
525.3 215.59
525.4 212.648
525.5 213.432
525.6 226.19
525.7 219.098
525.8 436.276
525.9 213.906
526 217.336
526.1 215.274
526.2 211.678
526.3 237.708
526.4 209.503
526.5 204.554
526.6 202.262
526.7 204.395
526.8 200.968
526.9 195.602
527 193.832
527.1 199.7
527.2 198.851
527.3 198.662
527.4 205.364
527.5 207.281
527.6 206.031
527.7 250.153
527.8 285.53
527.9 213.348
528 216.398
528.1 216.989
528.2 215.305
528.3 210.998
528.4 209.741
528.5 211.988
528.6 214.948
528.7 217.277
528.8 220.615
528.9 223.27
529 222.832
529.1 222.939
529.2 222.818
529.3 223.487
529.4 223.635
529.5 223.832
529.6 242.603
529.7 216.028
529.8 212.264
529.9 212.092
530 250.761
530.1 259.879
530.2 214.042
530.3 219.131
530.4 220.043
530.5 221.674
530.6 222.508
530.7 223.151
530.8 248.09
530.9 222.329
531 222.689
531.1 223.468
531.2 224.578
531.3 239.095
531.4 224.986
531.5 291.711
531.6 220.574
531.7 219.35
531.8 219.689
531.9 219.973
532 219.922
532.1 220.808
532.2 234.606
532.3 221.009
532.4 218.742
532.5 217.926
532.6 231.609
532.7 230.479
532.8 204.831
532.9 206.405
533 208.114
533.1 219.133
533.2 338.345
533.3 218.14
533.4 222.475
533.5 223.665
533.6 222.446
533.7 219.877
533.8 222.276
533.9 219.786
534 216.176
534.1 215.22
534.2 218.058
534.3 222.533
534.4 224.182
534.5 223.149
534.6 231.974
534.7 221.146
534.8 218.407
534.9 215.949
535 218.446
535.1 237.376
535.2 232.382
535.3 223.412
535.4 226.259
535.5 228.201
535.6 247.708
535.7 228.308
535.8 228.538
535.9 227.198
536 226.419
536.1 224.939
536.2 223.341
536.3 223.192
536.4 222.323
536.5 221.608
536.6 222.13
536.7 222.029
536.8 223.323
536.9 221.935
537 220.774
537.1 215.213
537.2 216.607
537.3 215.969
537.4 217.615
537.5 220.114
537.6 225.071
537.7 226.684
537.8 226.55
537.9 226.216
538 225.888
538.1 225.62
538.2 223.425
538.3 221.657
538.4 223.227
538.5 223.902
538.6 223.527
538.7 224.827
538.8 227.783
538.9 226.958
539 226.204
539.1 225.926
539.2 225.408
539.3 224.124
539.4 224.538
539.5 224.782
539.6 221.954
539.7 219.122
539.8 220.296
539.9 219.996
540 218.651
540.1 220.721
540.2 226.094
540.3 224.162
540.4 219.109
540.5 216.513
540.6 215.683
540.7 214.454
540.8 214.934
540.9 216.945
541 219.79
541.1 223.153
541.2 223.359
541.3 222.27
541.4 222.715
541.5 224.249
541.6 224.709
541.7 224.837
541.8 225.548
541.9 226.109
542 227.918
542.1 228.356
542.2 229.434
542.3 228.015
542.4 226.01
542.5 226.96
542.6 228.673
542.7 229.42
542.8 228.077
542.9 225.404
543 225.29
543.1 224.43
543.2 222.499
543.3 220.238
543.4 222.706
543.5 225.326
543.6 223.498
543.7 224.296
543.8 226.112
543.9 229.426
544 231.535
544.1 233.866
544.2 235.817
544.3 235.944
544.4 234.071
544.5 232.317
544.6 227.754
544.7 225.718
544.8 225.367
544.9 226.215
545 228.313
545.1 231.975
545.2 236.92
545.3 237.786
545.4 235.714
545.5 229.063
545.6 227.94
545.7 228.686
545.8 229.413
545.9 230.089
546 235.263
546.1 239.511
546.2 236.654
546.3 233.422
546.4 232.404
546.5 231.892
546.6 230.246
546.7 230.757
546.8 234.609
546.9 235.393
547 234.89
547.1 236.67
547.2 237.285
547.3 236.262
547.4 235.652
547.5 234.379
547.6 228.673
547.7 227.35
547.8 229.005
547.9 231.475
548 229.347
548.1 231.524
548.2 236.011
548.3 237.199
548.4 237.643
548.5 238.363
548.6 241.19
548.7 239.385
548.8 237.737
548.9 236.146
549 235.466
549.1 234.801
549.2 236.371
549.3 236.788
549.4 237.07
549.5 238.357
549.6 237.774
549.7 236.118
549.8 238.243
549.9 242.251
550 242.129
550.1 239.335
550.2 241.248
550.3 242.53
550.4 248.714
550.5 239.324
550.6 238.197
550.7 239.924
550.8 240.381
550.9 239.919
551 240.425
551.1 241.696
551.2 239.819
551.3 237.669
551.4 236.92
551.5 237.719
551.6 237.065
551.7 239.621
551.8 243.088
551.9 245.043
552 244.795
552.1 244.405
552.2 244.794
552.3 244.879
552.4 243.487
552.5 242.548
552.6 242.165
552.7 239.934
552.8 237.31
552.9 237.899
553 239.202
553.1 240.173
553.2 240.473
553.3 244.243
553.4 244.097
553.5 242.768
553.6 242.683
553.7 243.141
553.8 243.947
553.9 243.386
554 246.233
554.1 247.609
554.2 247.627
554.3 246.315
554.4 357.642
554.5 262.171
554.6 387.348
554.7 246.801
554.8 248.204
554.9 248.74
555 248.732
555.1 281.605
555.2 249.337
555.3 247.924
555.4 246.666
555.5 246.612
555.6 247.207
555.7 246.76
555.8 248.096
555.9 249.392
556 251.697
556.1 251.026
556.2 248.613
556.3 247.518
556.4 247.834
556.5 261.266
556.6 472.226
556.7 245.24
556.8 246.699
556.9 245.73
557 246.925
557.1 318.86
557.2 245.491
557.3 244.851
557.4 246.303
557.5 245.901
557.6 244.504
557.7 245.914
557.8 248.624
557.9 52151
558 249.747
558.1 250.082
558.2 250.27
558.3 311.849
558.4 249.088
558.5 248.126
558.6 245.173
558.7 244.767
558.8 241.692
558.9 241.119
559 241.656
559.1 450.611
559.2 245.768
559.3 247.286
559.4 246.932
559.5 247.752
559.6 248.642
559.7 249.08
559.8 247.385
559.9 337.054
560 249.875
560.1 248.406
560.2 244.965
560.3 246.021
560.4 247.93
560.5 249.48
560.6 250.923
560.7 536.112
560.8 256.392
560.9 255.865
561 255.377
561.1 255.168
561.2 256.097
561.3 256.967
561.4 255.031
561.5 250.146
561.6 248.496
561.7 248.064
561.8 247.017
561.9 317.516
562 251.778
562.1 254.309
562.2 254.837
562.3 254.469
562.4 253.145
562.5 520.715
562.6 254.651
562.7 254.671
562.8 254.197
562.9 256.947
563 259.06
563.1 259.07
563.2 258.968
563.3 258.414
563.4 257.947
563.5 257.271
563.6 256.275
563.7 255.252
563.8 254.992
563.9 255.857
564 255.141
564.1 310.351
564.2 254.993
564.3 255.613
564.4 255.833
564.5 256.343
564.6 258.444
564.7 388.17
564.8 260.111
564.9 259.651
565 258.441
565.1 257.725
565.2 257.646
565.3 257.614
565.4 256.824
565.5 256.781
565.6 258.316
565.7 257.417
565.8 252.619
565.9 251.587
566 253.088
566.1 252.61
566.2 250.298
566.3 254.196
566.4 258.204
566.5 259.492
566.6 321.364
566.7 260.106
566.8 260.784
566.9 259.401
567 259.125
567.1 314.323
567.2 261.499
567.3 262.8
567.4 263.602
567.5 263.71
567.6 263.963
567.7 264.111
567.8 263.065
567.9 262.568
568 263.546
568.1 263.017
568.2 261.156
568.3 260.601
568.4 260.72
568.5 260.291
568.6 259.749
568.7 260.084
568.8 259.623
568.9 259.016
569 259.775
569.1 259.901
569.2 260.345
569.3 263.188
569.4 263.043
569.5 263.539
569.6 264.566
569.7 264.892
569.8 300.642
569.9 264.344
570 263.36
570.1 261.453
570.2 260.481
570.3 261.912
570.4 262.177
570.5 260.907
570.6 261.654
570.7 262.232
570.8 259.965
570.9 257.342
571 256.725
571.1 255.787
571.2 255.857
571.3 257.792
571.4 260.321
571.5 261.647
571.6 264.247
571.7 265.701
571.8 265.188
571.9 265.21
572 266.279
572.1 265.128
572.2 266.419
572.3 267.984
572.4 268.136
572.5 268.862
572.6 269.554
572.7 269.681
572.8 269.462
572.9 269.973
573 269.629
573.1 268.238
573.2 268.697
573.3 268.864
573.4 269.067
573.5 268.807
573.6 269.339
573.7 270.197
573.8 270.223
573.9 268.926
574 269.305
574.1 269.271
574.2 269.372
574.3 269.676
574.4 270.344
574.5 271.472
574.6 271.614
574.7 269.553
574.8 269.99
574.9 270.173
575 270.458
575.1 269.876
575.2 268.83
575.3 267.161
575.4 265.537
575.5 264.69
575.6 264.587
575.7 265.929
575.8 268.677
575.9 270.8
576 270.773
576.1 269.682
576.2 267.273
576.3 266.013
576.4 266.593
576.5 267.555
576.6 268.99
576.7 270.6
576.8 272.391
576.9 271.433
577 271.134
577.1 270.409
577.2 269.941
577.3 269.786
577.4 269.658
577.5 269.877
577.6 270.235
577.7 270.659
577.8 270.432
577.9 270.753
578 270.3
578.1 268.961
578.2 267.681
578.3 267.045
578.4 265.354
578.5 264.244
578.6 265.751
578.7 266.635
578.8 267.473
578.9 268.89
579 269.889
579.1 269.716
579.2 269.593
579.3 269.452
579.4 269.351
579.5 269.726
579.6 271.311
579.7 271.029
579.8 271.29
579.9 272.171
580 272.146
580.1 272.16
580.2 272.862
580.3 273.605
580.4 272.859
580.5 272.05
580.6 271.303
580.7 270.578
580.8 270.002
580.9 270.478
581 271.777
581.1 272.866
581.2 273.714
581.3 273.99
581.4 274.157
581.5 273.253
581.6 271.936
581.7 272.215
581.8 272.535
581.9 273.36
582 274.181
582.1 275.671
582.2 276.179
582.3 275.561
582.4 275.406
582.5 275.502
582.6 275.52
582.7 275.644
582.8 276.262
582.9 276.817
583 275.959
583.1 275.236
583.2 275.458
583.3 275.429
583.4 275.013
583.5 275.071
583.6 276.347
583.7 276.477
583.8 276.196
583.9 276.126
584 276.298
584.1 276.703
584.2 276.76
584.3 277.258
584.4 277.557
584.5 278.071
584.6 277.917
584.7 276.698
584.8 276.303
584.9 276.543
585 276.861
585.1 276.52
585.2 276.345
585.3 276.497
585.4 276.553
585.5 275.829
585.6 273.854
585.7 271.665
585.8 271.398
585.9 270.491
586 270.37
586.1 269.22
586.2 270.456
586.3 272.221
586.4 273.918
586.5 274.784
586.6 273.565
586.7 542.73
586.8 442.891
586.9 677.04
587 405.74
587.1 397.665
587.2 275.727
587.3 276.351
587.4 392.422
587.5 276.983
587.6 277.77
587.7 317.925
587.8 277.449
587.9 278.662
588 278.511
588.1 276.373
588.2 277.696
588.3 275.718
588.4 275.343
588.5 276.234
588.6 276.742
588.7 277.443
588.8 271.24
588.9 367.607
589 1029.1
589.1 257.614
589.2 5887.73
589.3 252.728
589.4 256.644
589.5 258.151
589.6 556.789
589.7 260.06
589.8 3581.27
589.9 259.394
590 259.973
590.1 267.877
590.2 266.972
590.3 267.262
590.4 270.76
590.5 351.264
590.6 271.521
590.7 271.072
590.8 473.112
590.9 270.876
591 272.499
591.1 273.137
591.2 271.886
591.3 273.371
591.4 271.391
591.5 271.155
591.6 270.819
591.7 953.472
591.8 271.958
591.9 274.237
592 271.723
592.1 267.637
592.2 275.523
592.3 276.534
592.4 274.227
592.5 273.112
592.6 587.016
592.7 273.358
592.8 274.604
592.9 273.354
593 270.035
593.1 271.723
593.2 273.617
593.3 274.304
593.4 710.987
593.5 716.697
593.6 275.378
593.7 274.704
593.8 275.091
593.9 275.64
594 275.536
594.1 276.038
594.2 273.375
594.3 267.99
594.4 269.202
594.5 275.586
594.6 273.015
594.7 273.306
594.8 545.088
594.9 270.691
595 273.547
595.1 269.546
595.2 271.135
595.3 271.222
595.4 274.584
595.5 1270.47
595.6 273.358
595.7 271.983
595.8 273.351
595.9 273.973
596 269.201
596.1 274.141
596.2 275.157
596.3 275.496
596.4 275.099
596.5 275.603
596.6 275.808
596.7 275.84
596.8 274
596.9 274.257
597 273.601
597.1 276.989
597.2 481.977
597.3 276.695
597.4 276.73
597.5 275.393
597.6 273.522
597.7 270.616
597.8 271.117
597.9 694.482
598 273.362
598.1 275.973
598.2 276.328
598.3 276.261
598.4 275.425
598.5 274.324
598.6 273.19
598.7 271.18
598.8 272.433
598.9 272.852
599 273.179
599.1 272.982
599.2 273.557
599.3 274.15
599.4 273.639
599.5 274.312
599.6 273.604
599.7 273.541
599.8 273.58
599.9 396.723
600 273.925
600.1 274.07
600.2 275.005
600.3 274.873
600.4 274.371
600.5 392.71
600.6 386.073
600.7 272.885
600.8 272.193
600.9 271.496
601 271.825
601.1 272.133
601.2 272.23
601.3 273.002
601.4 274.025
601.5 273.569
601.6 271.616
601.7 270.69
601.8 271.871
601.9 271.619
602 270.027
602.1 270.079
602.2 270.977
602.3 269.854
602.4 269.177
602.5 270.573
602.6 271.233
602.7 271.338
602.8 271.843
602.9 271.77
603 359.851
603.1 271.535
603.2 272.641
603.3 272.932
603.4 273.784
603.5 334.529
603.6 324.101
603.7 275.425
603.8 275.457
603.9 275.526
604 275.579
604.1 275.642
604.2 275.762
604.3 275.601
604.4 275.496
604.5 275.578
604.6 275.661
604.7 275.742
604.8 275.891
604.9 276.177
605 276.318
605.1 276.437
605.2 276.448
605.3 276.241
605.4 276.094
605.5 275.151
605.6 274.28
605.7 274.27
605.8 274.42
605.9 274.618
606 275.182
606.1 276.321
606.2 276.467
606.3 276.368
606.4 275.529
606.5 273.54
606.6 272.782
606.7 272.952
606.8 273.301
606.9 336.566
607 275.735
607.1 277.474
607.2 277.64
607.3 277.744
607.4 277.751
607.5 277.701
607.6 277.615
607.7 276.94
607.8 275.127
607.9 274.017
608 273.819
608.1 273.508
608.2 272.761
608.3 273.161
608.4 273.722
608.5 273.052
608.6 272.581
608.7 272.712
608.8 273.043
608.9 273.022
609 273.111
609.1 273.132
609.2 272.874
609.3 272.432
609.4 272.69
609.5 273.404
609.6 273.442
609.7 273.536
609.8 274.106
609.9 274.686
610 274.712
610.1 320.084
610.2 270.906
610.3 269.372
610.4 269.274
610.5 268.898
610.6 309.855
610.7 269.093
610.8 271.24
610.9 271.988
611 272.028
611.1 272.27
611.2 273.254
611.3 274.377
611.4 274.787
611.5 274.202
611.6 273.543
611.7 273.758
611.8 274.302
611.9 274.125
612 273.923
612.1 273.075
612.2 271.545
612.3 271.19
612.4 270.745
612.5 270.256
612.6 270.708
612.7 271.782
612.8 271.62
612.9 271.277
613 271.845
613.1 271.433
613.2 271.833
613.3 273.53
613.4 274.827
613.5 274.692
613.6 271.081
613.7 267.258
613.8 336.156
613.9 266.202
614 265.327
614.1 442.523
614.2 280.167
614.3 271.031
614.4 270.299
614.5 315.545
614.6 441.75
614.7 271.357
614.8 270.94
614.9 270.805
615 271.719
615.1 271.673
615.2 272.232
615.3 339.042
615.4 272.705
615.5 271.411
615.6 271.686
615.7 271.728
615.8 311.873
615.9 271.608
616 317.594
616.1 267.802
616.2 264.712
616.3 263.227
616.4 262.45
616.5 262.198
616.6 263.398
616.7 266.816
616.8 267.842
616.9 265.567
617 264.01
617.1 320.991
617.2 702.699
617.3 263.671
617.4 265.753
617.5 268.268
617.6 268.335
617.7 267.638
617.8 433.315
617.9 268.57
618 268.399
618.1 269.46
618.2 270.431
618.3 270.876
618.4 271.262
618.5 272.149
618.6 358.308
618.7 271.375
618.8 270.78
618.9 270.747
619 268.696
619.1 265.765
619.2 265.61
619.3 266.304
619.4 266.199
619.5 396.336
619.6 268.739
619.7 271.227
619.8 271.129
619.9 270.056
620 269.035
620.1 268.894
620.2 268.762
620.3 268.635
620.4 691.879
620.5 270.507
620.6 271.47
620.7 271.64
620.8 271.616
620.9 271.646
621 272.139
621.1 272.421
621.2 271.585
621.3 270.186
621.4 269.108
621.5 423.324
621.6 267.75
621.7 267.828
621.8 268.134
621.9 267.855
622 267.162
622.1 266.696
622.2 266.343
622.3 509.829
622.4 510.803
622.5 268.712
622.6 269.751
622.7 270.431
622.8 269.917
622.9 268.542
623 265.803
623.1 264.099
623.2 263.323
623.3 262.774
623.4 263.368
623.5 265.402
623.6 805.282
623.7 623.647
623.8 1040.64
623.9 659.779
624 264.376
624.1 264.244
624.2 502.327
624.3 483.582
624.4 262.404
624.5 734.659
624.6 260.868
624.7 259.748
624.8 260.425
624.9 314.322
625 344.97
625.1 265.841
625.2 265.696
625.3 263.32
625.4 261.015
625.5 259.881
625.6 258.165
625.7 258.096
625.8 258.965
625.9 441.01
626 1747.92
626.1 318.537
626.2 263.701
626.3 346.544
626.4 312.962
626.5 290.442
626.6 263.244
626.7 834.714
626.8 262.825
626.9 262.156
627 410.646
627.1 263.47
627.2 263.272
627.3 263.572
627.4 263.244
627.5 264.849
627.6 265.8
627.7 265.762
627.8 265.51
627.9 235.165
628 464.814
628.1 243.988
628.2 244.535
628.3 253.612
628.4 249.217
628.5 261.536
628.6 257.713
628.7 264.89
628.8 264.637
628.9 1543.54
629 263.309
629.1 309.944
629.2 271.81
629.3 264.127
629.4 255.275
629.5 254.892
629.6 264.424
629.7 254.949
629.8 307.735
629.9 262.543
630 797.711
630.1 249.91
630.2 32189
630.3 439.536
630.4 248.693
630.5 254.905
630.6 261.001
630.7 262.242
630.8 253.703
630.9 2121.8
631 297.636
631.1 265.093
631.2 255.641
631.3 265.072
631.4 262.692
631.5 260.372
631.6 257.053
631.7 255.468
631.8 254.988
631.9 254.135
632 257.421
632.1 254.332
632.2 256.896
632.3 775.326
632.4 261.518
632.5 261.88
632.6 259.74
632.7 262.586
632.8 263.884
632.9 264.225
633 263.822
633.1 261.934
633.2 2247.1
633.3 264.085
633.4 262.617
633.5 261.256
633.6 260.109
633.7 259.782
633.8 259.072
633.9 257.998
634 259.177
634.1 260.994
634.2 261.496
634.3 260.607
634.4 259.882
634.5 290.687
634.6 259.964
634.7 259.647
634.8 260.56
634.9 261.365
635 618.435
635.1 263.737
635.2 263.942
635.3 263.601
635.4 262.493
635.5 261.843
635.6 262.148
635.7 261.473
635.8 1176.44
635.9 259.778
636 260.313
636.1 259.917
636.2 258.598
636.3 281.92
636.4 259.075
636.5 308.657
636.6 10889.8
636.7 260.314
636.8 260.583
636.9 260.934
637 261.056
637.1 261.239
637.2 261.426
637.3 261.375
637.4 262.534
637.5 262.908
637.6 263.56
637.7 263.859
637.8 263.7
637.9 263.416
638 262.869
638.1 502.092
638.2 262.939
638.3 263.1
638.4 262.349
638.5 262.128
638.6 262.908
638.7 263.175
638.8 723.315
638.9 263.249
639 264.244
639.1 264.635
639.2 263.224
639.3 260.77
639.4 259.629
639.5 259.697
639.6 259.501
639.7 259.783
639.8 261.491
639.9 260.083
640 257.997
640.1 258.449
640.2 258.488
640.3 258.387
640.4 259.089
640.5 262.395
640.6 264.601
640.7 262.557
640.8 261.115
640.9 261.108
641 259.765
641.1 257.43
641.2 256.742
641.3 258.584
641.4 258.994
641.5 257.92
641.6 455.112
641.7 259.582
641.8 260.156
641.9 258.685
642 256.542
642.1 255.727
642.2 487.593
642.3 257.7
642.4 258.198
642.5 259.489
642.6 262.179
642.7 263.814
642.8 278.786
642.9 263.563
643 261.656
643.1 260.411
643.2 260.025
643.3 259.677
643.4 259.443
643.5 259.941
643.6 261.886
643.7 262.804
643.8 260.326
643.9 258.344
644 258.575
644.1 258.433
644.2 258.225
644.3 258.675
644.4 261.673
644.5 263.899
644.6 264.083
644.7 264.136
644.8 264.136
644.9 262.253
645 260.169
645.1 260.439
645.2 260.627
645.3 260.213
645.4 325.648
645.5 260.608
645.6 260.092
645.7 260.275
645.8 271.76
645.9 260.274
646 375.212
646.1 260.209
646.2 259.082
646.3 257.378
646.4 256.029
646.5 574.647
646.6 391.726
646.7 313.898
646.8 945.852
646.9 309.957
647 260.029
647.1 258.367
647.2 490.872
647.3 1001.97
647.4 258.282
647.5 257.809
647.6 259.976
647.7 255.249
647.8 256.216
647.9 259.548
648 518.354
648.1 259.839
648.2 256.366
648.3 259.063
648.4 259.612
648.5 254.758
648.6 256.075
648.7 260.867
648.8 263.508
648.9 261.911
649 263.736
649.1 262.816
649.2 262.985
649.3 256.047
649.4 256.273
649.5 247.509
649.6 276.191
649.7 247.853
649.8 244.039
649.9 482.6
650 252.325
650.1 2268.93
650.2 286.8
650.3 257.251
650.4 288.743
650.5 307.747
650.6 258.106
650.7 960.667
650.8 259.129
650.9 259.545
651 258.447
651.1 260.456
651.2 260.699
651.3 260.849
651.4 258.961
651.5 260.953
651.6 440.938
651.7 256.312
651.8 249.03
651.9 254.945
652 256.209
652.1 254.253
652.2 258.651
652.3 259.683
652.4 700.596
652.5 259.499
652.6 257.298
652.7 260.169
652.8 259.825
652.9 259.705
653 259.832
653.1 260.092
653.2 259.415
653.3 259.246
653.4 255.024
653.5 1932.43
653.6 256.002
653.7 257.69
653.8 257.439
653.9 257.571
654 258.481
654.1 258.013
654.2 278.464
654.3 287.625
654.4 257.251
654.5 257.34
654.6 885.82
654.7 254.717
654.8 298.836
654.9 253.192
655 250.2
655.1 254.306
655.2 256.702
655.3 256.978
655.4 252.256
655.5 2138.71
655.6 253.044
655.7 253.305
655.8 259.393
655.9 248.213
656 260.63
656.1 242.52
656.2 232.051
656.3 222.85
656.4 219.466
656.5 626.127
656.6 218.646
656.7 228.288
656.8 237.155
656.9 242.775
657 244.313
657.1 763.369
657.2 246.517
657.3 247.353
657.4 245.52
657.5 249.202
657.6 249.958
657.7 246.786
657.8 251.906
657.9 1955.02
658 275.999
658.1 256.018
658.2 289.645
658.3 255.919
658.4 257.09
658.5 256.296
658.6 387.677
658.7 257.199
658.8 255.842
658.9 257.774
659 258.23
659.1 258.593
659.2 256.956
659.3 254.12
659.4 252.697
659.5 251.915
659.6 251.326
659.7 252.49
659.8 575.375
659.9 255.912
660 256.785
660.1 255.867
660.2 257.459
660.3 258.342
660.4 257.996
660.5 258.667
660.6 1000.52
660.7 258.037
660.8 257.407
660.9 256.313
661 256.084
661.1 256.294
661.2 256.425
661.3 256.85
661.4 257.625
661.5 259.416
661.6 259.592
661.7 259.367
661.8 259.404
661.9 259.505
662 259.412
662.1 259.181
662.2 269.999
662.3 258.899
662.4 258.626
662.5 258.344
662.6 258.259
662.7 258.051
662.8 257.764
662.9 433.372
663 257.359
663.1 257.088
663.2 256.554
663.3 255.109
663.4 253.67
663.5 253.455
663.6 573.305
663.7 254.225
663.8 255.53
663.9 256.634
664 257.202
664.1 257.459
664.2 256.989
664.3 255.878
664.4 255.329
664.5 255.912
664.6 255.754
664.7 255.155
664.8 255.799
664.9 256.907
665 257.209
665.1 257.141
665.2 257.615
665.3 278.591
665.4 257.676
665.5 257.484
665.6 257.427
665.7 257.608
665.8 257.973
665.9 257.743
666 257.362
666.1 257.289
666.2 256.074
666.3 254.105
666.4 401.592
666.5 253.284
666.6 253.189
666.7 252.938
666.8 254.593
666.9 331.31
667 313.848
667.1 258.239
667.2 258.848
667.3 259.216
667.4 259.276
667.5 259.155
667.6 258.783
667.7 256.824
667.8 254.955
667.9 254.501
668 254.64
668.1 254.606
668.2 255.427
668.3 257.351
668.4 258.871
668.5 259.117
668.6 259.207
668.7 259.053
668.8 258.974
668.9 259.232
669 259.411
669.1 259.367
669.2 259.497
669.3 259.921
669.4 260.146
669.5 259.404
669.6 258.58
669.7 258.473
669.8 258.171
669.9 257.514
670 257.572
670.1 320.052
670.2 277.772
670.3 259.015
670.4 258.851
670.5 258.961
670.6 306.516
670.7 292.891
670.8 259.012
670.9 259.773
671 266.181
671.1 260.303
671.2 267.51
671.3 261.692
671.4 257.858
671.5 257.837
671.6 268.023
671.7 271.174
671.8 263.569
671.9 263.201
672 259.043
672.1 267.349
672.2 259.873
672.3 285.314
672.4 260.714
672.5 266.834
672.6 271.634
672.7 258.206
672.8 258.559
672.9 258.718
673 259.142
673.1 265.951
673.2 273.874
673.3 260.48
673.4 260.439
673.5 260.395
673.6 260.311
673.7 260.282
673.8 260.109
673.9 259.838
674 259.523
674.1 259.49
674.2 341.18
674.3 258.949
674.4 274.191
674.5 273.028
674.6 292.48
674.7 287.551
674.8 259.478
674.9 273.559
675 258.016
675.1 257.398
675.2 257.06
675.3 256.886
675.4 257.252
675.5 258.371
675.6 259.451
675.7 260.095
675.8 260.769
675.9 261.075
676 260.794
676.1 260.539
676.2 260.661
676.3 260.821
676.4 260.513
676.5 260.139
676.6 259.759
676.7 259.111
676.8 258.463
676.9 258.412
677 258.426
677.1 265.531
677.2 258.441
677.3 259.244
677.4 259.809
677.5 260.039
677.6 260.327
677.7 260.916
677.8 261.251
677.9 261.209
678 261.322
678.1 261.346
678.2 260.79
678.3 260.201
678.4 259.766
678.5 259.47
678.6 305.39
678.7 258.532
678.8 259.105
678.9 259.638
679 296.394
679.1 290.454
679.2 259.739
679.3 259.167
679.4 258.546
679.5 258.173
679.6 257.91
679.7 257.788
679.8 257.78
679.9 257.869
680 258.107
680.1 258.668
680.2 259.211
680.3 259.363
680.4 259.78
680.5 277.38
680.6 259.354
680.7 258.771
680.8 259.157
680.9 259.114
681 258.937
681.1 259.777
681.2 261.143
681.3 261.81
681.4 261.297
681.5 261.351
681.6 261.679
681.7 261.472
681.8 261.23
681.9 261.201
682 261.242
682.1 286.874
682.2 260.952
682.3 260.81
682.4 260.809
682.5 261.083
682.6 261.515
682.7 261.344
682.8 260.649
682.9 1124.47
683 635.579
683.1 1942.79
683.2 662.721
683.3 288.177
683.4 286.776
683.5 471.391
683.6 2610.79
683.7 299.943
683.8 308.9
683.9 263.497
684 262.218
684.1 260.925
684.2 434.078
684.3 259.22
684.4 871.839
684.5 259.445
684.6 260.874
684.7 262.625
684.8 264.135
684.9 265.457
685 265.771
685.1 265.353
685.2 309.126
685.3 339.684
685.4 263.714
685.5 261.854
685.6 261.432
685.7 261.686
685.8 261.576
685.9 261.823
686 262.967
686.1 263.105
686.2 262.939
686.3 263.633
686.4 263.975
686.5 815.519
686.6 4840.85
686.7 341.602
686.8 266.003
686.9 195.306
687 219.699
687.1 177.093
687.2 184.41
687.3 696.325
687.4 201.755
687.5 198.943
687.6 190.828
687.7 194.234
687.8 224.486
687.9 201.605
688 256.63
688.1 217.415
688.2 257.462
688.3 776.493
688.4 321.071
688.5 319.221
688.6 218.934
688.7 255.673
688.8 248.103
688.9 238.26
689 257.609
689.1 1228.99
689.2 203.76
689.3 260.45
689.4 207.026
689.5 199.751
689.6 333.478
689.7 324.089
689.8 204.539
689.9 203.401
690 261.66
690.1 260.991
690.2 208.653
690.3 1193.79
690.4 296.434
690.5 287.193
690.6 245.204
690.7 213.397
690.8 261.896
690.9 263.462
691 230.443
691.1 214.435
691.2 278.137
691.3 275.774
691.4 263.545
691.5 1606.66
691.6 225.011
691.7 261.182
691.8 261.745
691.9 261.997
692 233.633
692.1 233.426
692.2 264.871
692.3 300.364
692.4 262.477
692.5 2924.32
692.6 243.573
692.7 323.972
692.8 264.235
692.9 294.47
693 287.089
693.1 260.416
693.2 253.914
693.3 261.599
693.4 260.27
693.5 262.053
693.6 247.785
693.7 253.484
693.8 264.763
693.9 266.583
694 305.398
694.1 1477.83
694.2 245.714
694.3 303.045
694.4 285.998
694.5 265.702
694.6 253.868
694.7 265.654
694.8 264.101
694.9 251.316
695 259.217
695.1 3616.17
695.2 267.569
695.3 262.593
695.4 368.012
695.5 286.729
695.6 265.321
695.7 288.004
695.8 296.445
695.9 318.134
696 280.365
696.1 276.712
696.2 276.294
696.3 276.558
696.4 283.58
696.5 285.255
696.6 277.614
696.7 290.621
696.8 356.508
696.9 270.217
697 270.077
697.1 270.12
697.2 1161.08
697.3 266.519
697.4 279.883
697.5 283.606
697.6 269.02
697.7 286.357
697.8 288.946
697.9 262.712
698 1665.23
698.1 714.367
698.2 285.351
698.3 264.586
698.4 288.594
698.5 300.374
698.6 270.522
698.7 268.842
698.8 311.382
698.9 280.31
699 281.851
699.1 273.234
699.2 265.923
699.3 280.283
699.4 285.721
699.5 264.449
699.6 263.855
699.7 290.359
699.8 289.116
699.9 348.558
700 279.189
700.1 292.106
700.2 269.344
700.3 290.274
700.4 299.028
700.5 268.442
700.6 771.292
700.7 274.583
700.8 266.225
700.9 268.81
701 269.149
701.1 269.905
701.2 268.09
701.3 706.481
701.4 708.506
701.5 269.242
701.6 267.235
701.7 264.292
701.8 252.453
701.9 266.052
702 268.735
702.1 266.93
702.2 270.184
702.3 268.726
702.4 269.461
702.5 260.618
702.6 268.311
702.7 268.112
702.8 267.525
702.9 256.446
703 266.794
703.1 271.102
703.2 315.045
703.3 272.202
703.4 272.477
703.5 273.101
703.6 273.512
703.7 272.864
703.8 271.481
703.9 265.469
704 269.358
704.1 269.796
704.2 262.983
704.3 599.223
704.4 272.193
704.5 274.301
704.6 273.438
704.7 314.807
704.8 337.945
704.9 343.891
705 791.385
705.1 320.994
705.2 334.34
705.3 382.211
705.4 320.665
705.5 322.447
705.6 309.407
705.7 271.686
705.8 307.028
705.9 281.796
706 271.121
706.1 272.33
706.2 299.7
706.3 314.846
706.4 307.653
706.5 313.798
706.6 336.4
706.7 272.462
706.8 331.907
706.9 354.886
707 303.45
707.1 270.686
707.2 341.272
707.3 357.41
707.4 272.759
707.5 339.881
707.6 352.102
707.7 275.228
707.8 276.287
707.9 276.599
708 325.206
708.1 339.398
708.2 274.719
708.3 274.005
708.4 420.131
708.5 410.114
708.6 271.333
708.7 270.621
708.8 285.254
708.9 302.569
709 445.931
709.1 435.686
709.2 327.192
709.3 283.455
709.4 309.875
709.5 296.733
709.6 271.886
709.7 272.453
709.8 272.399
709.9 287.246
710 282.588
710.1 272.63
710.2 287.839
710.3 289.309
710.4 273.474
710.5 274.595
710.6 290.938
710.7 289.784
710.8 271.897
710.9 284.222
711 283.828
711.1 294.706
711.2 272.376
711.3 271.935
711.4 291.35
711.5 283.972
711.6 271.639
711.7 272.376
711.8 272.648
711.9 290.507
712 283.573
712.1 272.976
712.2 271.908
712.3 272.462
712.4 280.029
712.5 283.729
712.6 272.308
712.7 273.343
712.8 274.28
712.9 382.486
713 363.129
713.1 313.792
713.2 270.605
713.3 289.909
713.4 270.527
713.5 493.69
713.6 272.006
713.7 274.305
713.8 274.911
713.9 272.889
714 273.769
714.1 274.901
714.2 273.439
714.3 291.934
714.4 380.459
714.5 329.821
714.6 362.819
714.7 372.088
714.8 322.193
714.9 327.572
715 312.747
715.1 319.11
715.2 314.147
715.3 294.469
715.4 291.234
715.5 272.703
715.6 272.698
715.7 273.091
715.8 304.311
715.9 273.237
716 310.143
716.1 319.227
716.2 290.746
716.3 274.289
716.4 324.5
716.5 341.56
716.6 262.332
716.7 340.339
716.8 345.555
716.9 259.693
717 251.787
717.1 337.052
717.2 333.771
717.3 262.976
717.4 272.905
717.5 238.866
717.6 301.488
717.7 335.662
717.8 333.397
717.9 303.793
718 292.766
718.1 314.409
718.2 271.144
718.3 372.427
718.4 298.175
718.5 303.697
718.6 269.741
718.7 236.468
718.8 226.252
718.9 219.998
719 280.047
719.1 291.738
719.2 270.789
719.3 237.555
719.4 234.534
719.5 257.238
719.6 242.122
719.7 271.573
719.8 264.849
719.9 259.105
720 269.593
720.1 273.695
720.2 273.753
720.3 281.524
720.4 271.229
720.5 299.039
720.6 230.727
720.7 269.139
720.8 233.547
720.9 260.46
721 315.64
721.1 261.52
721.2 262.099
721.3 268.762
721.4 274.671
721.5 277.15
721.6 276.257
721.7 275.299
721.8 269.517
721.9 265.522
722 271.276
722.1 274.62
722.2 275.997
722.3 305.83
722.4 329.199
722.5 268.582
722.6 280.237
722.7 321.852
722.8 276.646
722.9 266.26
723 264.233
723.1 443.047
723.2 279.382
723.3 276.295
723.4 280.137
723.5 346.921
723.6 378.208
723.7 230.937
723.8 260.286
723.9 298.54
724 274.929
724.1 2770.28
724.2 4026.4
724.3 2126.11
724.4 912.261
724.5 323.565
724.6 255.887
724.7 6067.76
724.8 376.355
724.9 1225.55
725 326.84
725.1 308.969
725.2 324.547
725.3 325.84
725.4 271.329
725.5 1681.26
725.6 250.885
725.7 509.094
725.8 642.42
725.9 287.984
726 261.551
726.1 303.377
726.2 326.889
726.3 273.917
726.4 266.73
726.5 314.281
726.6 331.399
726.7 263.448
726.8 292.99
726.9 314.002
727 457.637
727.1 487.934
727.2 263.234
727.3 339.322
727.4 339.125
727.5 248.186
727.6 278.406
727.7 1637.17
727.8 10172.8
727.9 276.978
728 260.877
728.1 305.917
728.2 306.177
728.3 309.743
728.4 690.333
728.5 275.345
728.6 4202.84
728.7 424.368
728.8 580.477
728.9 252.822
729 256.909
729.1 276.611
729.2 369.974
729.3 355.946
729.4 457.795
729.5 264.169
729.6 274.586
729.7 264.852
729.8 1534.61
729.9 282.63
730 280.391
730.1 282.799
730.2 262.569
730.3 278.803
730.4 273.478
730.5 254.424
730.6 2740.27
730.7 279.352
730.8 352.902
730.9 422.206
731 280.395
731.1 261.824
731.2 256.899
731.3 677.097
731.4 280.76
731.5 266.518
731.6 284.235
731.7 279.053
731.8 8989.32
731.9 267.556
732 270.384
732.1 262.967
732.2 283.839
732.3 278.648
732.4 284.12
732.5 283.72
732.6 275.585
732.7 281.097
732.8 283.256
732.9 270.416
733 280.507
733.1 3750.1
733.2 362.157
733.3 353.41
733.4 360.543
733.5 319.782
733.6 273.873
733.7 278.379
733.8 285.877
733.9 287.075
734 287.967
734.1 287.307
734.2 286.607
734.3 10737.5
734.4 347.361
734.5 287.62
734.6 279.327
734.7 436.691
734.8 287.092
734.9 376.641
735 348.321
735.1 279.416
735.2 288.964
735.3 443.614
735.4 393.546
735.5 335.126
735.6 315.216
735.7 295.295
735.8 400.202
735.9 289.198
736 315.09
736.1 3514.37
736.2 348.864
736.3 311.502
736.4 330.262
736.5 303.65
736.6 357.887
736.7 305.618
736.8 366.097
736.9 322.365
737 299.169
737.1 4664.63
737.2 4868.05
737.3 306.219
737.4 286.647
737.5 288.297
737.6 511.164
737.7 318.453
737.8 301.725
737.9 288.04
738 323.201
738.1 328.962
738.2 288.247
738.3 287.591
738.4 319.292
738.5 285.876
738.6 353.354
738.7 285.16
738.8 284.366
738.9 311.786
739 315.247
739.1 283.306
739.2 402.188
739.3 281.832
739.4 2648.54
739.5 317.69
739.6 325.962
739.7 318.652
739.8 285.302
739.9 286.412
740 289.064
740.1 306.09
740.2 301.731
740.3 288.387
740.4 5246.64
740.5 289.285
740.6 289.492
740.7 291.15
740.8 289.796
740.9 288.491
741 286.422
741.1 286.912
741.2 286.352
741.3 284.565
741.4 438.144
741.5 359.301
741.6 344.896
741.7 287.152
741.8 374.7
741.9 287.27
742 358.724
742.1 289.136
742.2 288.321
742.3 286.043
742.4 286.927
742.5 446.264
742.6 287.948
742.7 288.004
742.8 290.368
742.9 293.248
743 293.599
743.1 293.509
743.2 3548.58
743.3 292.763
743.4 292.642
743.5 292.704
743.6 293.381
743.7 293.916
743.8 294.492
743.9 294.588
744 1687.11
744.1 1627.33
744.2 310.626
744.3 291.819
744.4 307.583
744.5 290.597
744.6 324.139
744.7 290.147
744.8 290.458
744.9 310.432
745 291.489
745.1 292.567
745.2 293.802
745.3 293.956
745.4 329.948
745.5 294.855
745.6 295.236
745.7 295.369
745.8 295.793
745.9 296.306
746 395.988
746.1 294.891
746.2 293.601
746.3 386.689
746.4 325.268
746.5 641.173
746.6 330.632
746.7 455.391
746.8 296.172
746.9 1135.22
747 356.107
747.1 296.74
747.2 323.434
747.3 1201.05
747.4 804.337
747.5 295.334
747.6 1890.62
747.7 294.991
747.8 352.263
747.9 295.925
748 296.432
748.1 1000.62
748.2 1594.44
748.3 296.512
748.4 296.303
748.5 361.7
748.6 2316.96
748.7 296.852
748.8 360.4
748.9 297.808
749 386.719
749.1 297.235
749.2 296.654
749.3 296.047
749.4 294.5
749.5 292.942
749.6 1047.38
749.7 293.41
749.8 293.722
749.9 294.174
750 295.66
750.1 297.332
750.2 380.804
750.3 298.424
750.4 327.041
750.5 298.67
750.6 298.588
750.7 298.626
750.8 298.73
750.9 298.366
751 296.624
751.1 295.087
751.2 294.14
751.3 294.463
751.4 294.104
751.5 294.397
751.6 295.872
751.7 297.883
751.8 298.773
751.9 605.197
752 569.702
752.1 299.379
752.2 313.105
752.3 299.714
752.4 297.019
752.5 967.764
752.6 6305.94
752.7 712.361
752.8 298.314
752.9 299.689
753 454.421
753.1 299.969
753.2 299.838
753.3 2777.76
753.4 299.488
753.5 299.602
753.6 300.116
753.7 300.707
753.8 338.134
753.9 338.188
754 333.302
754.1 301.065
754.2 567.94
754.3 549.347
754.4 300.894
754.5 300.885
754.6 300.784
754.7 300.557
754.8 300.494
754.9 365.022
755 301.061
755.1 301.256
755.2 318.812
755.3 301.814
755.4 301.606
755.5 371.564
755.6 361.147
755.7 300.706
755.8 300.842
755.9 300.41
756 1664.26
756.1 344.156
756.2 338.825
756.3 301.836
756.4 352.669
756.5 302.663
756.6 341.902
756.7 304.136
756.8 303.361
756.9 492.966
757 511.626
757.1 302.864
757.2 302.757
757.3 302.404
757.4 4739.39
757.5 303.128
757.6 606.516
757.7 566.616
757.8 302.968
757.9 303.39
758 304.045
758.1 304.241
758.2 303.858
758.3 302.843
758.4 301.951
758.5 300.746
758.6 300.146
758.7 299.497
758.8 1932.85
758.9 300.487
759 301.669
759.1 302.344
759.2 302.725
759.3 302.313
759.4 300.828
759.5 296.291
759.6 185.926
759.7 132.16
759.8 120.386
759.9 142.126
760 1891.61
760.1 89.4789
760.2 98.3132
760.3 123.514
760.4 39.8605
760.5 112.055
760.6 54.8951
760.7 137.492
760.8 108.555
760.9 82.0407
761 81.5575
761.1 140.466
761.2 153.092
761.3 214.31
761.4 98.1856
761.5 130.998
761.6 269.09
761.7 150.225
761.8 195.896
761.9 268.275
762 1595.91
762.1 288.668
762.2 300.219
762.3 152.876
762.4 433.787
762.5 325.395
762.6 190.103
762.7 175.961
762.8 300.131
762.9 139.244
763 240.692
763.1 1982.97
763.2 313.783
763.3 97.4432
763.4 157.869
763.5 263.189
763.6 309.386
763.7 125.554
763.8 106.378
763.9 226.152
764 301.221
764.1 283.364
764.2 109.928
764.3 112.325
764.4 370.623
764.5 313.528
764.6 182.665
764.7 159.741
764.8 234.262
764.9 305.153
765 280.667
765.1 161.18
765.2 162.768
765.3 290.525
765.4 313.684
765.5 1043.25
765.6 169.054
765.7 163.401
765.8 278.356
765.9 310.238
766 292.792
766.1 241.243
766.2 201.532
766.3 218.866
766.4 1103.99
766.5 1104.47
766.6 291.066
766.7 210.352
766.8 208.723
766.9 294.9
767 302.907
767.1 306.362
767.2 299.898
767.3 237.795
767.4 281.212
767.5 354.358
767.6 309.785
767.7 309.317
767.8 304.809
767.9 256.331
768 255.935
768.1 307.682
768.2 308.674
768.3 324.289
768.4 565.278
768.5 270.784
768.6 459.248
768.7 391.416
768.8 398.463
768.9 512.68
769 523.043
769.1 336.519
769.2 351.061
769.3 351.698
769.4 1000.01
769.5 354.962
769.6 360.562
769.7 356.184
769.8 354.698
769.9 360.259
770 364.395
770.1 616.331
770.2 1002.46
770.3 352.356
770.4 345.135
770.5 321.999
770.6 351.195
770.7 315.347
770.8 315.681
770.9 314.961
771 313.901
771.1 312.97
771.2 309.196
771.3 331.4
771.4 4149.3
771.5 5923.66
771.6 436.335
771.7 2110.85
771.8 2264.51
771.9 7125.49
772 2890.45
772.1 317.356
772.2 370.967
772.3 315.409
772.4 380.128
772.5 315.411
772.6 1739.56
772.7 431.068
772.8 2469.79
772.9 345.016
773 373.393
773.1 361.5
773.2 409.176
773.3 319.613
773.4 367.498
773.5 338.649
773.6 665.456
773.7 643.204
773.8 753.995
773.9 321.523
774 386.109
774.1 394.015
774.2 320.273
774.3 571.486
774.4 337.028
774.5 319.37
774.6 356.71
774.7 356.095
774.8 451.562
774.9 418.678
775 314.745
775.1 315.476
775.2 2056.3
775.3 14134.8
775.4 595.742
775.5 455.174
775.6 323.369
775.7 352.433
775.8 353.789
775.9 1194.25
776 323.985
776.1 324.087
776.2 6700.13
776.3 346.959
776.4 359.081
776.5 324.825
776.6 325.308
776.7 361.538
776.8 325.871
776.9 325.948
777 350.984
777.1 602.537
777.2 324.798
777.3 323.94
777.4 627.241
777.5 1407.8
777.6 1593.89
777.7 342.813
777.8 440.851
777.9 324.416
778 325.045
778.1 368.884
778.2 390.333
778.3 4017.49
778.4 422.169
778.5 328.762
778.6 404.159
778.7 435.255
778.8 522.845
778.9 382.161
779 401.203
779.1 389.717
779.2 398.284
779.3 947.147
779.4 396.826
779.5 329.292
779.6 12580.7
779.7 405.453
779.8 365.221
779.9 327.76
780 367.16
780.1 362.978
780.2 411.029
780.3 328.988
780.4 349.853
780.5 330.865
780.6 447.518
780.7 331.456
780.8 331.368
780.9 375.527
781 414.607
781.1 5233.69
781.2 390.999
781.3 330.652
781.4 416.265
781.5 507.28
781.6 332.503
781.7 520.258
781.8 499.528
781.9 366.471
782 334.438
782.1 614.771
782.2 420.765
782.3 474.362
782.4 15874.4
782.5 334.803
782.6 395.666
782.7 406.382
782.8 396.507
782.9 335.207
783 335.093
783.1 630.577
783.2 398.336
783.3 333.371
783.4 333.459
783.5 332.621
783.6 552.128
783.7 365.315
783.8 334.532
783.9 335.677
784 336.236
784.1 392.724
784.2 380.362
784.3 4883.38
784.4 338.107
784.5 338.074
784.6 338.249
784.7 359.878
784.8 356.143
784.9 338.108
785 338.622
785.1 754.933
785.2 1535.66
785.3 640.971
785.4 1064.62
785.5 6970.73
785.6 9261.41
785.7 378.548
785.8 353.403
785.9 337.115
786 1865.4
786.1 338.219
786.2 339.872
786.3 5642.48
786.4 341.433
786.5 341.304
786.6 342.15
786.7 341.341
786.8 339.098
786.9 342.105
787 2651.45
787.1 343.035
787.2 340.502
787.3 6572.14
787.4 343.383
787.5 341.256
787.6 423.869
787.7 342.406
787.8 341.949
787.9 338.778
788 615.832
788.1 3707.82
788.2 342.432
788.3 451.219
788.4 2905.64
788.5 443.533
788.6 345.618
788.7 486.698
788.8 494.626
788.9 483.505
789 453.555
789.1 488.287
789.2 3798.91
789.3 554.019
789.4 342.013
789.5 482.808
789.6 571.011
789.7 506.843
789.8 340.948
789.9 422.285
790 463.405
790.1 499.538
790.2 348.437
790.3 346.078
790.4 337.384
790.5 607.34
790.6 349.375
790.7 350.957
790.8 436.184
790.9 496.991
791 350.566
791.1 338.639
791.2 493.067
791.3 511.213
791.4 2316.34
791.5 348.171
791.6 18542.8
791.7 544.923
791.8 343.403
791.9 347.347
792 344.845
792.1 975.373
792.2 550.036
792.3 8373.9
792.4 351.753
792.5 475.687
792.6 350.186
792.7 483.827
792.8 352.486
792.9 352.342
793 528.358
793.1 455.747
793.2 453.983
793.3 2398.25
793.4 4132.24
793.5 412.552
793.6 470.668
793.7 454.041
793.8 349.84
793.9 350.172
794 392.732
794.1 448.317
794.2 352.008
794.3 395.982
794.4 525.814
794.5 472.045
794.6 408.884
794.7 395.252
794.8 839.495
794.9 352.656
795 351.97
795.1 4743.83
795.2 358.274
795.3 355.146
795.4 358.474
795.5 540.353
795.6 355.541
795.7 357.888
795.8 356.291
795.9 357.313
796 356.813
796.1 348.482
796.2 356.011
796.3 349.881
796.4 354.898
796.5 410.721
796.6 427.198
796.7 15323.5
796.8 359.897
796.9 359.87
797 1700.13
797.1 358.135
797.2 403.925
797.3 388.454
797.4 354.305
797.5 412.804
797.6 425.126
797.7 359.714
797.8 407.275
797.9 1368.89
798 1330.4
798.1 362.316
798.2 5544.36
798.3 360.577
798.4 362.483
798.5 363.062
798.6 359.956
798.7 359.19
798.8 399.827
798.9 414.359
799 584.356
799.1 363.56
799.2 459.834
799.3 409.107
799.4 446.421
799.5 365.782
799.6 16413.6
799.7 448.702
799.8 453.794
799.9 361.586
800 607.542
800.1 450.463
800.2 417.936
800.3 356.568
800.4 447.173
800.5 457.281
800.6 398.816
800.7 396.44
800.8 404.969
800.9 366.076
801 397.695
801.1 367.761
801.2 367.84
801.3 420.947
801.4 441.897
801.5 358.85
801.6 4413.29
801.7 496.947
801.8 482.461
801.9 368.125
802 366.168
802.1 473.961
802.2 692.917
802.3 849.518
802.4 367.614
802.5 364.888
802.6 467.624
802.7 498.105
802.8 12441.2
802.9 367.691
803 897.927
803.1 918.762
803.2 441.592
803.3 370.94
803.4 715.619
803.5 372.701
803.6 426.199
803.7 452.802
803.8 389.994
803.9 366.792
804 372.289
804.1 373.561
804.2 414.826
804.3 466.229
804.4 400.183
804.5 410.276
804.6 368.682
804.7 367.825
804.8 390.761
804.9 391.78
805 370.353
805.1 370.268
805.2 754.408
805.3 374.457
805.4 3059.07
805.5 372.519
805.6 375.44
805.7 373.931
805.8 409.176
805.9 401.886
806 376.838
806.1 426.857
806.2 374.816
806.3 377.162
806.4 3165.26
806.5 3054.86
806.6 418.617
806.7 376.728
806.8 460.17
806.9 378.227
807 425.742
807.1 377.199
807.2 373.32
807.3 375.103
807.4 377.227
807.5 377.327
807.6 377.957
807.7 551.738
807.8 377.267
807.9 553.498
808 540.989
808.1 378.436
808.2 379.161
808.3 379.534
808.4 378.235
808.5 378.479
808.6 378.93
808.7 651.68
808.8 653.854
808.9 379.615
809 380.391
809.1 380.678
809.2 381.302
809.3 376.29
809.4 380.257
809.5 380.936
809.6 1557.31
809.7 507.323
809.8 378.651
809.9 375.626
810 379.313
810.1 383.385
810.2 396.974
810.3 421.878
810.4 1642.3
810.5 1587.53
810.6 384.824
810.7 505.179
810.8 384.44
810.9 421.143
811 414.049
811.1 406.52
811.2 420.432
811.3 381.768
811.4 416.3
811.5 398.278
811.6 368.185
811.7 384.296
811.8 386.687
811.9 386.739
812 384.687
812.1 379.445
812.2 411.543
812.3 381.216
812.4 409.156
812.5 376.754
812.6 430.765
812.7 384.499
812.8 423.65
812.9 379.871
813 465.012
813.1 390.045
813.2 377.931
813.3 408.986
813.4 485.726
813.5 420.746
813.6 346.015
813.7 420.929
813.8 421.681
813.9 467.596
814 390.861
814.1 720.785
814.2 819.906
814.3 385.443
814.4 378.995
814.5 390.212
814.6 369.49
814.7 386.364
814.8 398.949
814.9 1370.77
815 540.063
815.1 357.329
815.2 349.243
815.3 409.363
815.4 414.325
815.5 382.761
815.6 367.446
815.7 330.67
815.8 391.086
815.9 391.35
816 344.449
816.1 389.961
816.2 393.323
816.3 386.893
816.4 307.744
816.5 338.393
816.6 379.082
816.7 309.64
816.8 382.895
816.9 391.478
817 393.716
817.1 352.269
817.2 304.703
817.3 390.002
817.4 394.552
817.5 393.025
817.6 394.494
817.7 389.809
817.8 394.814
817.9 312.506
818 347.982
818.1 335.031
818.2 387.376
818.3 392.244
818.4 339.566
818.5 380.722
818.6 390.468
818.7 392.393
818.8 386.279
818.9 353.934
819 628.47
819.1 517.935
819.2 342.977
819.3 396.935
819.4 395.717
819.5 335.488
819.6 380.306
819.7 663.764
819.8 608.536
819.9 391.675
820 316.603
820.1 379.792
820.2 376.819
820.3 363.333
820.4 398.261
820.5 400.142
820.6 400.937
820.7 448.142
820.8 434.59
820.9 400.684
821 508.823
821.1 450.311
821.2 434.392
821.3 393.209
821.4 378.01
821.5 395.368
821.6 469.833
821.7 396.527
821.8 478.43
821.9 402.122
822 363.645
822.1 395.996
822.2 401.984
822.3 400.958
822.4 375.47
822.5 403.763
822.6 372.778
822.7 400.317
822.8 385.3
822.9 328.727
823 329.962
823.1 296.993
823.2 363.422
823.3 370.636
823.4 316.172
823.5 404.955
823.6 357.631
823.7 397.93
823.8 403.866
823.9 406.665
824 391.55
824.1 409.136
824.2 393.124
824.3 409.134
824.4 695.93
824.5 396.173
824.6 352.183
824.7 411.808
824.8 412.408
824.9 409.501
825 624.469
825.1 573.018
825.2 412.811
825.3 413.663
825.4 414.098
825.5 391.336
825.6 415
825.7 582.324
825.8 410.755
825.9 345.786
826 410.722
826.1 416.356
826.2 380.185
826.3 414.701
826.4 417.582
826.5 415.46
826.6 388.915
826.7 416.063
826.8 419.077
826.9 419.276
827 420.346
827.1 454.056
827.2 419.357
827.3 420.217
827.4 407.287
827.5 412.89
827.6 404.558
827.7 357.677
827.8 417.132
827.9 485.32
828 420.439
828.1 4476
828.2 376.277
828.3 1881.19
828.4 6959.52
828.5 1410.55
828.6 466.388
828.7 497.548
828.8 422.991
828.9 3237.94
829 346.663
829.1 11434.1
829.2 389.503
829.3 1094.32
829.4 423.849
829.5 424.416
829.6 386.581
829.7 381.969
829.8 413.727
829.9 4786.07
830 426.493
830.1 13511.6
830.2 553.839
830.3 384.402
830.4 693.712
830.5 813.419
830.6 598.744
830.7 458.877
830.8 416.495
830.9 425.471
831 424.981
831.1 487.106
831.2 426.717
831.3 5201.38
831.4 399.513
831.5 430.157
831.6 423.428
831.7 432.44
831.8 419.837
831.9 417.04
832 636.598
832.1 727.097
832.2 515.368
832.3 414.367
832.4 359.046
832.5 433.957
832.6 433.093
832.7 431.378
832.8 428.887
832.9 424.297
833 429.558
833.1 425.833
833.2 399.369
833.3 430.412
833.4 428.373
833.5 426.759
833.6 414.503
833.7 430.428
833.8 420.695
833.9 434.173
834 672.486
834.1 685.628
834.2 432.596
834.3 436.329
834.4 430.582
834.5 4348.8
834.6 435.318
834.7 34585.3
834.8 436.673
834.9 436.852
835 436.157
835.1 431.308
835.2 1488.84
835.3 441.574
835.4 442.574
835.5 12041.9
835.6 431.054
835.7 438.08
835.8 443.665
835.9 494.221
836 436.099
836.1 444.303
836.2 440.647
836.3 1214.39
836.4 665.304
836.5 721.869
836.6 443.71
836.7 4316.1
836.8 537.039
836.9 714.296
837 432.228
837.1 446.247
837.2 493.989
837.3 445.371
837.4 447.515
837.5 487.697
837.6 435.91
837.7 444.92
837.8 573.475
837.9 433.327
838 444.646
838.1 446.689
838.2 995.066
838.3 1006.31
838.4 446.707
838.5 8588.49
838.6 444.319
838.7 443.545
838.8 439.491
838.9 444.296
839 529.964
839.1 446.581
839.2 618.99
839.3 605.174
839.4 562.102
839.5 454.223
839.6 449.246
839.7 451.011
839.8 505.611
839.9 451.391
840 450.901
840.1 25242
840.2 3994.44
840.3 581.499
840.4 455.517
840.5 455.136
840.6 455.438
840.7 455.55
840.8 450.668
840.9 457.837
841 457.333
841.1 448.024
841.2 454.41
841.3 456.89
841.4 457.342
841.5 457.681
841.6 457.089
841.7 456.697
841.8 10720.3
841.9 456.581
842 456.135
842.1 452.197
842.2 457.849
842.3 457.766
842.4 458.281
842.5 557.506
842.6 672.133
842.7 518.746
842.8 457.967
842.9 655.491
843 860.448
843.1 460.16
843.2 27513.5
843.3 790.732
843.4 643.544
843.5 484.951
843.6 458.684
843.7 953.71
843.8 497.821
843.9 453.411
844 457.673
844.1 461.146
844.2 462.831
844.3 462.87
844.4 465.234
844.5 462.896
844.6 465.883
844.7 464.349
844.8 465.333
844.9 745.972
845 466.426
845.1 487.131
845.2 492.945
845.3 578.198
845.4 469.424
845.5 9549.4
845.6 585.99
845.7 470.858
845.8 470.733
845.9 503.456
846 470.506
846.1 470.8
846.2 470.407
846.3 586.429
846.4 549.455
846.5 534.834
846.6 471.583
846.7 470.974
846.8 24009.8
846.9 469.131
847 468.528
847.1 468.791
847.2 468.451
847.3 469.755
847.4 471.146
847.5 472.576
847.6 473.328
847.7 1069.88
847.8 474.449
847.9 474.537
848 472.978
848.1 473.299
848.2 471.009
848.3 472.738
848.4 473.189
848.5 472.736
848.6 473.581
848.7 473.918
848.8 474.305
848.9 471.905
849 474.834
849.1 474.999
849.2 476.063
849.3 476.435
849.4 474.722
849.5 476.147
849.6 6837.39
849.7 857.497
849.8 464.038
849.9 650.146
850 591.803
850.1 458.009
850.2 459.074
850.3 693.885
850.4 470.506
850.5 771.199
850.6 559.442
850.7 12231.3
850.8 478.175
850.9 481.321
851 481.945
851.1 482.254
851.2 481.55
851.3 480.565
851.4 474.561
851.5 473.876
851.6 475.669
851.7 476.191
851.8 475.747
851.9 477.814
852 480.061
852.1 482.225
852.2 480.18
852.3 815.992
852.4 484.579
852.5 483.107
852.6 483.012
852.7 481.067
852.8 480.065
852.9 478.218
853 478.597
853.1 478.252
853.2 477.396
853.3 478.067
853.4 477.132
853.5 477.435
853.6 478.316
853.7 477.102
853.8 478.131
853.9 474.806
854 471.747
854.1 10348.3
854.2 456.631
854.3 449.161
854.4 699.597
854.5 449.662
854.6 453.51
854.7 460.613
854.8 469.026
854.9 476.354
855 482.846
855.1 4994.52
855.2 487.645
855.3 488.887
855.4 490.541
855.5 491.218
855.6 489.685
855.7 491.184
855.8 491.62
855.9 491.623
856 492.595
856.1 492.722
856.2 493.897
856.3 494.437
856.4 495.06
856.5 494.53
856.6 495.403
856.7 495.478
856.8 495.502
856.9 495.359
857 495.287
857.1 494.59
857.2 495.795
857.3 495.368
857.4 601.514
857.5 496.501
857.6 1188.86
857.7 498.492
857.8 654.501
857.9 499.946
858 635.081
858.1 499.632
858.2 499.159
858.3 498.414
858.4 498.191
858.5 498.283
858.6 498.417
858.7 498.876
858.8 499.554
858.9 500.177
859 1106.32
859.1 1055.92
859.2 501.764
859.3 501.142
859.4 502.039
859.5 502.476
859.6 502.619
859.7 502.304
859.8 502.17
859.9 1373.49
860 1388.31
860.1 502.303
860.2 502.564
860.3 502.866
860.4 503.55
860.5 503.891
860.6 504.139
860.7 602.008
860.8 504.199
860.9 554.043
861 544.123
861.1 582.261
861.2 553.271
861.3 640.52
861.4 504.725
861.5 847.201
861.6 504.846
861.7 770.276
861.8 1038.69
861.9 537.168
862 965.78
862.1 1435.58
862.2 1262.63
862.3 509.151
862.4 1924.61
862.5 1806.14
862.6 510.801
862.7 2514.83
862.8 2320.26
862.9 511.858
863 3109.01
863.1 511.636
863.2 2617.57
863.3 510.525
863.4 3223.77
863.5 2774.07
863.6 510.299
863.7 510.594
863.8 2983.5
863.9 2242.53
864 511.985
864.1 512.285
864.2 1978.1
864.3 1125.32
864.4 735.03
864.5 662.98
864.6 511.586
864.7 510.683
864.8 509.926
864.9 2776.78
865 508.535
865.1 508.074
865.2 2925.97
865.3 1020.17
865.4 3567.76
865.5 591.5
865.6 625.547
865.7 3541.37
865.8 4372
865.9 508.944
866 664.085
866.1 499.922
866.2 3766.14
866.3 4559.47
866.4 479.181
866.5 479.695
866.6 684.843
866.7 3617.43
866.8 4312.2
866.9 508.57
867 628.23
867.1 517.62
867.2 3308
867.3 3696.94
867.4 517.67
867.5 516.893
867.6 516.269
867.7 2620.33
867.8 2822.77
867.9 516.053
868 516.561
868.1 517.178
868.2 517.889
868.3 1985.9
868.4 2064.72
868.5 518.513
868.6 556.395
868.7 517.554
868.8 1377.52
868.9 513.331
869 1484.27
869.1 511.708
869.2 511.857
869.3 513.53
869.4 1005.26
869.5 516.985
869.6 1090.17
869.7 521.382
869.8 523.028
869.9 522.592
870 753.812
870.1 522.051
870.2 828.708
870.3 1208.23
870.4 556.029
870.5 546.709
870.6 523.971
870.7 655.077
870.8 641.787
870.9 1115.62
871 1002.25
871.1 522.167
871.2 521.079
871.3 570.834
871.4 581.249
871.5 520.383
871.6 520.999
871.7 521.965
871.8 523.07
871.9 549.575
872 574.977
872.1 563.539
872.2 526.563
872.3 527.373
872.4 528.083
872.5 528.423
872.6 528.27
872.7 527.569
872.8 526.87
872.9 806.191
873 525.925
873.1 525.894
873.2 525.915
873.3 526.161
873.4 525.77
873.5 525.091
873.6 524.311
873.7 523.362
873.8 522.699
873.9 522.484
874 695.814
874.1 522.422
874.2 643.875
874.3 752.132
874.4 522.88
874.5 658.782
874.6 522.422
874.7 522.42
874.8 522.506
874.9 579.465
875 522.114
875.1 521.094
875.2 520.745
875.3 784.323
875.4 520.869
875.5 521.018
875.6 520.882
875.7 521.218
875.8 521.754
875.9 522.588
876 523.395
876.1 6409.38
876.2 525.173
876.3 3210.36
876.4 19110.4
876.5 947.817
876.6 846.272
876.7 528.01
876.8 528.146
876.9 7533.95
877 21629.2
877.1 528.378
877.2 1083.8
877.3 987.956
877.4 526.645
877.5 526.342
877.6 526.34
877.7 692.637
877.8 527.196
877.9 10435.6
878 528.865
878.1 23000.4
878.2 529.767
878.3 529.066
878.4 529.747
878.5 529.566
878.6 529.931
878.7 529.903
878.8 529.885
878.9 529.281
879 529.118
879.1 528.668
879.2 527.597
879.3 1209.47
879.4 9844.27
879.5 525.901
879.6 526.836
879.7 527.535
879.8 528.601
879.9 529.529
880 530.5
880.1 531.38
880.2 530.83
880.3 531.251
880.4 625.96
880.5 528.187
880.6 524.051
880.7 522.837
880.8 520.635
880.9 520.753
881 520.978
881.1 522.88
881.2 1143.22
881.3 1418.31
881.4 528.265
881.5 530.751
881.6 530.833
881.7 530.904
881.8 530.918
881.9 531.231
882 531.661
882.1 531.916
882.2 531.019
882.3 529.076
882.4 529.755
882.5 528.104
882.6 527.955
882.7 528.169
882.8 7026.92
882.9 559.93
883 56902.1
883.1 532.293
883.2 656.084
883.3 1316.98
883.4 852.577
883.5 2312.25
883.6 2250.27
883.7 1273.46
883.8 530.651
883.9 23054.6
884 1006.47
884.1 530.467
884.2 530.797
884.3 531.668
884.4 532.463
884.5 533.208
884.6 533.807
884.7 533.848
884.8 1267.41
884.9 671.142
885 533.94
885.1 534.352
885.2 5919.58
885.3 2288.52
885.4 535.295
885.5 533.615
885.6 535.425
885.7 577.326
885.8 534.948
885.9 533.698
886 526.76
886.1 526.611
886.2 553.658
886.3 546.568
886.4 1036.74
886.5 1075.97
886.6 788.47
886.7 546.741
886.8 527.978
886.9 1607.08
887 15806.2
887.1 531.373
887.2 532.528
887.3 534.347
887.4 554.804
887.5 535.295
887.6 535.88
887.7 535.534
887.8 535.31
887.9 535.313
888 534.874
888.1 535.041
888.2 526.086
888.3 536.327
888.4 535.755
888.5 535.616
888.6 537.282
888.7 634.053
888.8 46045.5
888.9 537.554
889 537.743
889.1 832.367
889.2 804.85
889.3 579.18
889.4 537.053
889.5 537.221
889.6 536.685
889.7 536.486
889.8 977.67
889.9 769.704
890 740.621
890.1 537.802
890.2 538.661
890.3 535.095
890.4 539.316
890.5 539.699
890.6 19300.3
890.7 868.233
890.8 622.978
890.9 539.824
891 535.786
891.1 1128.58
891.2 913.517
891.3 596.169
891.4 537.75
891.5 538.784
891.6 539.194
891.7 630.052
891.8 537.643
891.9 609.97
892 529.736
892.1 539.177
892.2 49867.3
892.3 877.596
892.4 637.725
892.5 567.605
892.6 643.738
892.7 643.488
892.8 536.941
892.9 932.446
893 556.984
893.1 1245.96
893.2 701.797
893.3 560.586
893.4 563.69
893.5 538.237
893.6 676.921
893.7 627.494
893.8 649.684
893.9 765.042
894 576.503
894.1 542.035
894.2 682.479
894.3 517.552
894.4 566.314
894.5 521.712
894.6 16859.2
894.7 533.239
894.8 555.994
894.9 495.523
895 570.02
895.1 515.827
895.2 539.167
895.3 534.533
895.4 521.755
895.5 512.106
895.6 540.691
895.7 450.039
895.8 548.457
895.9 541.232
896 21677.8
896.1 20339
896.2 543.857
896.3 606.691
896.4 538.26
896.5 479.248
896.6 514.613
896.7 618.158
896.8 458.544
896.9 489.239
897 540.375
897.1 609.087
897.2 582.756
897.3 603.74
897.4 1261.4
897.5 518.653
897.6 593.595
897.7 459.545
897.8 622.165
897.9 520.298
898 743.02
898.1 594.899
898.2 727.99
898.3 397.496
898.4 1115.94
898.5 863.656
898.6 544.144
898.7 541.913
898.8 1230.78
898.9 484.028
899 419.288
899.1 11162.2
899.2 474.568
899.3 435.98
899.4 416.424
899.5 1558.81
899.6 592.413
899.7 543.428
899.8 541.798
899.9 542.398
900 559.632
