   1  3747.0691  0.1069     0.2447     
   2  3750.0967  0.0885     0.1707     
   3  3750.3438  0.0873     0.1330     
   4  3750.6519  0.1617     0.1968     
   5  3754.2141  0.0356     0.3466     
   6  3754.8308  0.1038     0.3831     
   7  3758.2297  0.0926     0.1863     
   8  3758.9431  0.0789     0.2666     
   9  3759.5818  0.0886     0.2120     
  10  3764.2703  0.1668     0.2585     
  11  3764.9436  0.0908     0.1587     
  12  3765.9292  0.0887     0.1783     
  13  3770.2012  0.0982     0.1627     
  14  3770.3960  0.0687     0.1285     
  15  3770.5605  0.1000     0.0960     
  16  3772.3159  0.0701     0.2273     
  17  3772.9663  0.0755     0.2850     
  18  3773.4285  0.1203     0.2996     
  19  3774.9397  0.3464     0.3147     
  20  3775.2329  0.1444     0.2836     
  21  3775.4824  0.0734     0.2848     
  22  3777.6162  0.1037     0.3392     
  23  3778.1880  0.1069     0.3141     
  24  3780.9341  0.0703     0.3002     
  25  3781.2139  0.1353     0.2304     
  26  3781.5039  0.1157     0.2640     
  27  3784.8796  0.3029     0.3039     
  28  3785.4634  0.0695     0.2370     
  29  3790.0720  0.1160     0.2283     
  30  3791.2578  0.0740     0.2554     
  31  3791.9639  0.1847     0.2219     
  32  3792.5469  0.0425     0.1782     
  33  3792.8516  0.0865     0.2163     
  34  3794.7515  0.0834     0.2728     
  35  3795.0820  0.1429     0.2225     
  36  3795.3748  0.1419     0.1847     
  37  3796.4329  0.1008     0.2420     
  38  3797.3406  0.0297     0.1127     
  39  3797.4739  0.0761     0.1884     
  40  3797.9480  0.0858     0.1263     
  41  3799.0879  0.1034     0.1237     
  42  3799.6438  0.0734     0.1779     
  43  3800.8188  0.0902     0.2175     
  44  3801.4971  0.0685     0.2465     
  45  3809.4824  0.1059     0.2068     
  46  3812.6921  0.0836     0.2788     
  47  3813.4255  0.0973     0.3296     
  48  3814.0615  0.1163     0.2642     
  49  3814.8359  0.1609     0.3682     
  50  3815.4399  0.1007     0.2476     
  51  3815.8096  0.3145     0.2371     
  52  3816.4583  0.0802     0.2057     
  53  3816.9585  0.2056     0.2937     
  54  3817.7595  0.0215     0.1941     
  55  3818.2493  0.0699     0.2862     
  56  3819.0027  0.0760     0.3734     
  57  3819.6873  0.1473     0.2225     
  58  3820.5134  0.0699     0.6196     
  59  3820.8027  0.1221     0.2029     
  60  3821.3699  0.0858     0.3024     
  61  3821.6624  0.0669     0.1610     
  62  3822.0603  0.0819     0.1989     
  63  3822.2400  0.0869     0.3384     
  64  3822.5674  0.1936     0.1411     
  65  3823.2153  0.1033     0.2815     
  66  3824.1191  0.0710     0.3747     
  67  3824.2793  0.0648     0.1687     
  68  3825.2012  0.0927     0.2437     
  69  3826.1819  0.1119     0.2956     
  70  3826.6370  0.0632     0.1993     
  71  3827.0354  0.1256     0.1706     
  72  3827.3862  0.1209     0.1726     
  73  3828.4089  0.0748     0.3240     
  74  3828.5676  0.0583     0.3008     
  75  3829.1289  0.0825     0.2693     
  76  3829.5503  0.0707     0.3602     
  77  3830.1438  0.0715     0.1949     
  78  3830.3196  0.1021     0.3010     
  79  3830.6306  0.1003     0.4063     
  80  3830.8303  0.0953     0.6009     
  81  3830.9810  0.1343     0.1787     
  82  3831.2466  0.1640     0.1695     
  83  3832.1030  0.1582     0.3707     
  84  3832.4348  0.0840     0.2510     
  85  3832.6917  0.1006     0.4406     
  86  3832.9136  0.1729     0.2581     
  87  3833.3828  0.0806     0.2035     
  88  3833.5439  0.0954     0.2332     
  89  3834.5349  0.0957     0.5418     
  90  3835.1045  0.0995     0.3202     
  91  3837.5110  0.1465     0.4411     
  92  3837.8091  0.1715     0.2657     
  93  3838.1135  0.1058     0.3820     
  94  3839.0840  0.0892     0.2525     
  95  3841.3704  0.0722     0.3449     
  96  3841.6980  0.0901     0.4507     
  97  3842.1606  0.0950     0.2626     
  98  3845.1995  0.0633     0.3142     
  99  3845.3442  0.0509     0.2948     
 100  3845.5046  0.0971     0.3044     
 101  3845.8962  0.1918     0.3707     
 102  3847.1987  0.1134     0.2018     
 103  3847.5149  0.1547     0.2902     
 104  3848.1729  0.0874     0.2422     
 105  3848.9294  0.1305     0.1409     
 106  3849.9272  0.0779     0.2404     
 107  3850.1099  0.0486     0.2530     
 108  3850.2642  0.0975     0.2505     
 109  3850.6091  0.1236     0.2801     
 110  3850.8804  0.0940     0.1945     
 111  3852.5540  0.0018     0.1394     
 112  3854.1501  0.0522     0.1688     
 113  3855.2500  0.1132     0.2513     
 114  3855.9541  0.1106     0.2546     
 115  3864.6057  0.0946     0.2152     
 116  3865.1890  0.1110     0.1380     
 117  3875.6069  0.1250     0.2050     
 118  3882.9121  0.1046     0.1838     
 119  3888.6414  0.1500     0.6686     
 120  3890.0657  0.0990     0.2127     
 121  3904.5752  0.1182     0.4027     
 122  3904.8369  0.1196     0.3804     
 123  3905.2898  0.1151     0.3147     
 124  3905.8674  0.0773     0.3477     
 125  3906.5217  0.3396     0.2323     
 126  3906.6548  0.0935     0.3425     
 127  3907.3726  0.0582     0.4886     
 128  3907.6055  0.0946     0.5377     
 129  3908.3855  0.1106     0.3835     
 130  3908.7356  0.0874     0.3878     
 131  3909.6064  0.1404     0.3588     
 132  3910.0293  0.0770     0.4684     
 133  3910.9512  0.0933     0.3843     
 134  3911.4727  0.0883     0.3999     
 135  3912.4846  0.1034     0.4640     
 136  3913.6907  0.0952     0.2797     
 137  3914.1921  0.0828     0.4562     
 138  3914.6953  0.1037     0.2579     
 139  3914.9451  0.1129     0.3355     
 140  3916.0845  0.0963     0.3895     
 141  3916.9219  0.0962     0.2882     
 142  3918.1409  0.1159     0.3204     
 143  3918.4622  0.0684     0.2395     
 144  3919.0793  0.1195     0.2634     
 145  3920.3784  0.0941     0.3278     
 146  3921.1182  0.1017     0.2127     
 147  3921.4036  0.0869     0.2214     
 148  3922.7874  0.0943     0.3253     
 149  3923.5964  0.0733     0.2266     
 150  3923.9041  0.1655     0.2125     
 151  3925.3721  0.0982     0.3156     
 152  3926.2659  0.1524     0.1825     
 153  3926.6111  0.0934     0.1493     
 154  3927.8350  0.0890     0.1966     
 155  3928.1396  0.0748     0.3174     
 156  3929.0977  0.0593     0.1842     
 157  3929.4673  0.0773     0.1674     
 158  3931.0825  0.0930     0.3032     
 159  3932.5195  0.0521     0.3614     
 160  3937.4954  0.0650     0.1819     
 161  3939.5325  0.0936     0.1883     
 162  3939.8372  0.1088     0.2212     
 163  3940.5105  0.0281     0.1932     
 164  3940.9724  0.1046     0.2094     
 165  3941.1692  0.0930     0.2211     
 166  3941.7314  0.1349     0.2836     
 167  3942.8479  0.2803     0.3108     
 168  3943.5229  0.1337     0.3778     
 169  3945.2131  0.1026     0.3052     
 170  3945.5115  0.0815     0.2182     
 171  3945.6331  0.0362     0.2000     
 172  3945.8608  0.0974     0.3728     
 173  3948.0754  0.1504     0.2781     
 174  3948.4072  0.1638     0.2312     
 175  3948.7307  0.0983     0.3406     
 176  3951.2712  0.1649     0.1803     
 177  3951.5422  0.4358     0.2432     
 178  3951.8115  0.1021     0.2229     
 179  3952.1814  0.1068     0.2394     
 180  3953.4277  0.0329     0.2054     
 181  3953.9563  0.0798     0.2602     
 182  3955.4446  0.0868     0.2176     
 183  3955.5955  0.0617     0.2035     
 184  3955.7886  0.0897     0.2035     
 185  3956.1753  0.1065     0.2153     
 186  3956.7029  0.0828     0.2043     
 187  3959.6155  0.0434     0.1184     
 188  3959.7803  0.0494     0.1500     
 189  3960.1375  0.0522     0.1675     
 190  3960.3359  0.0892     0.1797     
 191  3960.7327  0.2140     0.1790     
 192  3961.5901  0.0958     0.2003     
 193  3973.9233  0.1242     0.3001     
 194  3974.3582  0.1892     0.1777     
 195  3974.8506  0.0679     0.2026     
 196  3977.4807  0.1754     0.2448     
 197  3977.8528  0.2861     0.2075     
 198  3978.1108  0.1180     0.2714     
 199  3980.3809  0.0804     0.3034     
 200  3980.7285  0.0674     0.2590     
 201  3981.0088  0.1260     0.2952     
 202  3981.4341  0.1128     0.2664     
 203  3983.9578  0.0965     0.2266     
 204  3984.2803  0.0672     0.1885     
 205  3984.5964  0.1026     0.3363     
 206  3988.2124  0.0876     0.2535     
 207  3988.2939  0.0735     0.1955     
 208  3988.5488  0.1071     0.1887     
 209  3988.8848  0.1275     0.2609     
 210  3989.8164  0.0657     0.2075     
 211  3993.1892  0.1584     0.1938     
 212  3993.5129  0.1789     0.1799     
 213  3993.8691  0.1261     0.2348     
 214  3999.0938  0.1080     0.2483     
 215  3999.5444  0.1884     0.2640     
 216  4007.5122  0.0722     0.3405     
 217  4007.7639  0.1127     0.3331     
 218  4008.1887  0.0984     0.3023     
 219  4008.7959  0.1115     0.2761     
 220  4009.3809  0.3401     0.2231     
 221  4009.5396  0.1237     0.3206     
 222  4010.4380  0.2295     0.2456     
 223  4011.4348  0.1063     0.2865     
 224  4011.6072  0.0860     0.2632     
 225  4012.6267  0.0868     0.2808     
 226  4012.9031  0.0765     0.2643     
 227  4014.0237  0.1202     0.3385     
 228  4014.3364  0.1368     0.2581     
 229  4015.5737  0.0863     0.2970     
 230  4015.9971  0.1094     0.2631     
 231  4016.5945  0.1079     0.2230     
 232  4017.3018  0.0907     0.2691     
 233  4017.8035  0.0740     0.2177     
 234  4019.2097  0.0732     0.3182     
 235  4019.8010  0.1183     0.2510     
 236  4020.2322  0.0564     0.1706     
 237  4020.5059  0.1021     0.1948     
 238  4021.3015  0.1042     0.2864     
 239  4021.9668  0.0791     0.2176     
 240  4023.5413  0.0883     0.2740     
 241  4024.3110  0.0905     0.2140     
 242  4024.5024  0.0828     0.2061     
 243  4024.8259  0.0714     0.1947     
 244  4025.9839  0.0812     0.2548     
 245  4026.8291  0.0613     0.2689     
 246  4028.5884  0.1308     0.2576     
 247  4028.8652  0.0718     0.2252     
 248  4029.0635  0.0228     0.1782     
 249  4029.7300  0.0993     0.2134     
 250  4031.3845  0.0779     0.1884     
 251  4032.6445  0.0641     0.2429     
 252  4043.1538  0.0727     0.2381     
 253  4043.3801  0.1296     0.2742     
 254  4044.0322  0.0787     0.1841     
 255  4044.3760  0.0703     0.2556     
 256  4044.7043  0.1143     0.2747     
 257  4045.3730  0.0945     0.2709     
 258  4047.3276  0.0891     0.3715     
 259  4047.6616  0.0935     0.2784     
 260  4047.9858  0.1557     0.3334     
 261  4050.3809  0.1160     0.3056     
 262  4050.5469  0.3654     0.2497     
 263  4050.8770  0.1058     0.2748     
 264  4051.2253  0.0879     0.3204     
 265  4054.3818  0.0920     0.2609     
 266  4054.4983  0.0893     0.2683     
 267  4054.7114  0.0910     0.1756     
 268  4055.0901  0.1135     0.2446     
 269  4057.7039  0.1050     0.1986     
 270  4058.8882  0.4466     0.1975     
 271  4058.9910  0.0748     0.2097     
 272  4059.5938  0.1367     0.2489     
 273  4060.8228  0.0473     0.2430     
 274  4061.4753  0.0910     0.2928     
 275  4061.8254  0.0775     0.1886     
 276  4061.9619  0.0962     0.3056     
 277  4062.6602  0.1956     0.1822     
 278  4062.8931  0.0969     0.2222     
 279  4063.2400  0.0887     0.1947     
 280  4063.4717  0.0845     0.2373     
 281  4064.7012  0.1150     0.2132     
 282  4064.9783  0.1493     0.2871     
 283  4065.6296  0.0961     0.3353     
 284  4065.8384  0.0834     0.2322     
 285  4066.0134  0.1127     0.2822     
 286  4066.8572  0.0334     0.1997     
 287  4067.8145  0.0668     0.3222     
 288  4068.1665  0.1359     0.2227     
 289  4068.4834  0.1127     0.3277     
 290  4069.3350  0.0790     0.2169     
 291  4076.0906  0.0266     0.3231     
 292  4076.2253  0.1273     0.2577     
 293  4078.3984  0.0734     0.2088     
 294  4079.6174  0.3709     0.1874     
 295  4079.8245  0.0615     0.1981     
 296  4080.3782  0.0950     0.2448     
 297  4080.5229  0.0591     0.2411     
 298  4081.0544  0.3724     0.2473     
 299  4081.5059  0.1150     0.2789     
 300  4082.5620  0.0786     0.2346     
 301  4083.1431  0.1160     0.2769     
 302  4084.0857  0.1324     0.0949     
 303  4084.3750  0.1008     0.1885     
 304  4084.9697  0.0901     0.2038     
 305  4085.6379  0.0944     0.2512     
 306  4085.9456  0.0790     0.1849     
 307  4086.3425  0.1113     0.2514     
 308  4086.6931  0.1325     0.2190     
 309  4087.0093  0.0874     0.2635     
 310  4088.5906  0.0668     0.1918     
 311  4089.2610  0.0747     0.2545     
 312  4089.6465  0.0296     0.1878     
 313  4091.0217  0.0815     0.1655     
 314  4091.1948  0.0634     0.1952     
 315  4091.7031  0.1184     0.2396     
 316  4092.2104  0.0862     0.2071     
 317  4092.9548  0.1156     0.1791     
 318  4093.3032  0.1029     0.1641     
 319  4093.6621  0.1278     0.2100     
 320  4094.3735  0.1163     0.2064     
 321  4096.2808  0.1080     0.1449     
 322  4096.5010  0.1425     0.1603     
 323  4096.9893  0.1185     0.1848     
 324  4097.2612  0.0909     0.2234     
 325  4097.5376  0.1267     0.1590     
 326  4097.8682  0.2195     0.1419     
 327  4098.9990  0.0925     0.1586     
 328  4099.2192  0.0964     0.1843     
 329  4099.5522  0.1023     0.2146     
 330  4100.3506  0.0812     0.2048     
 331  4100.6323  0.1303     0.1288     
 332  4100.9854  0.0846     0.1246     
 333  4101.3477  0.1512     0.1457     
 334  4101.7217  0.1427     0.1214     
 335  4103.6431  0.2382     0.1535     
 336  4103.9780  0.1142     0.1679     
 337  4107.1709  0.1872     0.2826     
 338  4107.5493  0.1138     0.2387     
 339  4109.1748  0.0851     0.2567     
 340  4109.4419  0.1412     0.2116     
 341  4113.9600  0.0866     0.2158     
 342  4114.5269  0.0956     0.3318     
 343  4120.8105  0.1015     0.3278     
 344  4122.3135  0.0796     0.2021     
 345  4122.9434  0.1226     0.2226     
 346  4125.2925  0.1282     0.2675     
 347  4126.3677  0.0881     0.2130     
 348  4128.0522  0.1066     0.3397     
 349  4130.5283  0.1172     0.1934     
 350  4130.7964  0.0890     0.2095     
 351  4132.6787  0.0623     0.2510     
 352  4134.3467  0.1414     0.1795     
 353  4134.6021  0.1230     0.1627     
 354  4136.2769  0.0958     0.3484     
 355  4136.7690  0.1345     0.2077     
 356  4138.2363  0.1765     0.1951     
 357  4138.4863  0.0617     0.1914     
 358  4138.7109  0.1070     0.2618     
 359  4139.9185  0.1023     0.1925     
 360  4145.4756  0.1283     0.2912     
 361  4155.4014  0.1214     0.2602     
 362  4155.6846  0.1233     0.3251     
 363  4156.5396  0.0944     0.1814     
 364  4156.8423  0.2413     0.2552     
 365  4158.1313  0.1152     0.3290     
 366  4158.5151  0.0948     0.2848     
 367  4158.8325  0.0981     0.3296     
 368  4160.7505  0.1112     0.3347     
 369  4161.1162  0.1007     0.2541     
 370  4161.4683  0.1117     0.3045     
 371  4163.9902  0.1522     0.2943     
 372  4164.0605  0.1546     0.3254     
 373  4164.3862  0.1542     0.2735     
 374  4164.7261  0.1015     0.3483     
 375  4164.9873  0.1472     0.3194     
 376  4165.7070  0.0932     0.3668     
 377  4166.6475  0.1056     0.2209     
 378  4166.9141  0.0932     0.2773     
 379  4167.2861  0.0943     0.1985     
 380  4167.8252  0.1076     0.3256     
 381  4168.2197  0.1354     0.2709     
 382  4168.5732  0.2208     0.3222     
 383  4169.1333  0.1580     0.2596     
 384  4169.7451  0.1389     0.2071     
 385  4169.8770  0.1270     0.2532     
 386  4171.0615  0.0953     0.1952     
 387  4171.4766  0.1979     0.2286     
 388  4171.6924  0.0613     0.1775     
 389  4172.3408  0.1408     0.2770     
 390  4172.6870  0.1111     0.2117     
 391  4172.9961  0.0707     0.3239     
 392  4173.1328  0.1688     0.2304     
 393  4173.3115  0.1095     0.2086     
 394  4174.7798  0.0975     0.2854     
 395  4175.3320  0.0724     0.2890     
 396  4175.5000  0.0978     0.3023     
 397  4176.5537  0.0599     0.1761     
 398  4176.7695  0.1292     0.1650     
 399  4177.5264  0.1345     0.2535     
 400  4177.8848  0.2049     0.2783     
 401  4178.2700  0.1037     0.2407     
 402  4178.6123  0.0473     0.2716     
 403  4179.1802  0.2637     0.1607     
 404  4182.3486  0.1257     0.2129     
 405  4182.6040  0.0943     0.2313     
 406  4184.1040  0.2609     0.1844     
 407  4184.2881  0.0890     0.1714     
 408  4185.4136  0.0867     0.3900     
 409  4185.8213  0.1796     0.2328     
 410  4186.6353  0.1488     0.2354     
 411  4188.4971  0.0782     0.2385     
 412  4189.3008  0.0938     0.3068     
 413  4189.6836  0.0885     0.2153     
 414  4194.6104  0.1029     0.3358     
 415  4200.8711  0.1195     0.3548     
 416  4203.6553  0.0931     0.1624     
 417  4204.5361  0.0625     0.1726     
 418  4206.9180  0.1261     0.2574     
 419  4208.0791  0.0849     0.4700     
 420  4216.2603  0.1014     0.3655     
 421  4225.4160  0.1213     0.3505     
 422  4235.5571  0.1130     0.3347     
 423  4246.7163  0.0991     0.3174     
 424  4246.9727  0.1512     0.1994     
 425  4247.4355  0.0906     0.2008     
 426  4248.0845  0.1919     0.2052     
 427  4248.9204  0.1006     0.2694     
 428  4249.8955  0.0740     0.2395     
 429  4251.1147  0.2348     0.2073     
 430  4252.2896  0.0956     0.2403     
 431  4253.8315  0.1013     0.2446     
 432  4254.0991  0.1033     0.1940     
 433  4272.1343  0.1337     0.2014     
 434  4279.3521  0.1149     0.1815     
 435  4279.7358  0.1660     0.1744     
 436  4284.1899  0.1903     0.1841     
 437  4285.0303  0.0963     0.2716     
 438  4286.4634  0.0951     0.1837     
 439  4291.3213  0.1028     0.2350     
 440  4297.3857  0.0802     0.2793     
 441  4298.5063  0.1051     0.2360     
 442  4303.5171  0.2265     0.1805     
 443  4310.2773  0.1096     0.1891     
 444  4311.4604  0.1127     0.2026     
 445  4312.2329  0.0803     0.1921     
 446  4314.0547  0.1696     0.2817     
 447  4314.8174  0.0737     0.2419     
 448  4315.8564  0.1081     0.2409     
 449  4317.2041  0.1394     0.2501     
 450  4317.5747  0.0813     0.2111     
 451  4317.9976  0.1092     0.2768     
 452  4318.4165  0.1378     0.1886     
 453  4321.3589  0.1336     0.2191     
 454  4321.8037  0.1421     0.2147     
 455  4325.9814  0.0683     0.2012     
 456  4340.4424  0.2478     0.2588     
 457  4368.2495  0.1089     0.4518     
 458  4383.1841  0.1373     0.2016     
 459  4384.9258  0.1100     0.1877     
 460  4391.2290  0.1020     0.1978     
 461  4400.2559  0.1210     0.2007     
 462  4401.7744  0.3200     0.2005     
 463  4402.3521  0.1807     0.2310     
 464  4403.8213  0.1198     0.2298     
 465  4404.8281  0.1160     0.1704     
 466  4405.2202  0.0950     0.2474     
 467  4405.3745  0.1011     0.2026     
 468  4405.6826  0.1040     0.2397     
 469  4406.0693  0.1573     0.2560     
 470  4406.3193  0.0899     0.2560     
 471  4406.7393  0.0925     0.2097     
 472  4406.9941  0.1291     0.2781     
 473  4408.0801  0.1116     0.2560     
 474  4408.5220  0.1544     0.2707     
 475  4408.8794  0.1271     0.2360     
 476  4409.0020  0.1256     0.2293     
 477  4409.3496  0.0835     0.2589     
 478  4411.6162  0.1572     0.3738     
 479  4412.0259  0.1089     0.2700     
 480  4412.4126  0.0978     0.4007     
 481  4415.4526  0.1312     0.2725     
 482  4415.8101  0.1496     0.2511     
 483  4416.2036  0.1085     0.3821     
 484  4420.7310  0.1721     0.2511     
 485  4420.8115  0.0950     0.2622     
 486  4422.8154  0.1001     0.2156     
 487  4425.9917  0.0903     0.3054     
 488  4432.9175  0.0895     0.2425     
 489  4436.0166  0.1055     0.2528     
 490  4445.3613  0.1205     0.2173     
 491  4445.5894  0.1074     0.2510     
 492  4446.4370  0.1785     0.2467     
 493  4455.6328  0.1435     0.1885     
 494  4458.0776  0.1141     0.2515     
 495  4462.7642  0.0455     0.3924     
 496  4467.5630  0.0786     0.2454     
 497  4474.9009  0.1411     0.2410     
 498  4484.9233  0.1004     0.2511     
 499  4507.6899  0.0747     0.2801     
 500  4528.5835  0.0875     0.2059     
 501  4530.5122  0.1122     0.2213     
 502  4530.8091  0.1683     0.2047     
 503  4535.1128  0.1144     0.2349     
 504  4535.9370  0.1205     0.2176     
 505  4536.1704  0.1094     0.2027     
 506  4536.3423  0.1062     0.2274     
 507  4537.0884  0.1098     0.2593     
 508  4538.5312  0.1308     0.2209     
 509  4539.2915  0.0797     0.2871     
 510  4539.4243  0.0802     0.2321     
 511  4540.1465  0.0498     0.2391     
 512  4541.7061  0.1391     0.2873     
 513  4543.2432  0.0982     0.2428     
 514  4543.9502  0.0772     0.2292     
 515  4544.3428  0.0801     0.2510     
 516  4553.1172  0.4249     0.2166     
 517  4553.6108  0.1466     0.2674     
 518  4564.9048  0.1457     0.2177     
 519  4567.9546  0.1115     0.2313     
 520  4576.9209  0.0948     0.2636     
 521  4579.7202  0.0975     0.2306     
 522  4580.1460  0.1221     0.1928     
 523  4580.4272  0.0830     0.2092     
 524  4581.2061  0.0859     0.2118     
 525  4582.4717  0.1620     0.2298     
 526  4582.9268  0.0803     0.2243     
 527  4583.3188  0.1698     0.2457     
 528  4585.2524  0.0885     0.2561     
 529  4585.6968  0.0577     0.2054     
 530  4586.1597  0.0931     0.2466     
 531  4586.9336  0.1430     0.2194     
 532  4589.6289  0.1580     0.2432     
 533  4659.5977  0.1257     0.2626     
 534  4660.7734  0.1066     0.2266     
 535  4662.0542  0.1403     0.2158     
 536  4662.2324  0.0916     0.2407     
 537  4667.3428  0.1150     0.1886     
 538  4667.7710  0.1252     0.1835     
 539  4669.0024  0.0910     0.2088     
 540  4669.5747  0.1200     0.2243     
 541  4671.9976  0.1406     0.2282     
 542  4672.2256  0.1469     0.1997     
 543  4672.5767  0.1667     0.1855     
 544  4674.6753  0.1178     0.2240     
 545  4675.0205  0.2419     0.1971     
 546  4675.3716  0.0929     0.2111     
 547  4675.7578  0.1740     0.2252     
 548  4678.3101  0.0901     0.1880     
 549  4680.6963  0.1108     0.2155     
 550  4681.1890  0.0540     0.1862     
 551  4681.5889  0.2425     0.2520     
 552  4711.0918  0.1154     0.2293     
 553  4719.3926  0.1314     0.2231     
 554  4811.6138  0.0473     0.2096     
 555  4812.4478  0.0849     0.2600     
 556  4818.9287  0.1095     0.2460     
 557  4820.5786  0.2312     0.2150     
 558  4821.5142  0.1706     0.2621     
 559  4823.9038  0.1189     0.1904     
 560  4824.8423  0.1203     0.2621     
 561  4828.0532  0.1530     0.2387     
 562  4828.9780  0.1551     0.2504     
 563  4842.5112  0.1783     0.2649     
 564  4847.4321  0.0799     0.2278     
 565  4847.8984  0.2003     0.2100     
   1  4861.3203  0.1448     0.3118     
   2  4882.6499  0.2741     0.1472     
   3  4883.0737  0.1221     0.1843     
   4  4905.0894  0.1135     0.2608     
   5  4910.1543  0.1360     0.1434     
   6  4918.4058  0.1161     0.1780     
   7  4931.4146  0.0833     0.1379     
   8  4931.8706  0.0948     0.2183     
   9  4936.4136  0.1106     0.1492     
  10  4937.8062  0.1571     0.2783     
  11  4947.9053  0.1165     0.1601     
  12  4953.3481  0.1667     0.1717     
  13  4953.4849  0.1121     0.2106     
  14  4963.2427  0.1224     0.1544     
  15  4966.4927  0.1269     0.2027     
  16  4975.4053  0.0975     0.1735     
  17  4977.5449  0.1090     0.1736     
  18  4992.3281  0.0885     0.1761     
  19  4995.5752  0.0981     0.1481     
  20  4995.9541  0.1549     0.1365     
  21  5004.4351  0.1224     0.1555     
  22  5078.8462  0.1100     0.1412     
  23  5091.0156  0.1009     0.1471     
  24  5187.4033  0.1110     0.2708     
  25  5187.7563  0.1209     0.2707     
  26  5189.2603  0.1832     0.1586     
  27  5189.4976  0.1165     0.1809     
  28  5197.9282  0.1219     4.7512     
  29  5200.2856  0.1211     2.7566     
  30  5202.9790  0.1200     0.5274     
  31  5208.7935  0.1373     0.2311     
  32  5217.3906  0.1501     0.1975     
  33  5224.1450  0.1290     0.4948     
  34  5232.1528  0.1299     0.2646     
  35  5238.7520  0.1629     0.5508     
  36  5249.8804  0.1447     0.2430     
  37  5254.2749  0.1016     0.1418     
  38  5256.0454  0.1750     0.3341     
  39  5256.1328  0.1991     0.3466     
  40  5256.7769  0.1305     0.1508     
  41  5261.2046  0.2607     0.1413     
  42  5275.0732  0.1316     0.2359     
  43  5276.1431  0.1125     0.2391     
  44  5276.3550  0.1256     0.2164     
  45  5294.0454  0.1348     0.1667     
  46  5298.5010  0.1396     0.2220     
  47  5299.1597  0.1245     0.1812     
  48  5299.4575  0.1104     0.1919     
  49  5306.5884  0.1669     0.1672     
  50  5311.7803  0.1945     0.1470     
  51  5313.2417  0.1845     0.2648     
  52  5320.4951  0.1767     0.1476     
  53  5324.4429  0.1536     0.1434     
  54  5325.1694  0.0814     0.1515     
  55  5325.5093  0.1284     0.1398     
  56  5329.6812  0.1119     0.1608     
  57  5330.4224  0.6644     0.1734     
  58  5330.7290  0.1693     0.1942     
  59  5344.7725  0.1514     0.1285     
  60  5349.9253  0.1268     0.1525     
  61  5350.1484  0.1015     0.1440     
  62  5354.1812  0.1190     0.1413     
  63  5354.6440  0.1189     0.1414     
  64  5502.4004  0.1126     0.1504     
  65  5542.2358  0.1332     0.4510     
  66  5543.4458  0.1349     0.1511     
  67  5544.5923  0.1303     0.4431     
  68  5544.8945  0.1387     0.2168     
  69  5549.3433  0.1338     0.2109     
  70  5562.9663  0.1789     0.1480     
  71  5564.0010  0.1248     0.8658     
  72  5569.5312  0.1633     0.2911     
  73  5577.3467  0.1268   154.4809   
  74  5581.2188  0.1439     0.2908     
  75  5589.1362  0.1400     0.7199     
  76  5597.7939  0.1360     0.3732     
  77  5605.1475  0.1876     0.7273     
  78  5617.1709  0.1291     0.3292     
  79  5623.7832  0.1908     0.4253     
  80  5623.8994  0.1580     0.4122     
  81  5639.3037  0.1637     0.2450     
  82  5645.1680  0.1296     0.2942     
  83  5645.3999  0.1642     0.2758     
  84  5664.1958  0.4314     0.1722     
  85  5669.3882  0.1591     0.2018     
  86  5669.6860  0.1139     0.1785     
  87  5696.4946  0.1773     0.1565     
  88  5696.8516  0.1410     0.1590     
   1  5865.4673  0.1448     0.8422     
   2  5866.0039  0.1585     0.5305     
   3  5867.2676  0.1355     0.3166     
   4  5867.5522  0.1428     1.0304     
   5  5868.3135  0.1538     0.4540     
   6  5869.2783  0.1402     0.3284     
   7  5869.4819  0.1769     0.2300     
   8  5872.7358  0.1522     0.4221     
   9  5874.9370  0.0831     0.1830     
  10  5875.3892  0.1470     0.1970     
  11  5887.1353  0.1920     0.3209     
  12  5888.1924  0.1400     2.2385     
  13  5889.9590  0.1518    11.2867    
  14  5894.4717  0.1937     0.6972     
  15  5895.9321  0.1499     6.7611     
  16  5903.3706  0.1627     0.2212     
  17  5903.5771  0.1211     0.1899     
  18  5906.7051  0.1569     0.5899     
  19  5915.3076  0.1529     1.8282     
  20  5924.7295  0.1546     0.9016     
  21  5932.8643  0.2002     1.8154     
  22  5945.9360  0.1498     0.8174     
  23  5953.3589  0.1931     1.0486     
  24  5953.4897  0.2054     1.0745     
  25  5970.2822  0.1542     0.6083     
  26  5976.9619  0.1410     0.6896     
  27  5977.2070  0.1469     0.6501     
  28  5997.7651  0.1953     0.3455     
  29  6003.7510  0.1504     0.3993     
  30  6004.0859  0.1514     0.3823     
  31  6028.3755  0.2566     0.1804     
  32  6028.5088  0.1291     0.1841     
  33  6033.7905  0.1257     0.2747     
  34  6034.2192  0.1570     0.2135     
  35  6067.1567  0.1255     0.1783     
  36  6067.6831  0.1593     0.1741     
  37  6099.4585  0.1793     0.1492     
  38  6099.7695  0.1479     0.1462     
  39  6103.9312  0.1288     0.1586     
  40  6104.5850  0.1413     0.1570     
  41  6136.5508  0.0681     0.1472     
  42  6136.7798  0.1727     0.2248     
  43  6138.9849  0.2524     0.1601     
  44  6139.4668  0.1594     0.4040     
  45  6140.0938  0.0584     0.1476     
  46  6140.5542  0.0428     0.1242     
  47  6143.3799  0.1598     0.2021     
  48  6144.4819  0.1592     0.4931     
  49  6150.9390  0.1567     0.2495     
  50  6155.9878  0.1578     0.1569     
  51  6156.7739  0.1500     0.2211     
  52  6158.1890  0.1836     0.2666     
  53  6169.5361  0.2274     0.1840     
  54  6170.6460  0.1468     1.1814     
  55  6176.2949  0.2481     0.3336     
  56  6184.3096  0.4889     0.1529     
  57  6192.9438  0.1823     0.3464     
  58  6202.7280  0.1699     0.9862     
  59  6213.0674  0.1547     0.4548     
  60  6221.7759  0.2358     0.8318     
  61  6234.3042  0.1453     1.4175     
  62  6235.6836  0.1526     0.9273     
  63  6235.9653  0.1609     1.8141     
  64  6236.9941  0.1661     0.4200     
  65  6237.4194  0.1528     0.6502     
  66  6240.2407  0.2065     0.5015     
  67  6241.6987  0.1464     0.6263     
  68  6243.5649  0.1849     0.4854     
  69  6243.7280  0.2612     0.4550     
  70  6247.3672  0.2305     0.1684     
  71  6248.0205  0.1875     0.2414     
  72  6256.9502  0.1974     0.4147     
  73  6257.9702  0.1523     3.5662     
  74  6259.1895  0.2683     0.1637     
  75  6261.7549  0.1797     0.2517     
  76  6262.7471  0.3370     0.1399     
  77  6262.8452  0.1710     0.1450     
  78  6265.2231  0.1923     1.1453     
  79  6268.2793  0.1356     0.2844     
  80  6268.5396  0.1586     0.2512     
  81  6278.0962  0.1685     0.5680     
  82  6287.4429  0.1585     2.9576     
  83  6289.0479  0.1443     0.1657     
  84  6289.4380  0.1843     0.1364     
  85  6290.3550  0.1249     0.1392     
  86  6295.9155  0.1327     0.1814     
  87  6296.2949  0.1406     0.1535     
  88  6297.9116  0.1635     1.2702     
  89  6300.3086  0.1625   125.9882   
  90  6301.2817  0.6637     0.1822     
  91  6306.9336  0.2193     3.0754     
  92  6308.5566  0.1885     0.1536     
  93  6321.4087  0.1537     1.2701     
  94  6329.7842  0.2084     1.5794     
  95  6329.9277  0.2427     1.6699     
  96  6342.8687  0.1247     0.1289     
  97  6343.2407  0.1310     0.1306     
  98  6348.5449  0.1535     0.8962     
  99  6356.1846  0.1617     1.1168     
 100  6356.4526  0.1592     1.0526     
 101  6361.3022  0.1884     0.1363     
 102  6363.7827  0.1641    41.0899    
 103  6379.3218  0.1927     0.5185     
 104  6386.2505  0.1525     0.6283     
 105  6386.6230  0.1506     0.5954     
 106  6413.7734  0.2571     0.2257     
 107  6413.8892  0.2428     0.2024     
 108  6420.0757  0.1454     0.3493     
 109  6420.5601  0.1613     0.3252     
 110  6425.7524  0.0941     0.1340     
 111  6451.9526  0.1119     0.1771     
 112  6452.2310  0.1498     0.1640     
 113  6455.9927  0.1659     0.1243     
 114  6457.7412  0.1457     0.2096     
 115  6458.3457  0.1915     0.1912     
 116  6463.5298  0.1698     0.7228     
 117  6463.8008  0.1767     0.3495     
 118  6464.8960  0.1516     0.2100     
 119  6465.9468  0.1827     1.3541     
 120  6466.9248  0.1407     0.2056     
 121  6470.1528  0.1596     0.5783     
 122  6470.9849  0.1651     1.6028     
 123  6477.9214  0.1580     0.6328     
 124  6494.1201  0.1272     0.1031     
 125  6494.4170  0.1455     0.1222     
 126  6497.5312  0.2208     0.4350     
 127  6498.7368  0.1574     4.2749     
 128  6499.3955  0.2018     0.1459     
 129  6500.1323  0.1407     0.1494     
 130  6502.6094  0.1722     0.1396     
 131  6502.7207  0.2591     0.1437     
 132  6504.9990  0.2512     1.0114     
 133  6513.8545  0.1514     0.2833     
 134  6514.1514  0.1541     0.2727     
 135  6522.4326  0.1662     0.9594     
 136  6533.0498  0.1734     3.2824     
 137  6540.2812  0.1268     0.1345     
 138  6540.7568  0.2281     0.1229     
 139  6544.0356  0.1626     1.3781     
 140  6546.0698  0.3734     0.1222     
 141  6552.8174  0.1124     0.1268     
 142  6553.6260  0.2391     2.6673     
 143  6555.9072  0.1826     0.1030     
 144  6558.2837  0.4355     0.0992     
 145  6562.7598  0.2261     1.1632     
 146  6568.7891  0.1590     1.1619     
 147  6577.2017  0.1906     1.5694     
 148  6577.3760  0.2003     1.4609     
 149  6578.1045  0.1398     0.1330     
 150  6580.4399  0.3126     0.1343     
 151  6583.7236  0.2576     0.1841     
 152  6584.4878  0.2616     0.1384     
 153  6596.6445  0.1754     0.6829     
 154  6603.9956  0.1565     0.8587     
 155  6604.2837  0.1729     0.7822     
 156  6620.4541  0.1216     0.1128     
 157  6627.6318  0.2520     0.3092     
 158  6634.0483  0.1624     0.4170     
 159  6634.4336  0.1622     0.3880     
 160  6650.8125  0.1736     0.1224     
 161  6661.6851  0.3978     0.1568     
 162  6661.8638  0.2334     0.1623     
 163  6667.3857  0.1695     0.2242     
 164  6667.8667  0.1774     0.1841     
 165  6699.0552  0.2198     0.1403     
 166  6699.2856  0.1838     0.1210     
 167  6699.6548  0.1841     0.1290     
 168  6704.1064  0.1642     0.1711     
 169  6704.6763  0.1656     0.1460     
   1  6704.1045  0.1619     0.1729     
   2  6704.7002  0.1637     0.1489     
   3  6707.9019  0.1149     0.1031     
   4  6710.1748  0.1673     0.1036     
   5  6711.1401  0.0606     0.1083     
   6  6713.8735  0.1969     0.1085     
   7  6714.7993  0.2216     0.1143     
   8  6715.8081  0.0722     0.1139     
   9  6716.9751  0.0558     0.1168     
  10  6718.9707  0.2827     0.1004     
  11  6720.8530  0.3920     0.0979     
  12  6722.7974  0.1040     0.1058     
  13  6723.6650  0.2985     0.0978     
  14  6728.8916  0.1884     0.0960     
  15  6730.1270  0.2267     0.1000     
  16  6739.6987  0.3708     0.1279     
  17  6740.0830  0.1608     0.1226     
  18  6741.8594  0.2048     0.0994     
  19  6742.9131  0.2024     0.0977     
  20  6744.2295  0.1868     0.1330     
  21  6744.9360  0.1701     0.1279     
  22  6746.9268  0.1638     0.1030     
  23  6769.0488  0.0980     0.0939     
  24  6783.7720  0.1440     0.1285     
  25  6784.2568  0.1746     0.1102     
  26  6787.8696  0.1565     0.1480     
  27  6788.7129  0.1699     0.1302     
  28  6803.1436  0.1186     0.1192     
  29  6818.7607  0.2139     0.1087     
  30  6827.4688  0.1595     1.7680     
  31  6828.4824  0.1562     0.8257     
  32  6829.5083  0.1700     3.1619     
  33  6829.9307  0.1715     0.8072     
  34  6831.3560  0.1559     0.1318     
  35  6831.9551  0.2091     0.1129     
  36  6832.6670  0.1953     0.4084     
  37  6834.0215  0.1666     1.3086     
  38  6834.4458  0.1653     3.2604     
  39  6835.1006  0.2024     0.1327     
  40  6835.7720  0.1887     0.1041     
  41  6836.0796  0.1523     0.1348     
  42  6839.6665  0.1762     0.1911     
  43  6840.0649  0.1920     0.2523     
  44  6841.9634  0.1537     1.3152     
  45  6850.0352  0.1594     0.1616     
  46  6850.8071  0.2244     0.1806     
  47  6862.6963  0.2181     0.8605     
  48  6863.9707  0.1614     8.8607     
  49  6864.8789  0.2552     0.1340     
  50  6865.0464  0.1734     0.1354     
  51  6868.3501  0.2753     0.1193     
  52  6868.4897  0.1728     0.1398     
  53  6871.0732  0.1582     1.1441     
  54  6877.9175  0.1544     0.1123     
  55  6878.2778  0.1462     0.0956     
  56  6880.2358  0.2679     0.1035     
  57  6880.9492  0.1619     0.5661     
  58  6881.2549  0.1629     0.5516     
  59  6882.1055  0.2051     0.0957     
  60  6882.4443  0.2411     0.1259     
  61  6882.6523  0.1351     0.1622     
  62  6883.3433  0.1468     0.1116     
  63  6886.0405  0.1545     0.1463     
  64  6887.1665  0.1668     0.1226     
  65  6889.3022  0.1727     1.9032     
  66  6894.0981  0.1606     0.2149     
  67  6894.6382  0.1551     0.1979     
  68  6900.8076  0.1574     2.1768     
  69  6902.4355  0.2241     0.1160     
  70  6903.5659  0.1764     0.1138     
  71  6903.8945  0.2882     0.1051     
  72  6910.5034  0.1692     0.1018     
  73  6911.3599  0.1198     0.1015     
  74  6912.6382  0.1623     2.6807     
  75  6921.4136  0.1979     0.1245     
  76  6923.1924  0.1893     4.4382     
  77  6924.6040  0.1697     0.1894     
  78  6927.1245  0.1213     0.1014     
  79  6927.3218  0.1808     0.1061     
  80  6928.3442  0.1608     0.1132     
  81  6928.8477  0.1397     0.1061     
  82  6929.4253  0.1992     0.0852     
  83  6937.6499  0.1625     0.1325     
  84  6938.4873  0.1667     0.1106     
  85  6939.5420  0.1502     2.5603     
  86  6940.7822  0.1719     0.1563     
  87  6942.0781  0.1705     0.1312     
  88  6948.9634  0.1698     3.2389     
  89  6949.1680  0.1677     3.0787     
  90  6951.7017  0.2425     0.2003     
  91  6952.8555  0.3079     0.0960     
  92  6954.5630  0.0660     0.0963     
  93  6955.1899  0.2409     0.1100     
  94  6955.6035  0.2070     0.1030     
  95  6955.8931  0.1126     0.0991     
  96  6956.2324  0.2016     0.1221     
  97  6956.8950  0.2168     0.1024     
  98  6957.4619  0.1685     0.1325     
  99  6958.4829  0.1369     0.1112     
 100  6959.0039  0.1499     0.1240     
 101  6959.9404  0.0925     0.1112     
 102  6960.7681  0.1882     0.1241     
 103  6961.7651  0.1601     0.1124     
 104  6962.8389  0.1695     0.1141     
 105  6963.7969  0.1514     0.1045     
 106  6965.1880  0.2696     0.1107     
 107  6966.3379  0.3084     0.1594     
 108  6969.9404  0.1761     1.6079     
 109  6971.9629  0.1286     0.1065     
 110  6973.0005  0.1534     0.1128     
 111  6975.2295  0.1870     0.1121     
 112  6976.2207  0.1777     0.1226     
 113  6978.2676  0.1626     1.8394     
 114  6978.5811  0.1584     1.7867     
 115  6979.7109  0.1416     0.1280     
 116  6982.5190  0.1631     0.1260     
 117  6983.4365  0.2202     0.1302     
 118  6986.1226  0.1891     0.1168     
 119  6986.3291  0.1050     0.1274     
 120  6987.4922  0.1464     0.1224     
 121  6987.9238  0.1927     0.0957     
 122  6989.2700  0.2080     0.0973     
 123  6990.8569  0.1154     0.1134     
 124  6991.7778  0.1744     0.1106     
 125  6995.4077  0.3120     0.1002     
 126  6996.3345  0.1838     0.1062     
 127  6996.5786  0.1682     0.1246     
 128  6997.0122  0.2273     0.1254     
 129  6997.5708  0.1874     0.1127     
 130  6999.4878  0.1493     0.1458     
 131  7000.9536  0.1362     0.1200     
 132  7001.9307  0.2137     0.1052     
 133  7002.2354  0.2004     0.1262     
 134  7003.8730  0.2526     0.6750     
 135  7005.2744  0.3661     0.0938     
 136  7011.2212  0.1495     0.9753     
 137  7011.6406  0.1517     0.9360     
 138  7029.6626  0.1559     0.1518     
 139  7041.2676  0.1933     0.3301     
 140  7041.4731  0.1840     0.3293     
 141  7045.0205  0.2280     0.1115     
 142  7045.3633  0.1623     0.1277     
 143  7046.0298  0.1457     0.1959     
 144  7046.4165  0.1546     0.1325     
 145  7046.9619  0.2357     0.2047     
 146  7047.8760  0.1663     0.5987     
 147  7048.3931  0.1680     0.4739     
 148  7049.1328  0.1722     0.1881     
 149  7049.5942  0.1656     0.2309     
 150  7050.6050  0.1557     0.2082     
 151  7051.3540  0.1629     0.2414     
 152  7052.3491  0.1685     0.1973     
 153  7053.4058  0.1638     0.2130     
 154  7054.3853  0.1564     0.1705     
 155  7055.7563  0.1538     0.1644     
 156  7056.7007  0.1367     0.1112     
 157  7059.5742  0.1945     0.1130     
 158  7060.6938  0.1656     0.1809     
 159  7062.2749  0.1966     0.1212     
 160  7062.6592  0.1729     0.1719     
 161  7063.7109  0.1739     0.2211     
 162  7065.9956  0.1694     0.2271     
 163  7067.0068  0.1734     0.2677     
 164  7067.5620  0.2124     0.1199     
 165  7069.5947  0.1710     0.2437     
 166  7070.5796  0.1650     0.2897     
 167  7073.4683  0.1667     0.2356     
 168  7074.4512  0.1593     0.2720     
 169  7077.6279  0.1652     0.2037     
 170  7078.5933  0.1832     0.2210     
 171  7082.0747  0.1997     0.1819     
 172  7082.3804  0.1579     0.2482     
 173  7082.6963  0.1743     0.2355     
 174  7083.0210  0.1466     0.1928     
 175  7085.7124  0.1497     0.0984     
 176  7086.8003  0.1545     0.1565     
 177  7087.7339  0.1651     0.1551     
 178  7088.2881  0.1564     0.3457     
 179  7088.9326  0.1821     0.3170     
 180  7089.3911  0.1815     0.1007     
 181  7089.9023  0.1496     0.1387     
 182  7090.3442  0.3066     0.1141     
 183  7091.3716  0.1522     0.1065     
 184  7091.7939  0.1695     0.1496     
 185  7092.4072  0.1589     0.0851     
 186  7092.7603  0.1499     0.1411     
 187  7097.0981  0.1905     0.0998     
 188  7098.0254  0.1073     0.1066     
 189  7100.2002  0.1907     0.1021     
 190  7101.2812  0.1350     0.1165     
 191  7103.6382  0.1722     0.1109     
 192  7104.7046  0.1622     0.1107     
 193  7107.5425  0.1980     0.1125     
 194  7108.5771  0.1799     0.1228     
 195  7111.9595  0.2117     0.1114     
 196  7112.9248  0.1357     0.1085     
 197  7116.7432  0.1972     0.1061     
 198  7117.7017  0.1713     0.0999     
 199  7122.0015  0.1290     0.0976     
 200  7122.9468  0.1830     0.0979     
 201  7126.8267  0.1444     0.1211     
 202  7127.2607  0.1548     0.2281     
 203  7127.6704  0.1509     0.2105     
 204  7128.1138  0.1993     0.0986     
 205  7128.6787  0.1307     0.0952     
 206  7129.3462  0.1713     0.1291     
 207  7131.1895  0.1600     0.1048     
 208  7132.5718  0.1729     0.2801     
 209  7133.3613  0.1614     0.2477     
 210  7141.1450  0.1608     0.1217     
 211  7141.6821  0.1495     0.1397     
 212  7142.1953  0.4802     0.1157     
 213  7142.5200  0.1782     0.1680     
 214  7142.7275  0.2224     0.1377     
 215  7143.2559  0.5474     0.0931     
 216  7143.6064  0.1896     0.2694     
 217  7144.6875  0.1352     0.1967     
 218  7145.0615  0.1592     0.2334     
 219  7145.5854  0.0816     0.0826     
 220  7146.1094  0.1649     0.1996     
 221  7146.7974  0.1660     0.2205     
 222  7147.8223  0.1673     0.1918     
 223  7148.8408  0.1673     0.1966     
 224  7149.8516  0.2081     0.1620     
 225  7151.1938  0.1517     0.1454     
 226  7152.1460  0.2503     0.0972     
 227  7156.2139  0.1665     0.1531     
 228  7158.2153  0.1574     0.1672     
 229  7159.2949  0.1654     0.1993     
 230  7160.0103  0.1697     0.0950     
 231  7161.6338  0.1669     0.2084     
 232  7162.6665  0.1617     0.2559     
 233  7165.3296  0.1651     0.2465     
 234  7166.3462  0.1701     0.2642     
 235  7169.3198  0.1698     0.2262     
 236  7170.3252  0.1702     0.2568     
 237  7173.6133  0.1591     0.1980     
 238  7174.6050  0.1664     0.2203     
 239  7176.0093  0.1595     0.2114     
 240  7176.5376  0.1662     0.1858     
 241  7178.2085  0.1620     0.1755     
 242  7179.1943  0.1690     0.1840     
 243  7180.8350  0.1669     0.2705     
 244  7181.7705  0.1650     0.1878     
 245  7183.1143  0.1890     0.1381     
 246  7184.0874  0.1624     0.1460     
 247  7188.3276  0.1460     0.1160     
 248  7189.3086  0.1918     0.1216     
 249  7193.8745  0.0799     0.1035     
 250  7194.8120  0.1872     0.1035     
 251  7198.5054  0.1685     0.1115     
 252  7199.6724  0.2517     0.0885     
 253  7199.9180  0.0809     0.1018     
 254  7200.8306  0.2160     0.1332     
 255  7201.4624  0.2387     0.0856     
 256  7202.9116  0.1525     0.1143     
 257  7207.9253  0.1629     0.1486     
 258  7221.1816  0.2119     0.1278     
 259  7221.5649  0.1358     0.1165     
 260  7222.3740  0.2625     0.1263     
 261  7223.5420  0.1467     0.0981     
 262  7223.8667  0.1589     0.1089     
 263  7225.2285  0.1641     0.1492     
 264  7228.7666  0.1757     0.2118     
 265  7229.4189  0.1994     0.1780     
 266  7232.4634  0.2487     0.0956     
 267  7233.1738  0.1653     0.2609     
 268  7233.5718  0.1636     0.1212     
 269  7234.2700  0.1825     0.2205     
 270  7236.0439  0.1345     0.0980     
 271  7237.1387  0.2164     0.1089     
 272  7238.7915  0.1743     4.1989     
 273  7240.1943  0.1706     6.4680     
 274  7240.8638  0.1674     1.7026     
 275  7241.4155  0.1834     1.8265     
 276  7241.9434  0.1857     1.0212     
 277  7242.3281  0.1896     0.1159     
 278  7242.7368  0.2014     0.1240     
 279  7243.4565  0.1605     0.1757     
 280  7243.8535  0.1872     0.1103     
 281  7244.5586  0.1222     0.2560     
 282  7244.9438  0.2306     7.2646     
 283  7245.6406  0.2520     0.1657     
 284  7245.8677  0.2295     0.1911     
 285  7246.5532  0.1934     1.4399     
 286  7246.9683  0.1909     0.1675     
 287  7247.5977  0.1634     0.1899     
 288  7248.6562  0.1781     0.1637     
 289  7249.6528  0.1990     0.1905     
 290  7250.7007  0.2032     0.1709     
 291  7251.9980  0.1832     0.1339     
 292  7253.1460  0.1682     2.6528     
 293  7255.2983  0.1771     0.4402     
 294  7255.9087  0.2215     0.5237     
 295  7256.2998  0.1396     0.1027     
 296  7257.1108  0.1666     0.1252     
 297  7259.1421  0.1532     0.1449     
 298  7260.2524  0.1580     0.2122     
 299  7261.2847  0.1875     0.0893     
 300  7262.6401  0.1784     0.1770     
 301  7263.7114  0.1733     0.2173     
 302  7265.4189  0.1342     0.0917     
 303  7266.4409  0.1579     0.2014     
 304  7267.4966  0.1621     0.2270     
 305  7268.0479  0.1768     0.3058     
 306  7269.0981  0.3503     0.2375     
 307  7270.5688  0.1637     0.2154     
 308  7271.6001  0.1568     0.2223     
 309  7273.2427  0.1220     0.0926     
 310  7275.1177  0.2347     1.7605     
 311  7276.0479  0.2104     0.2053     
 312  7276.4243  0.1708    16.8024    
 313  7277.0010  0.1682     0.1451     
 314  7279.2935  0.1805     0.1160     
 315  7279.7856  0.1615     0.1466     
 316  7280.8008  0.1688     0.1572     
 317  7281.5312  0.2875     0.3164     
 318  7281.6782  0.1757     0.3564     
 319  7284.4556  0.2513     4.5379     
 320  7284.8525  0.1831     0.2966     
 321  7285.7246  0.1772     0.2181     
 322  7286.0298  0.1296     0.1913     
 323  7286.4023  0.3100     0.2121     
 324  7289.7393  0.1738     0.2722     
 325  7290.2769  0.1252     0.0978     
 326  7291.0093  0.1723     0.2169     
 327  7291.3066  0.1514     0.1027     
 328  7291.7583  0.2293     0.1166     
 329  7292.1191  0.2441     0.1784     
 330  7292.3311  0.1757     0.1745     
 331  7295.8042  0.1584     1.2121     
 332  7296.1084  0.1599     1.1884     
 333  7303.7300  0.1860     3.9159     
 334  7305.7490  0.1955     0.1779     
 335  7307.0781  0.1840     0.1860     
 336  7307.4614  0.1762     0.1711     
 337  7310.7856  0.1703     0.4245     
 338  7311.3340  0.1678     0.3963     
 339  7316.2896  0.1897    13.1392    
 340  7329.1602  0.1835     5.3836     
 341  7329.4785  0.1799     0.1750     
 342  7330.3662  0.1631     0.1423     
 343  7330.8315  0.3527     0.1347     
 344  7331.5732  0.1781     0.1048     
 345  7332.2539  0.2019     0.1435     
 346  7332.7451  0.1945     0.1317     
 347  7340.9009  0.2578    11.5612    
 348  7341.7251  0.1902     0.1607     
 349  7344.5581  0.1363     0.1187     
 350  7344.9131  0.1863     0.2725     
 351  7346.9375  0.1718     0.2211     
 352  7347.8657  0.1681     0.1821     
 353  7350.3774  0.1358     0.1026     
 354  7350.6743  0.1725     0.2771     
 355  7351.4014  0.2834     0.1191     
 356  7352.1089  0.1878     0.2343     
 357  7352.5962  0.2748     0.1272     
 358  7353.2222  0.2375     0.0910     
 359  7353.7617  0.1759     0.1025     
 360  7354.3135  0.1733     0.1162     
 361  7355.4082  0.1559     0.1038     
 362  7356.0044  0.5588     0.1171     
 363  7356.2896  0.2781     0.1137     
 364  7357.4155  0.1412     0.0962     
 365  7358.0273  0.1677     0.1205     
 366  7358.6802  0.1667     5.5437     
 367  7360.1489  0.3473     0.1099     
 368  7360.3130  0.1653     0.1088     
 369  7360.6050  0.1734     0.1177     
 370  7361.6528  0.1998     0.1040     
 371  7362.2607  0.1495     0.1155     
 372  7363.2808  0.2335     0.1029     
 373  7363.5483  0.1775     0.1361     
 374  7363.9199  0.1756     0.0947     
 375  7364.3970  0.2052     0.1521     
 376  7364.6982  0.1530     0.1257     
 377  7365.5229  0.2192     0.1261     
 378  7365.7236  0.5162     0.1035     
 379  7365.9922  0.1393     0.1069     
 380  7366.8379  0.1785     0.1094     
 381  7367.1226  0.1768     0.1085     
 382  7367.5947  0.2443     0.0916     
 383  7368.7295  0.2341     0.1058     
 384  7369.2725  0.1833     6.9046     
 385  7369.4951  0.1913     6.8380     
 386  7370.6812  0.1567     0.1219     
 387  7373.4976  0.1439     0.1137     
 388  7374.0776  0.2556     0.3006     
 389  7374.5728  0.1754     0.1404     
 390  7375.6743  0.1690     0.1051     
 391  7377.7661  0.1695     0.1155     
 392  7378.2681  0.2130     0.1078     
 393  7378.8384  0.1718     0.1198     
 394  7379.4155  0.1734     0.1144     
 395  7382.4609  0.2891     0.1201     
 396  7383.4941  0.4895     0.1164     
 397  7383.6470  0.1668     0.1105     
 398  7387.3193  0.1777     0.1350     
 399  7388.3965  0.1683     0.1447     
 400  7390.1733  0.2061     0.2336     
 401  7392.2100  0.1799     3.7579     
 402  7392.6353  0.1995     0.1269     
 403  7393.7529  0.1820     0.1250     
 404  7395.4253  0.2343     0.1021     
 405  7398.5059  0.2507     0.0953     
 406  7399.5688  0.1279     0.1089     
 407  7401.6987  0.1750     4.2351     
 408  7402.0376  0.1694     3.9665     
 409  7411.8760  0.2348     0.1593     
 410  7412.0801  0.1797     0.1763     
 411  7412.6738  0.1641     0.1885     
 412  7413.7637  0.1852     0.1508     
 413  7416.1436  0.1618     0.2192     
 414  7417.8022  0.1777     0.1779     
 415  7422.8730  0.2286     0.1648     
 416  7422.8730  0.2261     0.1648     
 417  7429.7896  0.2492     1.9032     
 418  7429.7896  0.2455     1.9032     
 419  7438.2637  0.1707     2.3439     
 420  7438.7197  0.1663     2.2202     
 421  7439.2266  0.2090     0.1131     
 422  7439.4541  0.1775     0.1250     
 423  7442.2173  0.1748     0.0932     
 424  7444.2192  0.2461     0.1064     
 425  7447.0552  0.2908     0.0858     
 426  7451.8174  0.1889     0.1194     
 427  7458.3628  0.1622     0.2392     
 428  7461.2529  0.1732     0.2193     
 429  7462.4521  0.2190     0.4947     
 430  7463.1606  0.1879     0.1434     
 431  7463.7944  0.2392     0.1174     
 432  7464.8833  0.1901     0.3084     
 433  7466.6201  0.1947     1.2681     
 434  7468.2505  0.2312     0.1444     
 435  7469.8618  0.1602     0.1186     
 436  7470.7183  0.1759     0.6533     
 437  7471.3896  0.2076     0.7883     
 438  7471.5903  0.1992     0.7536     
 439  7472.0435  0.2034     0.0973     
 440  7473.6860  0.1891     2.4108     
 441  7476.4087  0.2641     0.1303     
 442  7479.0347  0.1671     1.2380     
 443  7479.6216  0.1679     1.1843     
 444  7480.2603  0.1685     1.0938     
 445  7483.1304  0.1943     0.1629     
 446  7483.4814  0.1738     3.2174     
 447  7484.3652  0.1817     0.1376     
 448  7486.3438  0.1513     0.1838     
 449  7488.2407  0.2616     0.1625     
 450  7493.6675  0.1795     1.2307     
 451  7499.7031  0.2094     0.1770     
 452  7502.2637  0.1825     0.1110     
 453  7517.2236  0.1888     0.5153     
 454  7517.5454  0.1846     0.4715     
 455  7520.4189  0.1797     0.0930     
 456  7522.6660  0.3031     0.6784     
 457  7524.0068  0.1914     8.7098     
 458  7524.8633  0.1738     0.7280     
 459  7528.1094  0.1373     0.2022     
 460  7528.3755  0.1811     0.2053     
 461  7530.6489  0.2365     1.5147     
 462  7530.7827  0.2387     1.4911     
 463  7535.7231  0.1725     0.0998     
 464  7536.1445  0.2836     0.0856     
 465  7537.2490  0.2108     0.1165     
 466  7537.5264  0.1965     0.1141     
 467  7540.1709  0.1686     0.5018     
 468  7540.6089  0.1802     0.4469     
 469  7546.5601  0.1988     0.1170     
 470  7546.8662  0.2002     0.1061     
 471  7550.0078  0.2995     0.0819     
 472  7552.7412  0.1714     0.1787     
 473  7553.5312  0.1663     0.1652     
 474  7557.5000  0.1899     2.0335     
 475  7558.4775  0.1757     0.1345     
 476  7559.9341  0.1772     0.1227     
 477  7561.5171  0.1736     0.1465     
 478  7563.6279  0.1875     0.1227     
 479  7567.4116  0.1709     0.4076     
 480  7567.8506  0.1730     0.3630     
 481  7571.7510  0.2012     6.0957     
 482  7573.6729  0.1754     0.5406     
 483  7574.5601  0.1739     0.4832     
 484  7586.0908  0.1800     2.5403     
 485  7598.3784  0.2203     2.3753     
 486  7605.1289  0.2398     0.1014     
 487  7606.2158  0.2122     0.1021     
 488  7607.3765  0.1540     0.0720     
 489  7608.5620  0.1807     0.1352     
 490  7609.8345  0.5221     0.0942     
 491  7611.1426  0.4822     0.1162     
 492  7612.6182  0.1804     0.0991     
 493  7613.7178  0.1127     0.1046     
 494  7614.0532  0.1846     0.1280     
 495  7614.5039  0.2852     0.0770     
 496  7615.5767  0.2784     0.0996     
 497  7618.0557  0.1809     2.0328     
 498  7619.7114  0.1964     0.1287     
 499  7621.3672  0.1443     0.1134     
 500  7622.0771  0.1895     0.3195     
 501  7622.6445  0.1934     0.2634     
 502  7622.9829  0.1973     0.0905     
 503  7623.6455  0.2015     0.0866     
 504  7623.6855  0.3785     0.0723     
 505  7625.3975  0.2783     0.1380     
 506  7626.1738  0.1461     0.1014     
 507  7626.5176  0.2284     0.1327     
 508  7627.7900  0.2008     0.2462     
 509  7628.5093  0.1955     0.8395     
 510  7628.7720  0.1910     1.9593     
 511  7630.0381  0.3288     0.0886     
 512  7630.2495  0.1843     0.1343     
 513  7631.6909  0.3435     0.0900     
 514  7633.0723  0.2028     0.1618     
 515  7634.1489  0.2156     0.1597     
 516  7637.2212  0.1860     0.1513     
 517  7638.3179  0.1731     0.1475     
 518  7639.0015  0.2408     0.1064     
 519  7639.3091  0.3465     0.0564     
 520  7641.5771  0.2070     0.1305     
 521  7641.8569  0.2110     0.1400     
 522  7642.6899  0.2206     0.1392     
 523  7643.7896  0.3475     0.1014     
 524  7644.9019  0.2664     0.0910     
 525  7646.1382  0.1684     0.1220     
 526  7647.2158  0.1540     0.1242     
 527  7648.4814  0.1461     0.1074     
 528  7649.5835  0.1834     0.0999     
 529  7650.9199  0.2909     0.1043     
 530  7651.9688  0.1860     0.1164     
 531  7653.3237  0.2197     1.0236     
 532  7655.8726  0.1735     0.0965     
 533  7656.9390  0.2190     0.0965     
 534  7658.4595  0.1520     0.0953     
 535  7662.1860  0.1718     1.3403     
 536  7662.5596  0.1786     1.2867     
 537  7672.0342  0.1844     0.1199     
 538  7672.8940  0.1537     0.1489     
 539  7681.4043  0.1775     0.2931     
 540  7682.1060  0.1836     0.2464     
 541  7684.0640  0.7502     0.1311     
 542  7684.3198  0.3707     0.1337     
 543  7684.9438  0.1988     0.1181     
 544  7685.2935  0.2720     0.1452     
 545  7685.7290  0.2828     0.1395     
 546  7686.1963  0.1972     0.1350     
 547  7686.6484  0.1824     0.3659     
 548  7687.9014  0.2200     0.3291     
 549  7688.7500  0.2281     0.0910     
 550  7689.3623  0.1641     0.1401     
 551  7689.7046  0.2607     0.1459     
 552  7690.1978  0.1974     0.1038     
 553  7690.9492  0.2220     0.1412     
 554  7691.5151  0.1493     0.1574     
 555  7691.9116  0.6905     0.3222     
 556  7692.7290  0.1771     0.1655     
 557  7693.5439  0.1800     0.1744     
 558  7694.7549  0.1714     0.1678     
 559  7695.8276  0.1741     0.2114     
 560  7696.9800  0.2534     0.1671     
 561  7698.3301  0.2144     0.1658     
 562  7698.9717  0.1922     0.3983     
 563  7699.4707  0.1841     0.6073     
 564  7699.9531  0.1798     0.5481     
 565  7701.0845  0.1827     0.1548     
 566  7702.2495  0.1875     0.1336     
 567  7702.7661  0.1569     0.1052     
 568  7703.7852  0.1491     0.1167     
 569  7704.1011  0.1815     0.1195     
 570  7710.9067  0.2006     0.1094     
 571  7712.2290  0.1840     5.6628     
 572  7712.6357  0.1893     8.0230     
 573  7713.6724  0.1984     0.1754     
 574  7713.9546  0.2485     0.1407     
 575  7715.0625  0.1952     2.5345     
 576  7715.8643  0.1832     2.8589     
 577  7716.2705  0.1667     0.1673     
 578  7716.9224  0.1827    10.0680    
 579  7717.4600  0.1889     0.2147     
 580  7718.0684  0.1875     3.6500     
 581  7720.3188  0.1819     0.1843     
 582  7721.4961  0.1810     0.2093     
 583  7723.6567  0.2388     1.6675     
 584  7724.5996  0.1544     0.2063     
 585  7724.9531  0.1895     0.1556     
 586  7726.0581  0.1728     3.4114     
 587  7726.8457  0.1759     0.1123     
 588  7727.6763  0.1932     0.1466     
 589  7729.1182  0.1551     0.1795     
 590  7730.2886  0.1760     0.2692     
 591  7731.9707  0.1945     0.1345     
 592  7732.8057  0.2184     0.1004     
 593  7733.8311  0.3588     0.2548     
 594  7734.0571  0.2215     0.1872     
 595  7734.9673  0.1928     0.5202     
 596  7735.8525  0.2822     0.4811     
 597  7738.2349  0.6243     0.0980     
 598  7738.4546  0.2575     0.1065     
 599  7738.8516  0.1844     0.1512     
 600  7740.3989  0.1842     0.2625     
 601  7741.0073  0.1821     0.2457     
 602  7741.9512  0.1766     0.1077     
 603  7744.0908  0.1830     0.1516     
 604  7745.2031  0.1800     0.1555     
 605  7745.5879  0.1816     0.2708     
 606  7746.4458  0.1770     0.2286     
 607  7749.4395  0.2404     2.0052     
 608  7750.6562  0.1769    20.9867    
 609  7751.8770  0.1639     0.3089     
 610  7752.3560  0.2531     0.2239     
 611  7752.5903  0.1930     0.2342     
 612  7755.2837  0.1880     0.1289     
 613  7756.3613  0.1652     0.1413     
 614  7756.8242  0.5169     0.3852     
 615  7756.9683  0.1890     0.4394     
 616  7760.0107  0.2458     6.9925     
 617  7761.2280  0.1881     0.1174     
 618  7762.3350  0.2215     0.1300     
 619  7764.4014  0.1681     0.1267     
 620  7767.4404  0.2117     0.1122     
 621  7768.5146  0.1808     0.1214     
 622  7769.0674  0.3421     0.1773     
 623  7769.2637  0.1954     0.2118     
 624  7771.9604  0.1882     0.8495     
 625  7773.2290  0.1858     1.6236     
 626  7773.5337  0.1742     1.6293     
 627  7773.8657  0.1183     0.2080     
 628  7774.1802  0.2034     0.5157     
 629  7774.9878  0.1830     0.1059     
 630  7775.4028  0.1991     0.3562     
 631  7779.2192  0.1731     0.1367     
 632  7779.6011  0.2952     0.1273     
 633  7780.4336  0.2096     4.7248     
 634  7781.1265  0.2625     0.1096     
 635  7781.5952  0.6015     0.1057     
 636  7782.3477  0.2105     0.1433     
 637  7783.6978  0.2834     0.1727     
 638  7785.0195  0.1944     0.2168     
 639  7785.5088  0.4573     0.1608     
 640  7785.7505  0.2145     0.1590     
 641  7786.2852  0.0650     0.1324     
 642  7786.7427  0.2128     0.1672     
 643  7787.4727  0.2023     0.2098     
 644  7788.6826  0.2004     0.1879     
 645  7789.6953  0.1697     0.2287     
 646  7790.6714  0.1721     0.5203     
 647  7791.2275  0.1844     0.5408     
 648  7792.1792  0.1872     0.2088     
 649  7793.4028  0.2049     0.2010     
 650  7794.1206  0.2056    15.8224    
 651  7794.9126  0.2184     0.2023     
 652  7796.1152  0.1755     0.1488     
 653  7797.9551  0.1946     0.1445     
 654  7799.1226  0.1228     0.1033     
 655  7799.3477  0.3317     0.1078     
 656  7799.8638  0.5149     0.0984     
 657  7802.2383  0.2385     0.0881     
 658  7803.5435  0.4915     0.1075     
 659  7804.0601  0.2197     0.1442     
 660  7806.4048  0.1740     0.1659     
 661  7807.6992  0.2109     0.2210     
 662  7808.4800  0.1964     6.6913     
 663  7810.3130  0.1803     0.1972     
 664  7811.5396  0.1772     0.2512     
 665  7812.4106  0.1759     0.2175     
 666  7813.3164  0.1809     0.1846     
 667  7814.4595  0.1590     0.2408     
 668  7814.8286  0.1759     0.2426     
 669  7815.7349  0.3180     0.2668     
 670  7816.6909  0.2111     0.1102     
 671  7818.8486  0.1812     0.2416     
 672  7819.3052  0.1943     0.3398     
 673  7820.0498  0.1884     0.2423     
 674  7820.9927  0.1830     0.2718     
 675  7821.5190  0.2869    14.3636    
 676  7822.1724  0.2825     0.1217     
 677  7823.4995  0.1732     0.2023     
 678  7824.6846  0.1839     0.2177     
 679  7825.7217  0.1958     0.1522     
 680  7828.3740  0.2244     0.2145     
 681  7828.7705  0.1929     0.3569     
 682  7829.5693  0.1991     0.1918     
 683  7833.5391  0.2326     0.2693     
 684  7834.2690  0.1681     0.1349     
 685  7834.7524  0.1458     0.1518     
 686  7838.6040  0.1411     0.1210     
 687  7838.9927  0.2026     0.1185     
 688  7840.1113  0.2661     0.1291     
 689  7841.2847  0.1784     6.7951     
 690  7844.6528  0.1687     0.1163     
 691  7845.8140  0.1781     0.1056     
 692  7849.1597  0.1853     0.6628     
 693  7849.7358  0.1960     1.6802     
 694  7850.5400  0.2169     0.4367     
 695  7851.9912  0.1509     0.3939     
 696  7852.3252  0.2044     0.8567     
 697  7853.2588  0.2046     8.5257     
 698  7853.5239  0.2197    10.7990    
 699  7854.3853  0.3125     0.1215     
 700  7855.7109  0.2433     0.0950     
 701  7858.0034  0.1877     1.8751     
 702  7858.2827  0.2059     0.3778     
 703  7860.6616  0.1937     7.2786     
 704  7867.7397  0.1774     3.2565     
 705  7868.0996  0.2064     0.2712     
 706  7870.7383  0.1819     9.0700     
 707  7873.4165  0.3324     0.1314     
 708  7878.2529  0.3824     0.2553     
 709  7878.7896  0.1882     4.7601     
 710  7880.9990  0.1806     0.2279     
 711  7881.6782  0.1931     3.5516     
 712  7883.0889  0.2086     0.2444     
 713  7884.4141  0.1542     0.1921     
 714  7884.7275  0.1871     0.2524     
 715  7885.6035  0.2024     0.1368     
 716  7886.0093  0.1976     0.2504     
 717  7886.6348  0.1842     0.3595     
 718  7887.9238  0.1951     0.2730     
 719  7888.8242  0.1879     0.3534     
 720  7889.6802  0.1747     5.2483     
 721  7890.5527  0.1956     0.1622     
 722  7891.2900  0.1856     0.3513     
 723  7892.5352  0.1876     0.2945     
 724  7893.0352  0.2418     0.1042     
 725  7893.5439  0.1821     0.2298     
 726  7894.0332  0.2009     0.2980     
 727  7895.3188  0.3459     0.2520     
 728  7897.0659  0.1955     0.2111     
 729  7897.9272  0.1807     0.1812     
 730  7898.2632  0.1885     0.1448     
 731  7898.6172  0.5842     0.1373     
 732  7902.6997  0.4701     0.1715     
 733  7903.2646  0.1817     0.2230     
 734  7905.6328  0.1808     0.2428     
 735  7906.9458  0.1865     0.3593     
 736  7909.6357  0.1849     0.3624     
 737  7910.9058  0.1770     0.4179     
 738  7912.2642  0.3168     1.6923     
 739  7913.7178  0.1947    24.4786    
 740  7915.1270  0.1844     0.4647     
 741  7918.4678  0.2576     0.7020     
 742  7919.6411  0.1885     0.4644     
 743  7921.1064  0.3378     6.2801     
 744  7923.2002  0.1729     0.3353     
 745  7924.4170  0.1809     0.3552     
 746  7928.2583  0.1911     0.4166     
 747  7928.5220  0.2159     0.2106     
 748  7929.4780  0.1771     0.2921     
 749  7930.8901  0.1790     3.0493     
 750  7931.4399  0.2482     3.1244     
 751  7932.0093  0.1789     1.3413     
 752  7933.2573  0.3152     0.1200     
 753  7933.5825  0.2519     0.2473     
 754  7934.8154  0.1774     0.2042     
 755  7935.2275  0.1896     0.1216     
 756  7937.6450  0.1573     0.1375     
 757  7938.3638  0.2032     0.1156     
 758  7938.6865  0.1519     0.0893     
 759  7939.2529  0.1698     0.1636     
 760  7940.4321  0.1904     0.1518     
 761  7941.7144  0.1911     0.1558     
 762  7942.0728  0.4255     0.1098     
 763  7942.2744  0.1923     0.1201     
 764  7942.8740  0.1483     0.1371     
 765  7943.2598  0.2877     0.1413     
 766  7944.0112  0.2049     0.1403     
 767  7944.4536  0.1801     0.1320     
 768  7945.3945  0.1771     0.4127     
 769  7946.2222  0.1965     0.4019     
 770  7949.2119  0.1994     5.7847     
 771  7952.4321  0.2028     0.3000     
 772  7962.6548  0.1668     0.1688     
 773  7963.9424  0.1854     0.1646     
 774  7964.6543  0.2101    18.5479    
 775  7968.0610  0.2405     0.8457     
 776  7968.2461  0.2072     0.8578     
 777  7969.4702  0.1814     0.1293     
 778  7970.8740  0.1675     0.1113     
 779  7972.5381  0.1455     0.1108     
 780  7973.0630  0.2115     0.1013     
 781  7973.3730  0.2060     0.1507     
 782  7975.5718  0.1890     0.1304     
 783  7977.0039  0.1814     1.5057     
 784  7977.6655  0.1803     1.4580     
 785  7979.7729  0.1915     7.0654     
 786  7986.0854  0.2234     0.1303     
 787  7986.9863  0.3548     0.1221     
 788  7987.4932  0.2150     0.2588     
 789  7988.2832  0.2442     0.1632     
 790  7989.7017  0.3604     0.1659     
 791  7991.1191  0.1999     0.1569     
 792  7991.6113  0.2080     0.2137     
 793  7993.3340  0.3293    12.4183    
 794  7994.0332  0.2260     0.4128     
 795  7995.0435  0.2352     0.2015     
 796  7996.1660  0.1852     0.2485     
 797  7997.4526  0.1688     0.2161     
 798  7998.1064  0.2198     0.2810     
 799  7998.9189  0.2310     0.2164     
 800  8000.1606  0.1812     0.1910     
 801  8001.8862  0.2258     0.2024     
 802  8002.3472  0.2105     0.1092     
 803  8003.1753  0.1878     0.1612     
 804  8004.2065  0.1351     0.1294     
 805  8005.0713  0.1815     0.1115     
 806  8005.6997  0.2257     0.1108     
 807  8008.2446  0.1810     0.1608     
 808  8010.6475  0.1759     0.1831     
 809  8012.0029  0.1659     0.2329     
 810  8014.0718  0.1892     5.6471     
 811  8014.7495  0.2261     0.2793     
 812  8016.0518  0.2051     0.2726     
 813  8019.1069  0.1866     0.2761     
 814  8020.0396  0.1979     0.4889     
 815  8020.3867  0.1886     0.7297     
 816  8023.7715  0.1907     0.2659     
 817  8025.0508  0.2104     0.2963     
 818  8025.6836  0.2026     7.8750     
 819  8025.9639  0.2023     7.5955     
 820  8028.1978  0.1838     0.8127     
 821  8029.0254  0.1935     0.8083     
 822  8029.9727  0.1677     0.2248     
 823  8031.7720  0.3178     0.3464     
 824  8033.9780  0.1828     0.1890     
 825  8034.8887  0.1954     0.1093     
 826  8035.2266  0.1975     0.1850     
 827  8036.1333  0.2813     0.0928     
 828  8039.5391  0.1955     0.1521     
 829  8040.7666  0.1803     0.1859     
 830  8041.1978  0.2468     0.1049     
 831  8041.6479  0.1523     0.1133     
 832  8042.4771  0.1987     0.1225     
 833  8045.3691  0.2278     0.1112     
 834  8046.5879  0.2034     0.1081     
 835  8049.8989  0.2485     0.2636     
 836  8050.1147  0.2013     0.3104     
 837  8052.0312  0.2314     3.0372     
 838  8055.4229  0.2233     0.1051     
 839  8056.6089  0.0780     0.0948     
 840  8057.0991  0.1993     0.0919     
 841  8059.1743  0.2518     0.1179     
 842  8061.9912  0.1782     4.0684     
 843  8062.3892  0.1777     3.9185     
 844  8063.7515  0.1978     0.1199     
 845  8066.0840  0.1853     0.1810     
 846  8067.6055  0.2084     0.1253     
 847  8074.4077  0.2184     0.1632     
 848  8074.6997  0.1928     0.1849     
 849  8077.1523  0.1864     0.3032     
 850  8077.6182  0.1732     0.3021     
 851  8084.5967  0.1817     0.4533     
 852  8085.6152  0.1853     0.4474     
 853  8093.6768  0.3663     0.8847     
 854  8094.9590  0.2980     0.1770     
 855  8098.6392  0.1253     0.0903     
 856  8099.7505  0.1643     0.1038     
 857  8101.1514  0.1828     0.1485     
 858  8102.2461  0.1986     1.7072     
 859  8102.7734  0.1993     1.5930     
 860  8104.2939  0.2124     0.1234     
 861  8104.6748  0.1519     0.1067     
 862  8105.0132  0.2058     0.1933     
 863  8106.3374  0.2190     0.1332     
 864  8107.3901  0.1696     0.1481     
 865  8108.7168  0.1377     0.1329     
 866  8110.0996  0.1814     0.1421     
 867  8111.4136  0.2155     0.1200     
 868  8113.1704  0.1859     0.1033     
 869  8119.5894  0.2164     0.1073     
 870  8122.0239  0.1957     0.1168     
 871  8123.4146  0.2010     0.1535     
 872  8126.2295  0.1910     0.1467     
 873  8127.5654  0.2391     0.1815     
 874  8130.7095  0.2064     0.1422     
 875  8131.5327  0.1789     0.1366     
 876  8132.0273  0.1692     0.1781     
 877  8132.7109  0.1808     0.1173     
 878  8134.5933  0.1737     0.1604     
 879  8135.5186  0.1660     0.1449     
 880  8136.3159  0.1716     0.1292     
 881  8136.8237  0.2084     0.1567     
 882  8138.3643  0.1837     0.2291     
 883  8138.9780  0.1355     0.4649     
 884  8139.2788  0.1757     0.4183     
 885  8139.5981  0.1894     0.1950     
 886  8140.2139  0.1848     0.2066     
 887  8140.6597  0.1985     0.1368     
 888  8141.9429  0.1922     0.1261     
 889  8146.1172  0.1147     0.1306     
 890  8146.5010  0.2086     0.8998     
 891  8147.1816  0.1783     0.5902     
 892  8147.6479  0.1925     0.2856     
 893  8151.1289  0.1608     0.0926     
 894  8151.9028  0.1936     0.1108     
 895  8153.1528  0.2133     0.1070     
 896  8188.2095  0.2018     0.3569     
 897  8188.6343  0.1945     0.2707     
 898  8194.8555  0.1949     0.4124     
 899  8195.6455  0.1936     0.3427     
 900  8204.6465  0.2663     0.1133     
 901  8205.9805  0.1436     0.1231     
 902  8207.5117  0.2344     0.1790     
 903  8208.3584  0.2280     0.1175     
 904  8209.4121  0.1880     0.1239     
 905  8213.8955  0.1990     0.1525     
 906  8215.3252  0.2005     0.1583     
 907  8241.4688  0.1906     0.2594     
 908  8241.9990  0.1946     0.2415     
 909  8247.3564  0.1913     0.3435     
 910  8248.3018  0.1904     0.2793     
 911  8255.1865  0.1777     0.3012     
 912  8268.6143  0.1779     0.1155     
 913  8272.0801  0.2294     0.0932     
 914  8276.5322  0.1967     0.2244     
 915  8278.3125  0.2133     3.3334     
 916  8278.5938  0.2102     1.5563     
 917  8281.0391  0.2193     1.7234     
 918  8281.6934  0.2009     8.3378     
 919  8282.3232  0.2181     0.1659     
 920  8282.6777  0.1955     0.7563     
 921  8283.1777  0.2165     0.4812     
 922  8283.8174  0.2067     0.1155     
 923  8284.9385  0.1948     0.1581     
 924  8286.4053  0.1966     3.6253     
 925  8288.6084  0.2014    13.7231    
 926  8290.5889  0.2300     0.7881     
 927  8296.2520  0.1855     5.9021     
 928  8298.9062  0.1942    16.8148    
 929  8299.4805  0.1905     0.2343     
 930  8302.0215  0.1790     0.4312     
 931  8302.5342  0.2491     0.4475     
 932  8304.0820  0.1825     0.3078     
 933  8305.1953  0.1608     0.2397     
 934  8308.3662  0.1624     0.1550     
 935  8310.7246  0.2000     5.9864     
 936  8317.6855  0.2104     0.3456     
 937  8318.4795  0.3504     0.2816     
 938  8319.6865  0.4170     0.1086     
 939  8337.5576  0.2182     0.3283     
 940  8338.4180  0.2125     0.2467     
 941  8338.7041  0.2066     0.2244     
 942  8343.0361  0.3172     3.1141     
 943  8344.6133  0.2045    41.3499    
 944  8349.6436  0.2106     0.6961     
 945  8349.9336  0.1928     0.7251     
 946  8352.8770  0.3579     8.0904     
 947  8356.2744  0.1975     0.1451     
 948  8360.4326  0.2322     0.2760     
 949  8360.7051  0.1501     0.3029     
 950  8361.0996  0.3843     0.3295     
 951  8361.6963  0.2388     0.3002     
 952  8362.6377  0.2012     0.2441     
 953  8363.0449  0.2027     0.2324     
 954  8364.5088  0.1918     2.5528     
 955  8364.9697  0.2064     2.3724     
 956  8365.4873  0.2417     0.1544     
 957  8366.4385  0.2011     0.3177     
 958  8367.0840  0.1991     0.1378     
 959  8369.4561  0.2141     0.1159     
 960  8372.8135  0.2120     0.1067     
 961  8376.1230  0.3937     0.1405     
 962  8379.9180  0.1877     0.7781     
 963  8380.7480  0.1945     0.7663     
 964  8382.4023  0.2169     9.3045     
 965  8387.2891  0.2865     0.1321     
 966  8390.1797  0.3546     0.1948     
 967  8391.1689  0.1965     0.2237     
 968  8391.6895  0.1820     0.2051     
 969  8395.6094  0.2344     0.1138     
 970  8399.1758  0.2216    31.6444    
 971  8399.1758  0.2220    31.3224    
 972  8400.4580  0.1910     0.2252     
 973  8415.2422  0.1931    13.1818    
 974  8423.0176  0.2942     0.1431     
 975  8423.3037  0.1966     0.1501     
 976  8424.1211  0.2133     0.2231     
 977  8424.7549  0.1765     0.1445     
 978  8426.3857  0.2310     0.2678     
 979  8427.4297  0.3153     0.3713     
 980  8430.1172  0.2447    22.1756    
 981  8430.1768  0.3604    22.2793    
 982  8432.1709  0.2180     0.2925     
 983  8434.3857  0.2234     0.5997     
 984  8435.9775  0.2348     0.0966     
 985  8446.3701  0.2406     0.4199     
 986  8446.7793  0.1663     0.2791     
 987  8448.5996  0.2601     0.0727     
 988  8449.3447  0.2333     0.0823     
 989  8450.9736  0.4550     0.1152     
 990  8452.2656  0.2039    10.9385    
 991  8453.7949  0.1935     0.1013     
 992  8454.1514  0.2257     0.1447     
 993  8456.7852  0.1933     0.1009     
 994  8460.4561  0.2182     0.1341     
 995  8460.8857  0.1639     0.1325     
 996  8461.5684  0.2467     0.1342     
 997  8462.4092  0.1884     0.1398     
 998  8465.2334  0.2190    13.4872    
 999  8465.5146  0.2111    13.3193    
1000  8474.6191  0.3552     0.4642     
1001  8493.3965  0.2228     6.6999     
1002  8494.0400  0.1991     0.3898     
1003  8494.2793  0.2661     0.4111     
1004  8496.9131  0.1898     0.3003     
1005  8498.0293  0.1921     0.2248     
1006  8500.8662  0.1719     0.3781     
1007  8502.5488  0.2187     0.3409     
1008  8503.1240  0.1554     0.1208     
1009  8503.7412  0.1664     0.1758     
1010  8504.6416  0.1832     7.8616     
1011  8505.0684  0.1893     7.5702     
1012  8520.4307  0.2036     0.2401     
1013  8520.7549  0.1856     0.2893     
1014  8538.6904  0.4083     5.9527     
