41.31895
43.48254
44.43058
44.67451
44.39472
44.01818
44.25625
44.71605
44.7535
44.43934
43.80526
43.00346
42.08762
41.13467
40.14907
39.19185
38.48226
38.27674
39.23058
42.6022
49.26566
57.45775
64.66737
70.35035
74.73745
78.13576
80.87423
83.05388
84.82061
86.33346
87.62174
88.71203
89.69461
90.57058
91.36097
92.07557
92.7471
93.31671
93.773
94.15757
94.44238
94.65299
94.83572
95.00967
95.15168
95.28119
95.4276
95.59626
95.71388
95.83166
95.94123
96.0547
96.20743
96.2747
96.3903
96.47337
96.55391
96.6215
96.71285
97.06325
97.11694
97.06891
97.06319
97.06654
96.96779
96.93517
96.85711
96.7826
96.51507
96.42416
96.14047
96.20949
96.27715
96.34346
96.40844
96.47212
96.5345
96.5956
96.65544
96.71403
96.7714
96.82755
96.8825
96.93627
96.98887
97.04032
97.09063
97.13981
97.18789
97.23488
97.28079
97.32563
97.36942
97.41218
97.45392
97.49464
97.53438
97.57313
97.61092
97.64775
97.68364
97.71861
97.75266
97.78581
97.81808
97.84946
97.87999
97.90967
97.9385
97.96652
97.99371
98.02011
98.04572
98.07055
98.09462
98.11793
98.14049
98.16233
98.18345
98.20386
98.22357
98.24259
98.26093
98.27862
98.29564
98.31202
98.32777
98.3429
98.35741
98.37132
98.38463
98.39737
98.40952
98.42112
98.43216
98.44266
98.45262
98.46205
98.47097
98.47938
98.4873
98.49472
98.50166
98.50813
98.51414
98.51969
98.5248
98.52947
98.53371
98.53752
98.54093
98.54393
98.54653
98.54874
98.55057
98.55203
98.55312
98.55385
98.55423
98.55426
98.55396
98.55333
98.55238
98.55111
98.54953
98.54765
98.54547
98.54301
98.54026
98.53724
98.53395
98.53039
98.52658
98.52252
98.51822
98.51367
98.5089
98.5039
98.49868
98.49324
98.4876
98.48175
98.4757
98.46947
98.46304
98.45643
98.44965
98.4427
98.43558
98.4283
98.42086
98.41327
98.40554
98.39766
98.38965
98.3815
98.37323
98.36483
98.35632
98.34769
98.33895
98.3301
98.32116
98.31211
98.30298
98.29375
98.28444
98.27505
98.26558
98.25603
98.24642
98.23674
98.22699
98.21719
98.20733
98.19742
98.18746
98.17745
98.1674
98.15731
98.14719
98.13703
98.12684
98.11662
98.10639
98.09613
98.08585
98.07555
98.06525
98.05493
98.0446
98.03449
98.02422
98.01396
98.0037
97.99346
97.98293
97.97271
97.96251
97.95204
97.94187
97.93172
97.92132
97.91123
97.90116
97.89085
97.88085
97.8706
97.86067
97.8505
97.84065
97.83056
97.82079
97.81079
97.80111
97.79121
97.78163
97.77183
97.76208
97.75265
97.74301
97.73343
97.72417
97.71471
97.70531
97.69622
97.68694
97.67773
97.66858
97.6595
97.65049
97.64178
97.6329
97.62409
97.61536
97.60669
97.5981
97.58957
97.58113
97.57275
97.56445
97.55623
97.54808
97.54001
97.53201
97.5241
97.51626
97.50829
97.5006
97.493
97.48548
97.47803
97.47047
97.46319
97.45599
97.44867
97.44163
97.43467
97.42761
97.42081
97.41391
97.40728
97.40073
97.39408
97.38769
97.38122
97.37482
97.36868
97.36245
97.35647
97.35041
97.34444
97.3387
97.33289
97.32717
97.32152
97.31611
97.31063
97.30523
97.29992
97.29468
97.28953
97.28459
97.2796
97.27468
97.26985
97.26509
97.26042
97.25582
97.25118
97.24674
97.24238
97.23809
97.23388
97.22974
97.22557
97.22158
97.21767
97.21383
97.20996
97.20627
97.20264
97.199
97.19551
97.19201
97.18867
97.18531
97.1821
97.17888
97.1758
97.17272
97.1697
97.16682
97.16393
97.16111
97.15835
97.15572
97.15309
97.15052
97.14801
97.14556
97.14317
97.14085
97.13863
97.13642
97.1342
97.1321
97.13006
97.12806
97.12612
97.12424
97.1224
97.12057
97.11884
97.11716
97.11552
97.1139
97.11236
97.11083
97.10938
97.10798
97.10658
97.10527
97.10396
97.1027
97.10151
97.10033
97.09919
97.09812
97.09705
97.09603
97.09504
97.09409
97.0932
97.09232
97.09147
97.09065
97.08987
97.08911
97.08839
97.08768
97.08702
97.08638
97.08577
97.08519
97.08462
97.08409
97.08358
97.08308
97.08262
97.08217
97.08175
97.08134
97.08096
97.08059
97.08025
97.07991
97.0796
97.07929
97.07902
97.07875
97.07849
97.07825
97.07802
97.0778
97.07759
97.07739
97.0772
97.07703
97.07686
97.07669
97.07654
97.07639
97.07625
97.0761
97.07597
97.07584
97.07572
97.07559
97.07547
97.07535
97.07523
97.07511
97.07499
97.07487
97.07475
97.07463
97.0745
97.07437
97.07424
97.0741
97.07396
97.07382
97.07366
97.0735
97.07334
97.07317
97.07299
97.0728
97.07261
97.0724
97.07219
97.07197
97.07173
97.07149
97.07124
97.07097
97.07069
97.0704
97.0701
97.06978
97.06945
97.06911
97.06876
97.0684
97.06799
97.06759
97.06719
97.06676
97.06629
97.06584
97.06537
97.06488
97.06434
97.06382
97.06328
97.06273
97.06211
97.06152
97.06091
97.06029
97.0596
97.05894
97.05826
97.05756
97.05679
97.05605
97.05529
97.05446
97.05367
97.05285
97.05202
97.05111
97.05023
97.04934
97.04843
97.04743
97.04648
97.04551
97.04445
97.04344
97.04241
97.04136
97.04021
97.03913
97.03802
97.03681
97.03566
97.03449
97.03322
97.03201
97.03079
97.02955
97.02819
97.02691
97.02561
97.02419
97.02285
97.0215
97.02002
97.01863
97.01722
97.01568
97.01424
97.01278
97.01118
97.00969
97.00817
97.00653
97.00498
97.00342
97.00172
97.00013
96.99852
96.99678
96.99514
96.99349
96.99169
96.99001
96.98832
96.98648
96.98476
96.98303
96.98115
96.9794
96.97763
96.97572
96.97393
96.97199
96.97018
96.96836
96.96639
96.96455
96.9627
96.9607
96.95884
96.95682
96.95495
96.95306
96.95103
96.94913
96.94708
96.94517
96.94326
96.9412
96.93928
96.93736
96.93528
96.93336
96.93128
96.92935
96.92727
96.92533
96.9234
96.92132
96.91939
96.91731
96.91538
96.91346
96.91139
96.90947
96.9074
96.90549
96.90344
96.90154
96.89964
96.89761
96.89572
96.8937
96.89184
96.88983
96.88798
96.88614
96.88417
96.88234
96.88039
96.87859
96.87667
96.87489
96.87299
96.87124
96.86937
96.86764
96.86593
96.86411
96.86243
96.86064
96.85899
96.85724
96.85562
96.85391
96.85233
96.85065
96.84912
96.84748
96.84598
96.84439
96.84293
96.84139
96.83997
96.83847
96.8371
96.83565
96.83433
96.83293
96.83166
96.83031
96.82908
96.82779
96.82662
96.82538
96.82426
96.82308
96.82201
96.82089
96.81987
96.81881
96.81785
96.81685
96.81588
96.81501
96.81411
96.81329
96.81245
96.8117
96.81092
96.81023
96.80952
96.80889
96.80824
96.80763
96.8071
96.80655
96.80608
96.8056
96.80519
96.80479
96.80441
96.8041
96.8038
96.80355
96.80331
96.80313
96.80296
96.80283
96.80274
96.80268
96.80265
96.80266
96.8027
96.80277
96.80287
96.803
96.80318
96.80339
96.80361
96.80388
96.80419
96.8045
96.80487
96.80524
96.80567
96.80613
96.80659
96.80711
96.80766
96.8082
96.80881
96.8094
96.81006
96.81075
96.81142
96.81216
96.81292
96.81365
96.81447
96.8153
96.8161
96.81697
96.81787
96.81872
96.81966
96.82061
96.82151
96.8225
96.8235
96.82444
96.82547
96.82651
96.82755
96.82854
96.8296
96.83068
96.83168
96.83276
96.83385
96.83486
96.83594
96.83703
96.83811
96.83912
96.84019
96.84126
96.84224
96.84329
96.84433
96.84535
96.84629
96.84728
96.84825
96.84921
96.85007
96.85097
96.85185
96.8527
96.85346
96.85425
96.855
96.85571
96.85634
96.85697
96.85756
96.85811
96.85857
96.85901
96.8594
96.85974
96.86001
96.86022
96.86037
96.86046
96.86047
96.86042
96.86029
96.86009
96.8598
96.85943
96.85897
96.85846
96.85782
96.85709
96.85625
96.85171
96.85225
96.85284
96.85343
96.85403
96.85464
96.85526
96.85583
96.85646
96.85709
96.85772
96.85837
96.85902
96.85967
96.86028
96.86095
96.86162
96.8623
96.86298
96.86366
96.86436
96.86501
96.86571
96.86642
96.86713
96.86785
96.86857
96.8693
96.87004
96.87077
96.87146
96.87221
96.87296
96.87372
96.87448
96.87525
96.87602
96.8768
96.87758
96.87836
96.87915
96.87995
96.88069
96.88149
96.8823
96.88311
96.88392
96.88474
96.88556
96.88639
96.88722
96.88805
96.88889
96.88973
96.89057
96.89142
96.89227
96.89313
96.89399
96.89485
96.89572
96.89659
96.89746
96.89833
96.89921
96.90009
96.90098
96.90187
96.90276
96.90365
96.90455
96.90545
96.90635
96.90726
96.90816
96.90907
96.90999
96.9109
96.91182
96.91274
96.91366
96.91459
96.91551
96.91644
96.91737
96.91831
96.91924
96.92018
96.92119
96.92213
96.92307
96.92402
96.92496
96.92591
96.92686
96.92782
96.92877
96.92972
96.93068
96.93164
96.93267
96.93363
96.93459
96.93555
96.93652
96.93748
96.93845
96.93942
96.94039
96.94143
96.9424
96.94337
96.94434
96.94531
96.94629
96.94726
96.94831
96.94928
96.95026
96.95124
96.95221
96.95319
96.95424
96.95522
96.9562
96.95717
96.95815
96.9592
96.96018
96.96116
96.96214
96.96312
96.96417
96.96515
96.96613
96.9671
96.96808
96.96913
96.97011
96.97108
96.97206
96.97311
96.97408
96.97506
96.97603
96.977
96.97805
96.97902
96.97999
96.98103
96.982
96.98297
96.98393
96.98497
96.98593
96.9869
96.98786
96.98889
96.98985
96.99081
96.99184
96.9928
96.99375
96.99477
96.99572
96.99668
96.99763
96.99864
96.99959
97.00053
97.00154
97.00248
97.00342
97.00442
97.00536
97.00636
97.00729
97.00822
97.00921
97.01014
97.01106
97.01205
97.01297
97.01389
97.01486
97.01578
97.01675
97.01766
97.01856
97.01953
97.02043
97.02139
97.02229
97.02318
97.02413
97.02502
97.02597
97.02685
97.02779
97.02867
97.02954
97.03047
97.03134
97.03227
97.03313
97.03405
97.0349
97.03581
97.03666
97.03757
97.03841
97.03931
97.04015
97.04098
97.04187
97.0427
97.04358
97.0444
97.04527
97.04615
97.04695
97.04782
97.04862
97.04948
97.05027
97.05112
97.05191
97.05275
97.05353
97.05436
97.05513
97.05596
97.05677
97.05754
97.05835
97.0591
97.0599
97.06065
97.06144
97.06223
97.06297
97.06375
97.06447
97.06525
97.06601
97.06673
97.06749
97.06819
97.06894
97.06969
97.07038
97.07111
97.07184
97.07252
97.07324
97.07396
97.07463
97.07533
97.07599
97.07669
97.07738
97.07807
97.07871
97.07938
97.08006
97.08068
97.08135
97.082
97.08261
97.08326
97.0839
97.08454
97.08513
97.08576
97.08638
97.08696
97.08757
97.08818
97.08878
97.08934
97.08993
97.09051
97.09109
97.09163
97.0922
97.09277
97.09332
97.09388
97.09439
97.09493
97.09547
97.096
97.09653
97.09701
97.09753
97.09804
97.09854
97.09904
97.09953
97.09999
97.10047
97.10094
97.10141
97.10188
97.10234
97.10276
97.10321
97.10365
97.10409
97.10452
97.10494
97.10536
97.10577
97.10618
97.10656
97.10695
97.10734
97.10773
97.1081
97.10848
97.10884
97.1092
97.10956
97.10991
97.11025
97.11059
97.11092
97.11125
97.11156
97.11188
97.11219
97.11249
97.11278
97.11307
97.11336
97.11363
97.11391
97.11417
97.11443
97.11469
97.11493
97.11518
97.11541
97.11564
97.11587
97.11608
97.1163
97.1165
97.1167
97.1169
97.11709
97.11727
97.11744
97.11762
97.11778
97.11795
97.1181
97.11825
97.11839
97.11852
97.11865
97.11877
97.11889
97.119
97.11911
97.11921
97.1193
97.11939
97.11947
97.11954
97.11961
97.11968
97.11973
97.11978
97.11983
97.11987
97.1199
97.11993
97.11995
97.11996
97.11997
97.11998
97.11997
97.11996
97.11995
97.11993
97.1199
97.11987
97.11983
97.11978
97.11973
97.11967
97.11961
97.11954
97.11947
97.11939
97.1193
97.11921
97.11911
97.119
97.11889
97.11878
97.11865
97.11852
97.11839
97.11825
97.1181
97.11796
97.11779
97.11763
97.11745
97.11728
97.11711
97.11691
97.11672
97.11652
97.11632
97.11611
97.11589
97.11567
97.11544
97.11521
97.11496
97.11472
97.11448
97.11422
97.11396
97.11368
97.11342
97.11313
97.11285
97.11256
97.11227
97.11196
97.11166
97.11134
97.11103
97.1107
97.11038
97.11003
97.10971
97.10935
97.10899
97.10864
97.10827
97.10792
97.10753
97.10717
97.10678
97.10638
97.106
97.10559
97.1052
97.10478
97.10435
97.10395
97.10351
97.10307
97.10265
97.1022
97.10177
97.10131
97.10084
97.1004
97.09993
97.09944
97.09896
97.0985
97.098
97.0975
97.09702
97.09651
97.096
97.09548
97.09498
97.09445
97.09392
97.09338
97.09287
97.09232
97.09177
97.09121
97.09068
97.09012
97.08954
97.08897
97.08839
97.0878
97.08725
97.08666
97.08606
97.08546
97.08485
97.08424
97.08367
97.08305
97.08243
97.0818
97.08117
97.08053
97.07989
97.07925
97.0786
97.07795
97.07734
97.07668
97.07602
97.07535
97.07468
97.07401
97.07333
97.07265
97.07197
97.07128
97.07059
97.0699
97.0692
97.06849
97.06779
97.06708
97.06637
97.06565
97.06493
97.06421
97.06349
97.06276
97.06198
97.06125
97.06051
97.05977
97.05902
97.05828
97.05753
97.05678
97.05602
97.05521
97.05445
97.05369
97.05292
97.05215
97.05138
97.05061
97.04978
97.049
97.04822
97.04743
97.04665
97.04581
97.04501
97.04422
97.04342
97.04257
97.04177
97.04097
97.04016
97.03931
97.0385
97.03768
97.03682
97.036
97.03519
97.03431
97.03349
97.03267
97.03184
97.03097
97.03014
97.02925
97.02842
97.02759
97.0267
97.02587
97.02503
97.02414
97.02329
97.0224
97.02156
97.02066
97.01981
97.01896
97.01806
97.01721
97.01631
97.01546
97.01455
97.0137
97.01279
97.01193
97.01102
97.01016
97.00925
97.00839
97.00748
97.00656
97.0057
97.00479
97.00392
97.00301
97.00214
97.00123
97.00031
96.99944
96.99852
96.9976
96.99674
96.99582
96.9949
96.99403
96.99311
96.99219
96.99132
96.9904
96.98948
96.98862
96.9877
96.98678
96.98586
96.98499
96.98407
96.98315
96.98223
96.98137
96.98045
96.97953
96.97862
96.9777
96.97684
96.97592
96.97501
96.9741
96.97318
96.97227
96.97141
96.9705
96.96959
96.96869
96.96778
96.96687
96.96597
96.96506
96.96416
96.96326
96.96236
96.96146
96.96056
96.95967
96.95877
96.95788
96.95699
96.9561
96.95521
96.95432
96.95343
96.95255
96.95167
96.95079
96.94991
96.94903
96.94816
96.94728
96.94641
96.94554
96.94463
96.94376
96.9429
96.94204
96.94118
96.94032
96.93942
96.93857
96.93772
96.93687
96.93603
96.93513
96.9343
96.93346
96.93262
96.93174
96.93091
96.93009
96.92926
96.92839
96.92757
96.92676
96.9259
96.92509
96.92428
96.92343
96.92263
96.92178
96.92099
96.92019
96.91936
96.91857
96.91774
96.91696
96.91619
96.91537
96.9146
96.91379
96.91302
96.91222
96.91146
96.91067
96.90992
96.90913
96.90839
96.9076
96.90683
96.90609
96.90532
96.9046
96.90384
96.90308
96.90237
96.90162
96.90091
96.90017
96.89943
96.89874
96.89801
96.89728
96.89656
96.89588
96.89517
96.89446
96.89376
96.8931
96.89241
96.89171
96.89103
96.89039
96.88971
96.88904
96.88837
96.88771
96.88705
96.88643
96.88578
96.88514
96.8845
96.88386
96.88323
96.88261
96.88199
96.88137
96.88076
96.88016
96.87956
96.87896
96.87837
96.87779
96.87721
96.87663
96.87606
96.8755
96.87494
96.87438
96.87383
96.87329
96.87275
96.87221
96.87166
96.87113
96.87061
96.8701
96.86959
96.86909
96.86857
96.86808
96.86759
96.86711
96.86661
96.86614
96.86567
96.86521
96.86474
96.86429
96.86385
96.86338
96.86295
96.86253
96.86208
96.86167
96.86124
96.86083
96.86044
96.86002
96.85964
96.85923
96.85886
96.85847
96.8581
96.85773
96.85737
96.85701
96.85667
96.85631
96.85598
96.85564
96.8553
96.85499
96.85467
96.85435
96.85405
96.85375
96.85346
96.85317
96.85288
96.8526
96.85234
96.85207
96.85181
96.85155
96.85131
96.85107
96.85083
96.8506
96.85037
96.85016
96.84995
96.84974
96.84954
96.84934
96.84915
96.84897
96.84879
96.84862
96.84845
96.8483
96.84815
96.848
96.84786
96.84771
96.84758
96.84746
96.84734
96.84723
96.84712
96.84702
96.84693
96.84684
96.84676
96.84668
96.84661
96.84655
96.84649
96.84643
96.84638
96.84634
96.84631
96.84628
96.84625
96.84624
96.84622
96.84622
96.84622
96.84622
96.84623
96.84625
96.84627
96.8463
96.84633
96.84637
96.84642
96.84647
96.84652
96.84659
96.84667
96.84673
96.84681
96.8469
96.84698
96.84708
96.84719
96.84728
96.84741
96.84753
96.84764
96.84778
96.84792
96.84804
96.8482
96.84836
96.84849
96.84866
96.84885
96.84899
96.84918
96.84933
96.84953
96.84974
96.8499
96.85012
96.85035
96.85052
96.85076
96.851
96.85119
96.85144
96.8517
96.85189
96.85216
96.85243
96.85264
96.85293
96.85322
96.85344
96.85373
96.85404
96.85427
96.85458
96.8549
96.85514
96.85547
96.8558
96.85605
96.85639
96.85674
96.857
96.85735
96.85771
96.85798
96.85835
96.85872
96.859
96.85937
96.85976
96.86005
96.86044
96.86083
96.86113
96.86153
96.86193
96.86224
96.86265
96.86307
96.86338
96.8638
96.86422
96.86454
96.86498
96.86541
96.86574
96.86617
96.86662
96.86695
96.8674
96.86785
96.86819
96.86864
96.8691
96.86955
96.8699
96.87036
96.87083
96.87118
96.87165
96.87212
96.87247
96.87294
96.87342
96.87378
96.87425
96.87473
96.87509
96.87557
96.87605
96.87641
96.8769
96.87738
96.87774
96.87823
96.87871
96.87908
96.87956
96.88005
96.88041
96.88089
96.88138
96.88174
96.88222
96.88271
96.88307
96.88355
96.88403
96.88439
96.88487
96.88534
96.8857
96.88617
96.88665
96.887
96.88747
96.88793
96.88828
96.88874
96.8892
96.88955
96.89
96.89045
96.89079
96.89123
96.89168
96.89201
96.89244
96.89288
96.8933
96.89362
96.89404
96.89446
96.89477
96.89518
96.89558
96.89588
96.89628
96.89667
96.89695
96.89733
96.89771
96.89798
96.89835
96.8987
96.89897
96.89931
96.89965
96.8999
96.90023
96.90054
96.90078
96.90108
96.90138
96.9016
96.90188
96.90216
96.90236
96.90262
96.90287
96.90311
96.90329
96.90351
96.90373
96.90389
96.90408
96.90427
96.90441
96.90458
96.90474
96.90485
96.90499
96.90512
96.9052
96.90531
96.90541
96.90547
96.90555
96.90561
96.90564
96.90568
96.90571
96.90572
96.90572
96.90571
96.90568
96.90565
96.9056
96.90554
96.90548
96.90538
96.90527
96.90518
96.90505
96.90489
96.90477
96.90459
96.90439
96.90423
96.904
96.90376
96.90356
96.90328
96.90299
96.90267
96.90243
96.90208
96.90171
96.90142
96.90102
96.9006
96.90027
96.89982
96.89934
96.89897
96.89845
96.89791
96.8975
96.89692
96.89633
96.89586
96.89522
96.89456
96.89388
96.89335
96.89262
96.89187
96.8913
96.8905
96.88968
96.88905
96.88819
96.8873
96.88661
96.88568
96.88471
96.88397
96.88296
96.88192
96.88085
96.88003
96.87892
96.87777
96.87689
96.87569
96.87446
96.87352
96.87224
96.87093
96.86992
96.86855
96.86715
96.86572
96.86463
96.86314
96.86162
96.86045
96.85887
96.85725
96.85602
96.85434
96.85263
96.85132
96.84955
96.84774
96.84636
96.84448
96.84257
96.84062
96.83913
96.83712
96.83506
96.83349
96.83137
96.82921
96.82756
96.82532
96.82305
96.82131
96.81896
96.81657
96.81414
96.81229
96.80978
96.80723
96.80529
96.80266
96.79998
96.79795
96.7952
96.7924
96.78955
96.78739
96.78446
96.78149
96.77922
96.77616
96.77306
96.77069
96.7675
96.76426
96.76179
96.75846
96.75507
96.75164
96.74903
96.7455
96.74192
96.7392
96.73553
96.7318
96.72897
96.72515
96.72127
96.71733
96.71435
96.71031
96.70622
96.70312
96.69892
96.69467
96.69144