14.95514
16.72859
12.00009
11.40352
61.19911
82.498
88.47677
89.7214
89.79546
89.84245
90.97469
93.26443
95.58847
97.2415
98.2024
98.76272
99.20426
99.54109
99.67304
99.32731
98.94966
99.185
98.80747
98.8199
99.08871
99.40575
98.97537
98.89613
98.81083
98.72285
98.63379
98.92773
99.28222
99.31481
99.14327
99.08437
98.69131
98.29128
98.11596
98.38011
98.23487
97.9456
98.06511
98.02679
98.70107
98.21165
98.16483
98.23112
98.21368
98.6507
96.78582
96.78127
97.03262
96.90085
96.96701
96.75521
96.84139
96.39724
95.69437
96.70566
96.7152
96.73345
96.7383
96.74643
96.77466
96.79117
96.82785
96.86901
96.90142
96.9399
96.95703
96.97849
97.00432
97.03826
97.06372
97.09087
97.14452
97.18706
97.19876
97.21751
97.24537
97.27807
97.31379
97.34799
97.37106
97.40802
97.45269
97.49938
97.54668
97.56252
97.57646
97.61907
97.62917
97.65738
97.66889
97.69103
97.7117
97.73535
97.79379
97.83182
97.83501
97.84039
97.87714
97.89696
97.90606
97.91632
97.93227
97.94312
97.94511
98.00407
98.0234
98.0472
98.06479
98.06944
98.06107
98.10411
98.13683
98.13016
98.13973
98.1823
98.18643
98.17027
98.1707
98.16414
98.15759
98.17832
98.20471
98.21143
98.20838
98.22246
98.244
98.26905
98.28987
98.31618
98.31972
98.34575
98.38116
98.38501
98.38288
98.38245
98.3967
98.39668
98.40715
98.43636
98.43662
98.44223
98.4387
98.44108
98.41678
98.41756
98.39527
98.38171
98.38179
98.35715
98.35516
98.41274
98.43205
98.45942
98.49114
98.52257
98.55027
98.55063
98.57394
98.55528
98.53926
98.52763
98.51662
98.52156
98.5289
98.56778
98.57227
98.60667
98.64289
98.66039
98.67751
98.63663
98.63635
98.60126
98.57123
98.50789
98.48918
98.45875
98.40523
98.38794
98.41272
98.41537
98.48066
98.47648
98.0515
97.8161
98.6127
98.58392
98.67292
98.64319
98.66729
98.6584
98.62741
98.57631
98.53709
98.52019
98.5843
98.659
98.6268
98.60385
98.50159
98.49827
98.71373
98.80091
98.78434
98.83008
98.85428
98.8156
98.73094
98.80815
98.80649
98.76928
98.66967
98.66552
98.61078
98.54746
98.56909
98.51442
98.39511
98.54017
98.48124
98.52033
98.69085
98.49934
98.39315
98.65382
98.21178
98.07961
97.98204
97.88444
97.68679
97.63911
97.59145
97.54369
97.49589
97.44811
97.45023
97.35232
97.25442
97.15643
97.1584
97.1604
97.1623
97.16421
97.16604
97.16789
97.16965
97.17142
97.17311
97.17481
97.17644
97.17807
97.17963
97.18119
97.18273
97.18419
97.18565
97.18709
97.18845
97.18982
97.19116
97.19243
97.19371
97.19496
97.19617
97.19736
97.19851
97.19961
97.20071
97.20177
97.20281
97.20382
97.20481
97.20576
97.20669
97.20759
97.20846
97.20931
97.21013
97.21092
97.21169
97.21243
97.21315
97.21386
97.21452
97.21516
97.21578
97.21637
97.21696
97.2175
97.21803
97.21854
97.21901
97.21947
97.21991
97.22032
97.22072
97.22108
97.22143
97.22176
97.22206
97.22235
97.22262
97.22286
97.22308
97.22328
97.22347
97.22363
97.22378
97.2239
97.22401
97.2241
97.22417
97.22422
97.22425
97.22427
97.22427
97.22425
97.22421
97.22415
97.22408
97.224
97.22389
97.22377
97.22363
97.22348
97.22331
97.22312
97.22292
97.22271
97.22248
97.22223
97.22197
97.2217
97.22141
97.2211
97.22079
97.22046
97.22011
97.21975
97.21938
97.219
97.21859
97.21819
97.21776
97.21733
97.21688
97.21641
97.21595
97.21546
97.21496
97.21445
97.21394
97.21341
97.21287
97.21231
97.21175
97.21117
97.21059
97.21001
97.20941
97.20878
97.20816
97.20752
97.20688
97.20623
97.20558
97.20491
97.20422
97.20353
97.20284
97.20214
97.20142
97.2007
97.19996
97.19923
97.1985
97.19773
97.19698
97.19621
97.19542
97.19465
97.19386
97.19305
97.19227
97.19145
97.19063
97.1898
97.18897
97.18816
97.18731
97.18647
97.18561
97.18476
97.18389
97.18303
97.18213
97.18126
97.18038
97.17949
97.1786
97.17769
97.17679
97.17589
97.17497
97.17406
97.17313
97.17221
97.17128
97.17036
97.16941
97.16849
97.16754
97.16658
97.16563
97.16469
97.16373
97.16277
97.16181
97.16084
97.15987
97.1589
97.15793
97.15696
97.15599
97.15501
97.15401
97.15303
97.15206
97.15108
97.15007
97.14909
97.14809
97.14711
97.1461
97.14512
97.14411
97.1431
97.14212
97.14112
97.14011
97.1391
97.13812
97.13711
97.13611
97.1351
97.1341
97.1331
97.1321
97.13107
97.13007
97.12907
97.12807
97.12705
97.12606
97.12504
97.12404
97.12303
97.12204
97.12103
97.12004
97.11903
97.11803
97.11702
97.11602
97.11504
97.11404
97.11302
97.11204
97.11107
97.11009
97.10904
97.10807
97.1071
97.10613
97.10509
97.10413
97.10316
97.1022
97.10117
97.10021
97.09926
97.0983
97.09728
97.09633
97.09538
97.09444
97.09342
97.09248
97.09154
97.09061
97.0896
97.08867
97.08775
97.08675
97.08583
97.08491
97.08399
97.08301
97.0821
97.08119
97.08028
97.07931
97.07841
97.07752
97.07656
97.07567
97.07478
97.0739
97.07295
97.07207
97.0712
97.07026
97.0694
97.06853
97.06761
97.06675
97.0659
97.06505
97.06414
97.0633
97.06246
97.06156
97.06073
97.05991
97.05902
97.0582
97.05739
97.05651
97.05571
97.0549
97.05404
97.05325
97.05245
97.05161
97.05082
97.05004
97.04921
97.04844
97.04767
97.04685
97.04609
97.04534
97.04453
97.04379
97.04304
97.04225
97.04152
97.04079
97.04001
97.03929
97.03857
97.03781
97.0371
97.03635
97.03565
97.03495
97.03421
97.03353
97.03285
97.03212
97.03145
97.03073
97.03007
97.02942
97.02871
97.02807
97.02737
97.02673
97.0261
97.02542
97.0248
97.02418
97.02351
97.0229
97.02225
97.02165
97.02101
97.02041
97.01983
97.0192
97.01862
97.018
97.01744
97.01687
97.01627
97.01572
97.01512
97.01458
97.014
97.01346
97.01293
97.01236
97.01184
97.01129
97.01077
97.01023
97.00972
97.00923
97.0087
97.00821
97.00769
97.00721
97.0067
97.00623
97.00573
97.00527
97.00478
97.00433
97.00388
97.0034
97.00297
97.0025
97.00207
97.00162
97.0012
97.00075
97.00035
96.99991
96.99951
96.99909
96.9987
96.99828
96.9979
96.99749
96.99712
96.99673
96.99636
96.99598
96.99562
96.99525
96.9949
96.99453
96.9942
96.99384
96.99351
96.99317
96.99285
96.99251
96.9922
96.99187
96.99157
96.99125
96.99096
96.99065
96.99035
96.99007
96.98977
96.9895
96.98922
96.98895
96.98868
96.98842
96.98816
96.98791
96.98765
96.9874
96.98716
96.98692
96.98669
96.98646
96.98624
96.98601
96.98579
96.98558
96.98537
96.98517
96.98497
96.98478
96.98458
96.98438
96.98421
96.98402
96.98385
96.98368
96.9835
96.98335
96.98318
96.98303
96.98287
96.98272
96.98258
96.98243
96.98229
96.98216
96.98203
96.98191
96.98178
96.98166
96.98155
96.98144
96.98132
96.98122
96.98112
96.98103
96.98093
96.98084
96.98075
96.98067
96.98059
96.98051
96.98044
96.98037
96.9803
96.98024
96.98017
96.98012
96.98006
96.98001
96.97997
96.97992
96.97988
96.97984
96.97981
96.97977
96.97974
96.97972
96.9797
96.97968
96.97966
96.97964
96.97963
96.97962
96.97962
96.97961
96.97961
96.97962
96.97962
96.97963
96.97964
96.97965
96.97967
96.97969
96.9797
96.97973
96.97975
96.97978
96.97981
96.97984
96.97988
96.97992
96.97996
96.98
96.98004
96.98009
96.98014
96.98019
96.98024
96.9803
96.98035
96.98041
96.98047
96.98054
96.9806
96.98067
96.98074
96.98081
96.98088
96.98095
96.98103
96.98111
96.98119
96.98127
96.98136
96.98144
96.98152
96.98161
96.9817
96.9818
96.98188
96.98198
96.98207
96.98217
96.98227
96.98237
96.98247
96.98257
96.98267
96.98278
96.98289
96.98299
96.9831
96.9832
96.98332
96.98343
96.98354
96.98366
96.98377
96.98389
96.98399
96.98411
96.98423
96.98435
96.98447
96.98459
96.98471
96.98483
96.98496
96.98507
96.98519
96.98532
96.98544
96.98557
96.98569
96.98582
96.98595
96.98607
96.9862
96.98633
96.98646
96.98657
96.9867
96.98683
96.98696
96.98709
96.98722
96.98734
96.98747
96.9876
96.98773
96.98786
96.98799
96.98812
96.98824
96.98837
96.9885
96.98863
96.98875
96.98888
96.98901
96.98913
96.98926
96.98938
96.98951
96.98963
96.98976
96.98988
96.99
96.99012
96.99025
96.99037
96.99049
96.99061
96.99072
96.99084
96.99096
96.99107
96.99119
96.9913
96.99142
96.99153
96.99164
96.99175
96.99186
96.99197
96.99208
96.99219
96.9923
96.9924
96.9925
96.99261
96.99271
96.9928
96.9929
96.993
96.99309
96.99319
96.99328
96.99338
96.99347
96.99355
96.99364
96.99372
96.99381
96.99389
96.99397
96.99405
96.99413
96.99421
96.99428
96.99435
96.99442
96.99449
96.99455
96.99462
96.99469
96.99475
96.99481
96.99486
96.99492
96.99497
96.99502
96.99507
96.99512
96.99517
96.99521
96.99525
96.99529
96.99533
96.99536
96.99539
96.99542
96.99545
96.99548
96.9955
96.99552
96.99554
96.99555
96.99557
96.99558
96.99559
96.99559
96.9956
96.9956
96.9956
96.99559
96.99558
96.99557
96.99556
96.99555
96.99553
96.99551
96.99549
96.99546
96.99543
96.9954
96.99537
96.99533
96.99529
96.99525
96.9952
96.99515
96.9951
96.99505
96.99499
96.99493
96.99487
96.9948
96.99473
96.99466
96.99459
96.9945
96.99442
96.99434
96.99425
96.99416
96.99406
96.99397
96.99387
96.99376
96.99365
96.99355
96.99343
96.99331
96.99319
96.99307
96.99294
96.99281
96.99267
96.99253
96.99239
96.99225
96.9921
96.99195
96.99179
96.99164
96.99147
96.99131
96.99114
96.99096
96.99079
96.9906
96.99043
96.99023
96.99005
96.98984
96.98965
96.98944
96.98924
96.98903
96.98882
96.98861
96.98838
96.98817
96.98793
96.9877
96.98746
96.98721
96.98698
96.98672
96.98648
96.98622
96.98597
96.98569
96.98544
96.98516
96.98489
96.98461
96.98433
96.98404
96.98374
96.98346
96.98315
96.98286
96.98254
96.98224
96.98192
96.98159
96.98128
96.98095
96.98063
96.98029
96.97994
96.97961
96.97926
96.97892
96.97855
96.97819
96.97784
96.97746
96.97708
96.97672
96.97633
96.97594
96.97557
96.97517
96.97479
96.97438
96.97397
96.97355
96.97315
96.97273
96.9723
96.97189
96.97145
96.97101
96.97059
96.97014
96.96969
96.96923
96.96879
96.96833
96.96785
96.96741
96.96693
96.96645
96.96596
96.9655
96.965
96.9645
96.96399
96.96352
96.96301
96.96249
96.96197
96.96144
96.96094
96.96041
96.95987
96.95933
96.95878
96.95827
96.95771
96.95715
96.95659
96.95602
96.95545
96.95492
96.95434
96.95375
96.95317
96.95257
96.95198
96.95142
96.95081
96.95021
96.94959
96.94898
96.94836
96.94773
96.9471
96.94647
96.94588
96.94524
96.94459
96.94395
96.94329
96.94264
96.94198
96.94131
96.94064
96.93997
96.9393
96.93862
96.93793
96.93725
96.93655
96.93586
96.93516
96.93446
96.93375
96.93304
96.93232
96.9316
96.93088
96.93016
96.92943
96.92869
96.92795
96.92721
96.92647
96.92572
96.92497
96.92421
96.92345
96.92269
96.92192
96.92115
96.92038
96.9196
96.91882
96.91803
96.91724
96.9164
96.9156
96.9148
96.914
96.91319
96.91238
96.91157
96.91075
96.90993
96.90906
96.90823
96.9074
96.90657
96.90573
96.90489
96.90399
96.90314
96.90229
96.90144
96.90058
96.89972
96.8988
96.89793
96.89706
96.89619
96.89526
96.89438
96.89349
96.89261
96.89172
96.89077
96.88988
96.88898
96.88808
96.88711
96.88621
96.8853
96.88433
96.88341
96.88249
96.88157
96.88059
96.87966
96.87873
96.87774
96.8768
96.87586
96.87486
96.87392
96.87297
96.87196
96.87101
96.87006
96.86904
96.86808
96.86705
96.86609
96.86513
96.86409
96.86312
96.86208
96.86111
96.86013
96.85908
96.8581
96.85705
96.85606
96.85501
96.85402
96.85302
96.85196
96.85096
96.84989
96.84889
96.84782
96.84681
96.84574
96.84473
96.84365
96.84263
96.84155
96.84053
96.83944
96.83842
96.83733
96.8363
96.8352
96.83411
96.83308
96.83197
96.83094
96.82983
96.8288
96.82769
96.82658
96.82554
96.82442
96.82338
96.82226
96.82114
96.82009
96.81897
96.81785
96.8168
96.81567
96.81462
96.81349
96.81236
96.8113
96.81017
96.80904
96.8079
96.80684
96.8057
96.80457
96.8035
96.80236
96.80122
96.80008
96.79901
96.79787
96.79673
96.79558
96.79451
96.79336
96.79222
96.79107
96.78999
96.78884
96.7877
96.78655
96.7854
96.78425
96.78317
96.78202
96.78086
96.77971
96.77856
96.77741
96.77633
96.77517
96.77402
96.77287
96.77171
96.77056
96.7694
96.76825
96.7671
96.76594
96.76486
96.76371
96.76255
96.7614
96.76025
96.75909
96.75794
96.75679
96.75564
96.75449
96.75334
96.75218
96.75103
96.74988
96.74874
96.74759
96.74644
96.74529
96.74414
96.743
96.74185
96.74071
96.73949
96.73835
96.73721
96.73607
96.73493
96.73379
96.73265
96.73151
96.73038
96.72917
96.72804
96.72691
96.72578
96.72465
96.72352
96.72239
96.72119
96.72007
96.71895
96.71783
96.7167
96.71552
96.7144
96.71328
96.71217
96.71099
96.70988
96.70877
96.70766
96.70649
96.70539
96.70428
96.70312
96.70202
96.70092
96.69976
96.69867
96.69758
96.69649
96.69534
96.69426
96.69311
96.69203
96.69095
96.68981
96.68874
96.68767
96.68654
96.68547
96.68435
96.68329
96.68216
96.68111
96.68006
96.67894
96.6779
96.67679
96.67575
96.67465
96.67361
96.67251
96.67148
96.67039
96.66937
96.66829
96.66727
96.66619
96.66512
96.66411
96.66304
96.66204
96.66098
96.65998
96.65893
96.65788
96.65689
96.65585
96.65481
96.65383
96.6528
96.65177
96.65081
96.64979
96.64877
96.64782
96.64681
96.6458
96.64486
96.64386
96.64287
96.64188
96.64095
96.63997
96.63899
96.63802
96.6371
96.63614
96.63518
96.63422
96.63327
96.63238
96.63144
96.6305
96.62956
96.62863
96.62771
96.62684
96.62593
96.62502
96.62411
96.62321
96.62231
96.62142
96.62053
96.61965
96.61877
96.6179
96.61703
96.61616
96.61531
96.61445
96.6136
96.61276
96.61192
96.61109
96.61026
96.60944
96.60862
96.60781
96.607
96.6062
96.6054
96.60461
96.60382
96.60304
96.60227
96.60145
96.60069
96.59993
96.59918
96.59843
96.59769
96.59691
96.59618
96.59545
96.59473
96.59402
96.59327
96.59256
96.59187
96.59117
96.59045
96.58977
96.5891
96.58843
96.58773
96.58707
96.58642
96.58574
96.5851
96.58447
96.5838
96.58318
96.58253
96.58193
96.58132
96.58069
96.5801
96.57949
96.57891
96.57834
96.57774
96.57718
96.5766
96.57605
96.57548
96.57495
96.57439
96.57387
96.57332
96.57282
96.57228
96.57176
96.57127
96.57076
96.57029
96.56979
96.5693
96.56884
96.56837
96.56793
96.56746
96.56701
96.56658
96.56614
96.56571
96.56528
96.56489
96.56447
96.56407
96.56367
96.5633
96.56291
96.56254
96.56217
96.56182
96.56147
96.56112
96.56078
96.56044
96.56012
96.55981
96.5595
96.5592
96.5589
96.55861
96.55832
96.55805
96.55778
96.55752
96.55726
96.55701
96.55677
96.55654
96.55632
96.5561
96.55589
96.55568
96.55549
96.5553
96.55512
96.55494
96.55478
96.55462
96.55447
96.55432
96.55418
96.55405
96.55392
96.55381
96.5537
96.5536
96.5535
96.55342
96.55334
96.55327
96.5532
96.55314
96.55309
96.55305
96.55302
96.55299
96.55297
96.55296
96.55295
96.55295
96.55296
96.55298
96.55301
96.55304
96.55308
96.55313
96.55318
96.55324
96.55331
96.55339
96.55347
96.55357
96.55366
96.55377
96.55389
96.55401
96.55414
96.55428
96.55443
96.55457
96.55474
96.55491
96.55508
96.55526
96.55544
96.55564
96.55585
96.55607
96.55628
96.55651
96.55675
96.55699
96.55723
96.55749
96.55776
96.55803
96.55831
96.55859
96.55888
96.55919
96.5595
96.55981
96.56014
96.56047
96.56081
96.56116
96.56151
96.56185
96.56222
96.56259
96.56297
96.56338
96.56377
96.56418
96.56458
96.565
96.56542
96.56585
96.56629
96.56673
96.56718
96.56766
96.56812
96.56859
96.56906
96.56954
96.57006
96.57055
96.57105
96.57156
96.5721
96.57262
96.57314
96.57371
96.57424
96.57479
96.57537
96.57592
96.57652
96.57708
96.57766
96.57827
96.57886
96.57948
96.58004
96.58072
96.58141
96.58192
96.58262
96.58333
96.58386
96.58458
96.5853
96.58585
96.58659
96.58734
96.5879
96.58866
96.58942
96.59
96.59078
96.59156
96.59215
96.59295
96.59375
96.59435
96.59517
96.59578
96.5966
96.59744
96.59806
96.5989
96.59975
96.60039
96.60125
96.60212
96.60277
96.60365
96.60453
96.60519
96.60608
96.60698
96.60766
96.60856
96.60948
96.61016
96.61109
96.61201
96.61271
96.61365
96.61459
96.6153
96.61625
96.6172
96.61792
96.61888
96.61985
96.62058
96.62155
96.62253
96.62327
96.62426
96.62525
96.62599
96.62699
96.62799
96.62875
96.62975
96.63077
96.63153
96.63254
96.63357
96.63433
96.63536
96.63639
96.63716
96.6382
96.63924
96.64002
96.64106
96.6421
96.64289
96.64394
96.64499
96.64578
96.64683
96.64789
96.64868
96.64974
96.6508
96.65187
96.65266
96.65373
96.6548
96.6556
96.65666
96.65773
96.65853
96.6596
96.66067
96.66147
96.66255
96.66362
96.66442
96.66549
96.66656
96.66736
96.66843
96.6695
96.6703
96.67137
96.67243
96.67323
96.6743
96.67536
96.67616
96.67722
96.67827
96.67907
96.68012
96.68117
96.68196
96.68301
96.68406
96.68484
96.68588
96.68692
96.68769
96.68873
96.68975
96.69052
96.69155
96.69256
96.69333
96.69434
96.69534
96.6961
96.6971
96.69809
96.69883
96.69982
96.7008
96.70153
96.7025
96.70346
96.70442
96.70514
96.70609
96.70703
96.70773
96.70866
96.70958
96.71027
96.71118
96.71208
96.71276
96.71365
96.71453
96.71518
96.71605
96.71691
96.71755
96.71839
96.71923
96.71985
96.72066
96.72147
96.72207
96.72286
96.72365
96.72422
96.72499
96.72574
96.7263
96.72703
96.72775
96.72846
96.72899
96.72968
96.73035
96.73085
96.73151
96.73215
96.73263
96.73325
96.73385
96.7343
96.73488
96.73545
96.73587
96.73641
96.73694
96.73733
96.73783
96.73832
96.73868
96.73914
96.73958
96.74001
96.74032
96.74072
96.74111
96.74138
96.74173
96.74207
96.74231
96.74261
96.7429
96.7431
96.74335
96.74359
96.74375
96.74395
96.74413
96.74425
96.7444
96.74452
96.7446
96.74469
96.74476
96.74481
96.74483
96.74483
96.74482
96.74479
96.74474
96.74466
96.74459
96.74447
96.74433
96.7442
96.74402
96.74381
96.74364
96.74338
96.74311
96.74288
96.74256
96.74221
96.74183
96.74153
96.7411
96.74065
96.7403
96.7398
96.73927
96.73885
96.73827
96.73767
96.73719
96.73653
96.73584
96.7353
96.73456
96.73379
96.73298
96.73235
96.73149
96.7306
96.72991
96.72896
96.72797
96.72721
96.72617
96.72509
96.72426
96.72313
96.72195
96.72075
96.71982
96.71855
96.71724
96.71623
96.71486
96.71345
96.71237
96.7109
96.70938
96.70822
96.70664
96.70502
96.70378
96.70208
96.70035
96.69858
96.69722
96.69538
96.69349
96.69205
96.69009
96.68808
96.68655
96.68447
96.68235
96.68072
96.67852
96.67627
96.67398
96.67223
96.66985
96.66743
96.66559
96.66308
96.66053
96.65859
96.65595
96.65327
96.65053
96.64845
96.64563
96.64275
96.64057
96.6376
96.63459
96.63229
96.62919
96.62603
96.62363
96.62037
96.61707
96.61371
96.61115
96.60769
96.60418
96.6015
96.59789
96.59422
96.59143
96.58766
96.58383
96.57994
96.57699
96.573
96.56894
96.56586
96.56171
96.55749
96.55428