300 0.0134911
300.1 0.013513
300.2 0.0139529
300.3 0.0146593
300.4 0.0151298
300.5 0.0156251
300.6 0.0160179
300.7 0.0167685
300.8 0.0176785
300.9 0.0187299
301 0.01998
301.1 0.0210693
301.2 0.0224769
301.3 0.0234815
301.4 0.0242765
301.5 0.0253087
301.6 0.0259898
301.7 0.0264104
301.8 0.0268264
301.9 0.0272636
302 0.0277524
302.1 0.028487
302.2 0.029442
302.3 0.0303405
302.4 0.0314322
302.5 0.0329076
302.6 0.0344143
302.7 0.0360476
302.8 0.0378261
302.9 0.0392641
303 0.0412149
303.1 0.0429264
303.2 0.044328
303.3 0.0456474
303.4 0.0465313
303.5 0.0474762
303.6 0.0483769
303.7 0.0493256
303.8 0.0498493
303.9 0.0498161
304 0.0500548
304.1 0.0508361
304.2 0.0524963
304.3 0.05428
304.4 0.055904
304.5 0.0573897
304.6 0.0591492
304.7 0.061782
304.8 0.0642385
304.9 0.066708
305 0.0694936
305.1 0.0719499
305.2 0.0743713
305.3 0.0763404
305.4 0.0779228
305.5 0.0791556
305.6 0.0797277
305.7 0.0800432
305.8 0.080699
305.9 0.0819517
306 0.0833468
306.1 0.084212
306.2 0.084289
306.3 0.0844544
306.4 0.0856283
306.5 0.0878992
306.6 0.0907566
306.7 0.0932916
306.8 0.0953583
306.9 0.097713
307 0.101356
307.1 0.104841
307.2 0.108436
307.3 0.111539
307.4 0.114038
307.5 0.116945
307.6 0.118938
307.7 0.120448
307.8 0.121004
307.9 0.120431
308 0.120191
308.1 0.12077
308.2 0.121796
308.3 0.123503
308.4 0.126913
308.5 0.130277
308.6 0.130304
308.7 0.129903
308.8 0.130605
308.9 0.132162
309 0.133942
309.1 0.135668
309.2 0.138722
309.3 0.141848
309.4 0.146557
309.5 0.152783
309.6 0.157381
309.7 0.160798
309.8 0.16291
309.9 0.16374
310 0.164812
310.1 0.164915
310.2 0.164722
310.3 0.164221
310.4 0.16538
310.5 0.168707
310.6 0.171789
310.7 0.173508
310.8 0.174814
310.9 0.176612
311 0.178504
311.1 0.179718
311.2 0.180415
311.3 0.179773
311.4 0.179281
311.5 0.18006
311.6 0.183003
311.7 0.187539
311.8 0.19206
311.9 0.196357
312 0.199987
312.1 0.202931
312.2 0.204976
312.3 0.206853
312.4 0.209594
312.5 0.213143
312.6 0.215945
312.7 0.217756
312.8 0.219614
312.9 0.220853
313 0.221721
313.1 0.223325
313.2 0.223486
313.3 0.222724
313.4 0.219561
313.5 0.216273
313.6 0.216095
313.7 0.21932
313.8 0.222413
313.9 0.226316
314 0.23058
314.1 0.234351
314.2 0.238634
314.3 0.242963
314.4 0.247925
314.5 0.253018
314.6 0.256628
314.7 0.258235
314.8 0.258271
314.9 0.258207
315 0.259341
315.1 0.260844
315.2 0.261334
315.3 0.260693
315.4 0.257976
315.5 0.251907
315.6 0.248753
315.7 0.250742
315.8 0.256067
315.9 0.260877
316 0.267015
316.1 0.271329
316.2 0.274875
316.3 0.277299
316.4 0.279697
316.5 0.282942
316.6 0.286263
316.7 0.289842
316.8 0.292215
316.9 0.291684
317 0.288872
317.1 0.286432
317.2 0.286714
317.3 0.288634
317.4 0.290287
317.5 0.289037
317.6 0.284206
317.7 0.281058
317.8 0.284298
317.9 0.290442
318 0.295364
318.1 0.297454
318.2 0.300742
318.3 0.305356
318.4 0.310776
318.5 0.315727
318.6 0.319167
318.7 0.321523
318.8 0.323411
318.9 0.32547
319 0.32863
319.1 0.331284
319.2 0.331206
319.3 0.328179
319.4 0.321351
319.5 0.31443
319.6 0.313998
319.7 0.317154
319.8 0.320077
319.9 0.318344
320 0.313722
320.1 0.313237
320.2 0.318521
320.3 0.325554
320.4 0.331673
320.5 0.335999
320.6 0.338436
320.7 0.342072
320.8 0.347125
320.9 0.351338
321 0.355636
321.1 0.358142
321.2 0.359068
321.3 0.358831
321.4 0.358283
321.5 0.35876
321.6 0.360128
321.7 0.361142
321.8 0.359709
321.9 0.352545
322 0.342155
322.1 0.337161
322.2 0.339623
322.3 0.344831
322.4 0.349625
322.5 0.351756
322.6 0.345363
322.7 0.342254
322.8 0.345362
322.9 0.351019
323 0.357475
323.1 0.363344
323.2 0.368797
323.3 0.373424
323.4 0.377192
323.5 0.380762
323.6 0.383525
323.7 0.386373
323.8 0.388737
323.9 0.390033
324 0.389628
324.1 0.387348
324.2 0.384804
324.3 0.384108
324.4 0.384746
324.5 0.385508
324.6 0.384972
324.7 0.379251
324.8 0.369479
324.9 0.364662
325 0.366924
325.1 0.371336
325.2 0.376753
325.3 0.381297
325.4 0.38226
325.5 0.38003
325.6 0.380526
325.7 0.383953
325.8 0.388082
325.9 0.392162
326 0.396028
326.1 0.399309
326.2 0.402125
326.3 0.404427
326.4 0.406029
326.5 0.407633
326.6 0.409105
326.7 0.410522
326.8 0.411614
326.9 0.411772
327 0.41009
327.1 0.406878
327.2 0.404189
327.3 0.403687
327.4 0.405012
327.5 0.40693
327.6 0.408
327.7 0.406414
327.8 0.399741
327.9 0.393745
328 0.391665
328.1 0.393436
328.2 0.397564
328.3 0.401942
328.4 0.405999
328.5 0.409909
328.6 0.41326
328.7 0.416401
328.8 0.419244
328.9 0.421537
329 0.423529
329.1 0.425338
329.2 0.426976
329.3 0.428225
329.4 0.429188
329.5 0.429827
329.6 0.430084
329.7 0.430257
329.8 0.430771
329.9 0.431491
330 0.432114
330.1 0.431486
330.2 0.428001
330.3 0.423571
330.4 0.42192
330.5 0.422645
330.6 0.424264
330.7 0.426103
330.8 0.427462
330.9 0.426753
331 0.42244
331.1 0.419721
331.2 0.421126
331.3 0.423484
331.4 0.426451
331.5 0.429569
331.6 0.432311
331.7 0.434751
331.8 0.437017
331.9 0.438879
332 0.440691
332.1 0.442188
332.2 0.443594
332.3 0.444758
332.4 0.445899
332.5 0.446791
332.6 0.44739
332.7 0.447809
332.8 0.447922
332.9 0.447581
333 0.447232
333.1 0.44729
333.2 0.447599
333.3 0.448004
333.4 0.447991
333.5 0.44649
333.6 0.443034
333.7 0.439963
333.8 0.439334
333.9 0.440668
334 0.442753
334.1 0.444994
334.2 0.447342
334.3 0.44939
334.4 0.451133
334.5 0.452547
334.6 0.453639
334.7 0.454647
334.8 0.455776
334.9 0.456968
335 0.458114
335.1 0.459262
335.2 0.460207
335.3 0.461007
335.4 0.461667
335.5 0.462255
335.6 0.462714
335.7 0.463136
335.8 0.463683
335.9 0.464269
336 0.464671
336.1 0.464921
336.2 0.464773
336.3 0.464293
336.4 0.463373
336.5 0.462835
336.6 0.463038
336.7 0.463706
336.8 0.464453
336.9 0.464998
337 0.464712
337.1 0.46335
337.2 0.460953
337.3 0.459954
337.4 0.460629
337.5 0.462163
337.6 0.463842
337.7 0.46553
337.8 0.467186
337.9 0.468557
338 0.46987
338.1 0.471049
338.2 0.472244
338.3 0.473268
338.4 0.474179
338.5 0.475033
338.6 0.475674
338.7 0.476194
338.8 0.476869
338.9 0.477439
339 0.477872
339.1 0.478273
339.2 0.478675
339.3 0.478984
339.4 0.479184
339.5 0.479447
339.6 0.479846
339.7 0.480246
339.8 0.480499
339.9 0.480444
340 0.479619
340.1 0.478441
340.2 0.477839
340.3 0.478287
340.4 0.479137
340.5 0.480187
340.6 0.481181
340.7 0.482177
340.8 0.483134
340.9 0.484013
341 0.484823
341.1 0.485586
341.2 0.486301
341.3 0.486969
341.4 0.487585
341.5 0.488151
341.6 0.48871
341.7 0.489171
341.8 0.48959
341.9 0.490022
342 0.490424
342.1 0.490873
342.2 0.491321
342.3 0.491768
342.4 0.492216
342.5 0.49263
342.6 0.492996
342.7 0.493314
342.8 0.493585
342.9 0.493812
343 0.494092
343.1 0.494273
343.2 0.494482
343.3 0.494806
343.4 0.495221
343.5 0.495629
343.6 0.495932
343.7 0.496089
343.8 0.495919
343.9 0.495161
344 0.49474
344.1 0.494885
344.2 0.495499
344.3 0.496343
344.4 0.497226
344.5 0.49811
344.6 0.498999
344.7 0.499789
344.8 0.500484
344.9 0.501147
345 0.501764
345.1 0.502316
345.2 0.502861
345.3 0.503356
345.4 0.503852
345.5 0.504347
345.6 0.504805
345.7 0.505244
345.8 0.505682
345.9 0.506143
346 0.506694
346.1 0.507243
346.2 0.507744
346.3 0.508238
346.4 0.508698
346.5 0.509111
346.6 0.509508
346.7 0.509937
346.8 0.510318
346.9 0.510698
347 0.511032
347.1 0.511317
347.2 0.511499
347.3 0.511634
347.4 0.511863
347.5 0.512186
347.6 0.512563
347.7 0.513087
347.8 0.513633
347.9 0.51418
348 0.514704
348.1 0.51518
348.2 0.515613
348.3 0.516045
348.4 0.516478
348.5 0.516909
348.6 0.517308
348.7 0.517682
348.8 0.518072
348.9 0.518503
349 0.518933
349.1 0.51931
349.2 0.519728
349.3 0.520088
349.4 0.520429
349.5 0.520786
349.6 0.521101
349.7 0.521415
349.8 0.521838
349.9 0.522222
350 0.522592
350.1 0.522963
350.2 0.523333
350.3 0.523703
350.4 0.524073
350.5 0.524496
350.6 0.524878
350.7 0.525247
350.8 0.525615
350.9 0.525983
351 0.526345
351.1 0.526655
351.2 0.526965
351.3 0.527144
351.4 0.52728
351.5 0.52744
351.6 0.527647
351.7 0.527911
351.8 0.528334
351.9 0.52886
352 0.529355
352.1 0.529834
352.2 0.530291
352.3 0.5307
352.4 0.531066
352.5 0.531486
352.6 0.531907
352.7 0.532327
352.8 0.532718
352.9 0.5331
353 0.533519
353.1 0.533939
353.2 0.534301
353.3 0.534662
353.4 0.535059
353.5 0.535451
353.6 0.535811
353.7 0.536171
353.8 0.53653
353.9 0.53689
354 0.537248
354.1 0.537607
354.2 0.537943
354.3 0.538255
354.4 0.538612
354.5 0.53897
354.6 0.539327
354.7 0.539684
354.8 0.540013
354.9 0.540328
355 0.540683
355.1 0.541039
355.2 0.54134
355.3 0.54168
355.4 0.542035
355.5 0.542389
355.6 0.542743
355.7 0.543097
355.8 0.543392
355.9 0.543734
356 0.54405
356.1 0.54437
356.2 0.544722
356.3 0.54507
356.4 0.545363
356.5 0.545707
356.6 0.545977
356.7 0.54624
356.8 0.546531
356.9 0.546823
357 0.547113
357.1 0.547459
357.2 0.547808
357.3 0.548124
357.4 0.548414
357.5 0.548713
357.6 0.549061
357.7 0.54935
357.8 0.549685
357.9 0.549996
358 0.550284
358.1 0.550584
358.2 0.550928
358.3 0.551215
358.4 0.551501
358.5 0.551824
358.6 0.552143
358.7 0.552428
358.8 0.552713
358.9 0.552998
359 0.553282
359.1 0.553565
359.2 0.553849
359.3 0.554132
359.4 0.554415
359.5 0.554697
359.6 0.554979
359.7 0.5553
359.8 0.555613
359.9 0.55591
360 0.55625
360.1 0.55659
360.2 0.556929
360.3 0.557228
360.4 0.557536
360.5 0.557874
360.6 0.558212
360.7 0.55855
360.8 0.558939
360.9 0.559297
361 0.559661
361.1 0.560057
361.2 0.560451
361.3 0.560846
361.4 0.561245
361.5 0.56164
361.6 0.562061
361.7 0.562502
361.8 0.562899
361.9 0.563352
362 0.563757
362.1 0.564188
362.2 0.564617
362.3 0.565023
362.4 0.565476
362.5 0.565869
362.6 0.566262
362.7 0.56669
362.8 0.56712
362.9 0.567513
363 0.567905
363.1 0.568296
363.2 0.568682
363.3 0.569061
363.4 0.56944
363.5 0.569788
363.6 0.570179
363.7 0.570561
363.8 0.570919
363.9 0.571277
364 0.571645
364.1 0.57198
364.2 0.572309
364.3 0.572638
364.4 0.573003
364.5 0.573348
364.6 0.573686
364.7 0.574019
364.8 0.57435
364.9 0.574711
365 0.575069
365.1 0.575404
365.2 0.57573
365.3 0.576056
365.4 0.576435
365.5 0.576821
365.6 0.577154
365.7 0.577481
365.8 0.577808
365.9 0.578144
366 0.578477
366.1 0.578801
366.2 0.579124
366.3 0.579447
366.4 0.57977
366.5 0.580093
366.6 0.580415
366.7 0.580737
366.8 0.581074
366.9 0.58142
367 0.581743
367.1 0.582064
367.2 0.582384
367.3 0.582704
367.4 0.583024
367.5 0.583344
367.6 0.583664
367.7 0.583983
367.8 0.584302
367.9 0.58462
368 0.584939
368.1 0.585257
368.2 0.585574
368.3 0.585892
368.4 0.586209
368.5 0.586526
368.6 0.586843
368.7 0.587159
368.8 0.587475
368.9 0.587791
369 0.588106
369.1 0.588421
369.2 0.588736
369.3 0.589051
369.4 0.589365
369.5 0.58968
369.6 0.589993
369.7 0.590307
369.8 0.59062
369.9 0.590933
370 0.591246
370.1 0.591558
370.2 0.59187
370.3 0.592182
370.4 0.592494
370.5 0.592805
370.6 0.593116
370.7 0.593427
370.8 0.593737
370.9 0.594047
371 0.594357
371.1 0.594667
371.2 0.594976
371.3 0.595285
371.4 0.595594
371.5 0.595902
371.6 0.596211
371.7 0.596519
371.8 0.596826
371.9 0.597134
372 0.597441
372.1 0.597748
372.2 0.598054
372.3 0.59836
372.4 0.598666
372.5 0.598972
372.6 0.599277
372.7 0.599583
372.8 0.599888
372.9 0.600192
373 0.600496
373.1 0.600801
373.2 0.601104
373.3 0.601408
373.4 0.601711
373.5 0.602015
373.6 0.60231
373.7 0.602576
373.8 0.602878
373.9 0.60318
374 0.603482
374.1 0.603783
374.2 0.604084
374.3 0.604385
374.4 0.604685
374.5 0.604985
374.6 0.605285
374.7 0.605585
374.8 0.605884
374.9 0.606183
375 0.606475
375.1 0.606757
375.2 0.607054
375.3 0.607352
375.4 0.607617
375.5 0.607895
375.6 0.608192
375.7 0.608489
375.8 0.608772
375.9 0.609067
376 0.609337
376.1 0.609596
376.2 0.609892
376.3 0.610187
376.4 0.610472
376.5 0.610736
376.6 0.610993
376.7 0.611285
376.8 0.611556
376.9 0.611819
377 0.61209
377.1 0.61236
377.2 0.612597
377.3 0.612872
377.4 0.613128
377.5 0.613358
377.6 0.613609
377.7 0.613894
377.8 0.614123
377.9 0.614396
378 0.614639
378.1 0.614882
378.2 0.615114
378.3 0.615341
378.4 0.615613
378.5 0.615867
378.6 0.6161
378.7 0.616326
378.8 0.616613
378.9 0.616856
379 0.617081
379.1 0.617319
379.2 0.617606
379.3 0.617834
379.4 0.618101
379.5 0.618387
379.6 0.618663
379.7 0.618886
379.8 0.619165
379.9 0.61945
380 0.619733
380.1 0.620019
380.2 0.620303
380.3 0.620587
380.4 0.620906
380.5 0.621221
380.6 0.621514
380.7 0.6218
380.8 0.62213
380.9 0.622445
381 0.622741
381.1 0.623085
381.2 0.62337
381.3 0.623694
381.4 0.624038
381.5 0.624381
381.6 0.624718
381.7 0.625014
381.8 0.625331
381.9 0.625674
382 0.626016
382.1 0.626352
382.2 0.626653
382.3 0.626963
382.4 0.627304
382.5 0.627628
382.6 0.627928
382.7 0.628248
382.8 0.628564
382.9 0.628849
383 0.629182
383.1 0.629476
383.2 0.629785
383.3 0.630086
383.4 0.630386
383.5 0.630663
383.6 0.630985
383.7 0.631287
383.8 0.63157
383.9 0.631845
384 0.63212
384.1 0.632434
384.2 0.632736
384.3 0.633014
384.4 0.633298
384.5 0.633572
384.6 0.633845
384.7 0.634132
384.8 0.634448
384.9 0.634719
385 0.634991
385.1 0.635265
385.2 0.635544
385.3 0.635833
385.4 0.636104
385.5 0.636375
385.6 0.636646
385.7 0.636917
385.8 0.637187
385.9 0.637457
386 0.637751
386.1 0.638042
386.2 0.638313
386.3 0.638581
386.4 0.63885
386.5 0.639118
386.6 0.639387
386.7 0.639655
386.8 0.639923
386.9 0.640191
387 0.640458
387.1 0.640725
387.2 0.640992
387.3 0.641259
387.4 0.641525
387.5 0.641791
387.6 0.642057
387.7 0.642323
387.8 0.642588
387.9 0.642853
388 0.643118
388.1 0.643383
388.2 0.643647
388.3 0.643911
388.4 0.644175
388.5 0.644439
388.6 0.644702
388.7 0.644965
388.8 0.645228
388.9 0.645491
389 0.645753
389.1 0.646015
389.2 0.646277
389.3 0.646539
389.4 0.6468
389.5 0.647061
389.6 0.647322
389.7 0.647583
389.8 0.647843
389.9 0.648103
390 0.648363
390.1 0.648623
390.2 0.648882
390.3 0.649142
390.4 0.6494
390.5 0.64966
390.6 0.649924
390.7 0.650195
390.8 0.650459
390.9 0.650706
391 0.650966
391.1 0.651229
391.2 0.651479
391.3 0.651743
391.4 0.652013
391.5 0.652269
391.6 0.652525
391.7 0.652781
391.8 0.653037
391.9 0.653292
392 0.653547
392.1 0.653802
392.2 0.654057
392.3 0.654311
392.4 0.654565
392.5 0.654819
392.6 0.655072
392.7 0.655326
392.8 0.655579
392.9 0.655832
393 0.656085
393.1 0.656337
393.2 0.656589
393.3 0.656841
393.4 0.657093
393.5 0.657344
393.6 0.657595
393.7 0.657846
393.8 0.658097
393.9 0.658348
394 0.658598
394.1 0.658848
394.2 0.659098
394.3 0.659347
394.4 0.659597
394.5 0.659846
394.6 0.660094
394.7 0.660343
394.8 0.660591
394.9 0.66084
395 0.661087
395.1 0.661335
395.2 0.661583
395.3 0.66183
395.4 0.662077
395.5 0.662323
395.6 0.66257
395.7 0.662816
395.8 0.663062
395.9 0.663308
396 0.663553
396.1 0.663799
396.2 0.664044
396.3 0.664284
396.4 0.664531
396.5 0.664762
396.6 0.664993
396.7 0.665265
396.8 0.665509
396.9 0.665733
397 0.665985
397.1 0.666216
397.2 0.666425
397.3 0.666655
397.4 0.666918
397.5 0.667138
397.6 0.66745
397.7 0.667692
397.8 0.667933
397.9 0.668166
398 0.668415
398.1 0.668635
398.2 0.668896
398.3 0.669115
398.4 0.669366
398.5 0.669564
398.6 0.669856
398.7 0.670095
398.8 0.670321
398.9 0.670559
399 0.670776
399.1 0.671041
399.2 0.671282
399.3 0.671488
399.4 0.671764
399.5 0.672001
399.6 0.672212
399.7 0.672456
399.8 0.672669
399.9 0.672932
400 0.673146
400.1 0.67339
400.2 0.673627
400.3 0.67388
400.4 0.674144
400.5 0.674393
400.6 0.674641
400.7 0.674875
400.8 0.675125
400.9 0.675385
401 0.675631
401.1 0.67588
401.2 0.676126
401.3 0.676379
401.4 0.676643
401.5 0.676894
401.6 0.677116
401.7 0.677358
401.8 0.677606
401.9 0.677851
402 0.678097
402.1 0.678342
402.2 0.678587
402.3 0.678831
402.4 0.679076
402.5 0.67932
402.6 0.679564
402.7 0.679808
402.8 0.680052
402.9 0.680295
403 0.680538
403.1 0.680781
403.2 0.681024
403.3 0.681266
403.4 0.681509
403.5 0.681751
403.6 0.681992
403.7 0.682234
403.8 0.682476
403.9 0.682717
404 0.682958
404.1 0.683198
404.2 0.683439
404.3 0.683679
404.4 0.683919
404.5 0.684159
404.6 0.684399
404.7 0.684638
404.8 0.684878
404.9 0.685117
405 0.685355
405.1 0.685594
405.2 0.685832
405.3 0.686071
405.4 0.686309
405.5 0.686546
405.6 0.686783
405.7 0.68702
405.8 0.687256
405.9 0.687492
406 0.687728
406.1 0.687954
406.2 0.688155
406.3 0.688391
406.4 0.688627
406.5 0.688863
406.6 0.689124
406.7 0.689378
406.8 0.689634
406.9 0.689878
407 0.690113
407.1 0.690346
407.2 0.690578
407.3 0.69081
407.4 0.691042
407.5 0.691274
407.6 0.691505
407.7 0.691737
407.8 0.691968
407.9 0.692199
408 0.692429
408.1 0.69266
408.2 0.692891
408.3 0.693122
408.4 0.693352
408.5 0.693582
408.6 0.693812
408.7 0.694042
408.8 0.694271
408.9 0.694501
409 0.69473
409.1 0.694959
409.2 0.695188
409.3 0.695373
409.4 0.695602
409.5 0.695831
409.6 0.69606
409.7 0.696289
409.8 0.696518
409.9 0.696746
410 0.696974
410.1 0.697202
410.2 0.69743
410.3 0.697658
410.4 0.697885
410.5 0.698112
410.6 0.698339
410.7 0.698566
410.8 0.698793
410.9 0.699019
411 0.699245
411.1 0.699471
411.2 0.699697
411.3 0.699922
411.4 0.700148
411.5 0.700373
411.6 0.700598
411.7 0.700823
411.8 0.701047
411.9 0.701271
412 0.701495
412.1 0.701719
412.2 0.701943
412.3 0.702167
412.4 0.70239
412.5 0.702613
412.6 0.702836
412.7 0.703059
412.8 0.703281
412.9 0.703503
413 0.703725
413.1 0.703947
413.2 0.704169
413.3 0.70439
413.4 0.704612
413.5 0.704833
413.6 0.705054
413.7 0.705274
413.8 0.705495
413.9 0.705715
414 0.705935
414.1 0.706155
414.2 0.706375
414.3 0.706594
414.4 0.706811
414.5 0.707026
414.6 0.707248
414.7 0.70747
414.8 0.707688
414.9 0.707907
415 0.708125
415.1 0.708343
415.2 0.708554
415.3 0.708762
415.4 0.708977
415.5 0.709193
415.6 0.709408
415.7 0.709623
415.8 0.709836
415.9 0.710053
416 0.710267
416.1 0.710482
416.2 0.710696
416.3 0.71091
416.4 0.711124
416.5 0.711338
416.6 0.711549
416.7 0.711761
416.8 0.711975
416.9 0.712185
417 0.712404
417.1 0.712617
417.2 0.71283
417.3 0.713043
417.4 0.713251
417.5 0.713452
417.6 0.713635
417.7 0.713848
417.8 0.71406
417.9 0.714273
418 0.714485
418.1 0.714697
418.2 0.714908
418.3 0.71512
418.4 0.715332
418.5 0.715543
418.6 0.715754
418.7 0.715965
418.8 0.716175
418.9 0.716386
419 0.716596
419.1 0.716806
419.2 0.717016
419.3 0.717226
419.4 0.717435
419.5 0.717644
419.6 0.717853
419.7 0.718062
419.8 0.718271
419.9 0.71848
420 0.718688
420.1 0.718896
420.2 0.719104
420.3 0.719312
420.4 0.719519
420.5 0.719727
420.6 0.719934
420.7 0.720141
420.8 0.720348
420.9 0.720555
421 0.720761
421.1 0.720967
421.2 0.721173
421.3 0.721379
421.4 0.721585
421.5 0.721791
421.6 0.721996
421.7 0.722201
421.8 0.722406
421.9 0.722611
422 0.722815
422.1 0.72302
422.2 0.723224
422.3 0.723428
422.4 0.723632
422.5 0.723836
422.6 0.724037
422.7 0.724237
422.8 0.724437
422.9 0.724637
423 0.724836
423.1 0.725034
423.2 0.725232
423.3 0.72543
423.4 0.725628
423.5 0.725825
423.6 0.726022
423.7 0.726182
423.8 0.726374
423.9 0.726575
424 0.726776
424.1 0.726976
424.2 0.727177
424.3 0.727377
424.4 0.727577
424.5 0.727777
424.6 0.727977
424.7 0.728177
424.8 0.728375
424.9 0.72857
425 0.728765
425.1 0.728961
425.2 0.729157
425.3 0.729353
425.4 0.729548
425.5 0.729744
425.6 0.729939
425.7 0.730134
425.8 0.730329
425.9 0.730524
426 0.730719
426.1 0.730916
426.2 0.731113
426.3 0.73131
426.4 0.731507
426.5 0.731703
426.6 0.7319
426.7 0.732096
426.8 0.732292
426.9 0.732487
427 0.732683
427.1 0.73288
427.2 0.733077
427.3 0.733273
427.4 0.733467
427.5 0.73366
427.6 0.733862
427.7 0.734058
427.8 0.734254
427.9 0.73445
428 0.734645
428.1 0.73484
428.2 0.735035
428.3 0.735229
428.4 0.735424
428.5 0.735618
428.6 0.735809
428.7 0.736005
428.8 0.736199
428.9 0.736393
429 0.736586
429.1 0.736774
429.2 0.736969
429.3 0.737161
429.4 0.73735
429.5 0.737543
429.6 0.737734
429.7 0.737925
429.8 0.738116
429.9 0.738306
430 0.738496
430.1 0.738685
430.2 0.738873
430.3 0.73906
430.4 0.739248
430.5 0.739436
430.6 0.739623
430.7 0.73981
430.8 0.739997
430.9 0.740183
431 0.740369
431.1 0.740554
431.2 0.740737
431.3 0.74092
431.4 0.741102
431.5 0.741271
431.6 0.741424
431.7 0.741612
431.8 0.741799
431.9 0.741986
432 0.742172
432.1 0.742349
432.2 0.742522
432.3 0.742705
432.4 0.742887
432.5 0.743069
432.6 0.743251
432.7 0.743432
432.8 0.743597
432.9 0.74375
433 0.743936
433.1 0.74412
433.2 0.744305
433.3 0.74449
433.4 0.744674
433.5 0.744858
433.6 0.745042
433.7 0.745226
433.8 0.74541
433.9 0.745593
434 0.745777
434.1 0.74596
434.2 0.746143
434.3 0.746326
434.4 0.746508
434.5 0.746691
434.6 0.746873
434.7 0.747055
434.8 0.747237
434.9 0.747419
435 0.747601
435.1 0.747782
435.2 0.747964
435.3 0.748145
435.4 0.748326
435.5 0.748507
435.6 0.748687
435.7 0.748868
435.8 0.749048
435.9 0.749229
436 0.749409
436.1 0.749589
436.2 0.749768
436.3 0.749948
436.4 0.750127
436.5 0.750306
436.6 0.750485
436.7 0.750664
436.8 0.750843
436.9 0.751022
437 0.7512
437.1 0.751378
437.2 0.751553
437.3 0.751726
437.4 0.751898
437.5 0.75207
437.6 0.752243
437.7 0.752414
437.8 0.752586
437.9 0.752758
438 0.752927
438.1 0.753056
438.2 0.753232
438.3 0.753409
438.4 0.753585
438.5 0.753761
438.6 0.753936
438.7 0.754103
438.8 0.75427
438.9 0.754437
439 0.754603
439.1 0.754717
439.2 0.754892
439.3 0.755067
439.4 0.755241
439.5 0.755416
439.6 0.755582
439.7 0.755733
439.8 0.75586
439.9 0.756015
440 0.756185
440.1 0.75635
440.2 0.756509
440.3 0.756683
440.4 0.756846
440.5 0.756998
440.6 0.75713
440.7 0.757303
440.8 0.757475
440.9 0.757647
441 0.757802
441.1 0.757975
441.2 0.758132
441.3 0.758283
441.4 0.758409
441.5 0.758607
441.6 0.758698
441.7 0.758911
441.8 0.758997
441.9 0.759173
442 0.759391
442.1 0.75958
442.2 0.759739
442.3 0.759793
442.4 0.759998
442.5 0.760183
442.6 0.7602
442.7 0.759885
442.8 0.760551
442.9 0.76068
443 0.760831
443.1 0.760802
443.2 0.761288
443.3 0.761458
443.4 0.76165
443.5 0.761828
443.6 0.761943
443.7 0.762164
443.8 0.76223
443.9 0.762431
444 0.762614
444.1 0.762712
444.2 0.762948
444.3 0.762979
444.4 0.763165
444.5 0.763445
444.6 0.763615
444.7 0.763763
444.8 0.763744
444.9 0.763941
445 0.764245
445.1 0.764327
445.2 0.764583
445.3 0.764705
445.4 0.764761
445.5 0.765085
445.6 0.765174
445.7 0.765274
445.8 0.765536
445.9 0.765498
446 0.765854
446.1 0.766053
446.2 0.766204
446.3 0.766334
446.4 0.766472
446.5 0.766532
446.6 0.766884
446.7 0.767047
446.8 0.767181
446.9 0.767372
447 0.76749
447.1 0.767603
447.2 0.767851
447.3 0.767986
447.4 0.768175
447.5 0.768352
447.6 0.76851
447.7 0.768699
447.8 0.7688
447.9 0.769022
448 0.769183
448.1 0.769345
448.2 0.769506
448.3 0.769667
448.4 0.769827
448.5 0.769988
448.6 0.770148
448.7 0.770309
448.8 0.770469
448.9 0.770654
449 0.770838
449.1 0.771008
449.2 0.771165
449.3 0.771316
449.4 0.771485
449.5 0.771648
449.6 0.771752
449.7 0.771904
449.8 0.772063
449.9 0.772222
450 0.77238
450.1 0.772538
450.2 0.772696
450.3 0.772855
450.4 0.773012
450.5 0.77317
450.6 0.773385
450.7 0.773549
450.8 0.773699
450.9 0.77384
451 0.773957
451.1 0.774114
451.2 0.77427
451.3 0.774427
451.4 0.774584
451.5 0.77474
451.6 0.77492
451.7 0.775124
451.8 0.775277
451.9 0.775428
452 0.775582
452.1 0.775738
452.2 0.775894
452.3 0.77605
452.4 0.776206
452.5 0.776362
452.6 0.776518
452.7 0.776673
452.8 0.776826
452.9 0.776979
453 0.777139
453.1 0.777293
453.2 0.77744
453.3 0.777601
453.4 0.777752
453.5 0.777908
453.6 0.778061
453.7 0.778214
453.8 0.778367
453.9 0.77852
454 0.778672
454.1 0.778821
454.2 0.778969
454.3 0.779117
454.4 0.779233
454.5 0.779365
454.6 0.779517
454.7 0.779669
454.8 0.779821
454.9 0.779972
455 0.780124
455.1 0.780275
455.2 0.780427
455.3 0.780568
455.4 0.780708
455.5 0.780847
455.6 0.780959
455.7 0.781081
455.8 0.781231
455.9 0.781382
456 0.781532
456.1 0.781675
456.2 0.781807
456.3 0.781938
456.4 0.782034
456.5 0.78218
456.6 0.78233
456.7 0.782463
456.8 0.782568
456.9 0.782677
457 0.782826
457.1 0.782974
457.2 0.783105
457.3 0.783241
457.4 0.783365
457.5 0.783467
457.6 0.783615
457.7 0.783712
457.8 0.783811
457.9 0.783958
458 0.784106
458.1 0.784236
458.2 0.784322
458.3 0.784447
458.4 0.784594
458.5 0.784731
458.6 0.784847
458.7 0.784933
458.8 0.785079
458.9 0.785225
459 0.785349
459.1 0.785451
459.2 0.785563
459.3 0.785708
459.4 0.78584
459.5 0.785963
459.6 0.786051
459.7 0.786189
459.8 0.78633
459.9 0.786453
460 0.786569
460.1 0.786668
460.2 0.786812
460.3 0.786956
460.4 0.787085
460.5 0.787212
460.6 0.78734
460.7 0.787432
460.8 0.787575
460.9 0.787719
461 0.787851
461.1 0.787984
461.2 0.78812
461.3 0.788256
461.4 0.788368
461.5 0.788476
461.6 0.788619
461.7 0.788761
461.8 0.788904
461.9 0.789046
462 0.789188
462.1 0.78933
462.2 0.789469
462.3 0.789591
462.4 0.789727
462.5 0.789871
462.6 0.790014
462.7 0.790156
462.8 0.790298
462.9 0.79044
463 0.790584
463.1 0.790735
463.2 0.790883
463.3 0.791023
463.4 0.791164
463.5 0.791304
463.6 0.791444
463.7 0.791643
463.8 0.791804
463.9 0.79194
464 0.792069
464.1 0.792212
464.2 0.792368
464.3 0.792522
464.4 0.792661
464.5 0.7928
464.6 0.792939
464.7 0.793082
464.8 0.793286
464.9 0.793439
465 0.793592
465.1 0.793732
465.2 0.793866
465.3 0.793988
465.4 0.794125
465.5 0.794271
465.6 0.794417
465.7 0.794559
465.8 0.794697
465.9 0.794834
466 0.794971
466.1 0.795099
466.2 0.795172
466.3 0.79528
466.4 0.795417
466.5 0.795553
466.6 0.79569
466.7 0.795826
466.8 0.795948
466.9 0.796065
467 0.796146
467.1 0.796268
467.2 0.796404
467.3 0.796539
467.4 0.796617
467.5 0.796708
467.6 0.796843
467.7 0.796977
467.8 0.7971
467.9 0.797182
468 0.797281
468.1 0.797415
468.2 0.797506
468.3 0.79765
468.4 0.797732
468.5 0.797849
468.6 0.797971
468.7 0.798026
468.8 0.798135
468.9 0.798275
469 0.798346
469.1 0.798448
469.2 0.798551
469.3 0.798652
469.4 0.798745
469.5 0.798877
469.6 0.798874
469.7 0.798982
469.8 0.799013
469.9 0.7993
470 0.799386
470.1 0.799375
470.2 0.79956
470.3 0.79963
470.4 0.799761
470.5 0.799863
470.6 0.799931
470.7 0.800036
470.8 0.800158
470.9 0.800232
471 0.800287
471.1 0.800372
471.2 0.800462
471.3 0.800567
471.4 0.800661
471.5 0.800792
471.6 0.800894
471.7 0.800959
471.8 0.801024
471.9 0.801107
472 0.801237
472.1 0.80132
472.2 0.801393
472.3 0.801505
472.4 0.801615
472.5 0.801679
472.6 0.801743
472.7 0.801834
472.8 0.801937
472.9 0.802037
473 0.802117
473.1 0.802193
473.2 0.802329
473.3 0.80235
473.4 0.802455
473.5 0.802518
473.6 0.802581
473.7 0.802644
473.8 0.802706
473.9 0.802769
474 0.802831
474.1 0.802892
474.2 0.802955
474.3 0.803017
474.4 0.803061
474.5 0.803072
474.6 0.803099
474.7 0.80316
474.8 0.803163
474.9 0.803159
475 0.803155
475.1 0.803151
475.2 0.803147
475.3 0.803143
475.4 0.803138
475.5 0.803134
475.6 0.803129
475.7 0.803124
475.8 0.80312
475.9 0.803062
476 0.803006
476.1 0.803001
476.2 0.802955
476.3 0.80289
476.4 0.802948
476.5 0.802978
476.6 0.802972
476.7 0.803022
476.8 0.803081
476.9 0.80314
477 0.803199
477.1 0.803257
477.2 0.803315
477.3 0.803407
477.4 0.80353
477.5 0.803653
477.6 0.803775
477.7 0.803898
477.8 0.804021
477.9 0.804143
478 0.804265
478.1 0.804423
478.2 0.804611
478.3 0.804797
478.4 0.804984
478.5 0.805171
478.6 0.805308
478.7 0.80544
478.8 0.805627
478.9 0.805813
479 0.805999
479.1 0.806185
479.2 0.806371
479.3 0.806558
479.4 0.806743
479.5 0.806917
479.6 0.807037
479.7 0.807196
479.8 0.807382
479.9 0.807567
480 0.807752
480.1 0.807937
480.2 0.808122
480.3 0.808307
480.4 0.808492
480.5 0.808677
480.6 0.808861
480.7 0.808982
480.8 0.809127
480.9 0.809311
481 0.809495
481.1 0.809679
481.2 0.809863
481.3 0.810047
481.4 0.810227
481.5 0.810352
481.6 0.810494
481.7 0.810675
481.8 0.810812
481.9 0.810941
482 0.811124
482.1 0.811307
482.2 0.81149
482.3 0.811611
482.4 0.811752
482.5 0.811934
482.6 0.812069
482.7 0.812195
482.8 0.812377
482.9 0.812527
483 0.812644
483.1 0.81282
483.2 0.813002
483.3 0.813183
483.4 0.813321
483.5 0.813443
483.6 0.813625
483.7 0.813806
483.8 0.813988
483.9 0.814114
484 0.814246
484.1 0.814427
484.2 0.814567
484.3 0.814684
484.4 0.814865
484.5 0.815046
484.6 0.815218
484.7 0.81535
484.8 0.815483
484.9 0.815663
485 0.815759
485.1 0.815923
485.2 0.816033
485.3 0.816178
485.4 0.816342
485.5 0.816482
485.6 0.816609
485.7 0.816742
485.8 0.81683
485.9 0.817053
486 0.817167
486.1 0.817296
486.2 0.817475
486.3 0.817615
486.4 0.817729
486.5 0.817843
486.6 0.817957
486.7 0.818071
486.8 0.818185
486.9 0.818299
487 0.818409
487.1 0.818526
487.2 0.818619
487.3 0.818752
487.4 0.818881
487.5 0.81901
487.6 0.819142
487.7 0.81928
487.8 0.81939
487.9 0.819401
488 0.81956
488.1 0.819655
488.2 0.819761
488.3 0.81988
488.4 0.819981
488.5 0.820006
488.6 0.820142
488.7 0.820223
488.8 0.820335
488.9 0.8204
489 0.820523
489.1 0.820542
489.2 0.820677
489.3 0.820765
489.4 0.820853
489.5 0.820905
489.6 0.821016
489.7 0.821124
489.8 0.821188
489.9 0.821296
490 0.821354
490.1 0.821465
490.2 0.82157
490.3 0.821669
490.4 0.821737
490.5 0.8218
490.6 0.82191
490.7 0.82202
490.8 0.82213
490.9 0.822228
491 0.822325
491.1 0.822371
491.2 0.822463
491.3 0.822573
491.4 0.822682
491.5 0.822791
491.6 0.8229
491.7 0.823009
491.8 0.823118
491.9 0.823222
492 0.823315
492.1 0.823416
492.2 0.823494
492.3 0.823556
492.4 0.823664
492.5 0.823772
492.6 0.82388
492.7 0.823988
492.8 0.824096
492.9 0.824204
493 0.824312
493.1 0.824403
493.2 0.824459
493.3 0.824529
493.4 0.824636
493.5 0.824744
493.6 0.824851
493.7 0.824958
493.8 0.825065
493.9 0.825164
494 0.825225
494.1 0.82528
494.2 0.825386
494.3 0.825493
494.4 0.825599
494.5 0.825705
494.6 0.825812
494.7 0.82591
494.8 0.825985
494.9 0.826027
495 0.82613
495.1 0.826236
495.2 0.826341
495.3 0.826405
495.4 0.826447
495.5 0.826552
495.6 0.826635
495.7 0.826676
495.8 0.826762
495.9 0.826867
496 0.826972
496.1 0.827043
496.2 0.827092
496.3 0.827133
496.4 0.827178
496.5 0.827283
496.6 0.82736
496.7 0.8274
496.8 0.82749
496.9 0.827586
497 0.827626
497.1 0.827695
497.2 0.827799
497.3 0.827851
497.4 0.827891
497.5 0.82793
497.6 0.82797
497.7 0.828009
497.8 0.828101
497.9 0.828194
498 0.828233
498.1 0.828272
498.2 0.828311
498.3 0.828349
498.4 0.828388
498.5 0.828426
498.6 0.828465
498.7 0.828503
498.8 0.828541
498.9 0.82858
499 0.828618
499.1 0.828656
499.2 0.828694
499.3 0.828732
499.4 0.828769
499.5 0.828807
499.6 0.828845
499.7 0.828882
499.8 0.82892
499.9 0.828957
500 0.828995
500.1 0.829009
500.2 0.829062
500.3 0.829049
500.4 0.829036
500.5 0.829073
500.6 0.82911
500.7 0.829146
500.8 0.829183
500.9 0.829219
501 0.829201
501.1 0.829285
501.2 0.829328
501.3 0.829363
501.4 0.829286
501.5 0.829372
501.6 0.829392
501.7 0.829385
501.8 0.829359
501.9 0.829432
502 0.829396
502.1 0.829285
502.2 0.829462
502.3 0.829613
502.4 0.829648
502.5 0.829684
502.6 0.829414
502.7 0.829611
502.8 0.829617
502.9 0.829823
503 0.828928
503.1 0.829373
503.2 0.829962
503.3 0.829818
503.4 0.829814
503.5 0.829816
503.6 0.828246
503.7 0.828484
503.8 0.829742
503.9 0.827771
504 0.829336
504.1 0.829686
504.2 0.830127
504.3 0.829297
504.4 0.828599
504.5 0.829349
504.6 0.830562
504.7 0.830712
504.8 0.830905
504.9 0.830652
505 0.830633
505.1 0.831073
505.2 0.830984
505.3 0.831313
505.4 0.830833
505.5 0.83114
505.6 0.831601
505.7 0.831639
505.8 0.830484
505.9 0.830522
506 0.831154
506.1 0.831173
506.2 0.831938
506.3 0.832005
506.4 0.832294
506.5 0.832462
506.6 0.832558
506.7 0.83166
506.8 0.831903
506.9 0.831925
507 0.83234
507.1 0.832741
507.2 0.832829
507.3 0.833301
507.4 0.832036
507.5 0.833365
507.6 0.833614
507.7 0.833468
507.8 0.832577
507.9 0.833503
508 0.833652
508.1 0.832885
508.2 0.834199
508.3 0.834351
508.4 0.834502
508.5 0.834171
508.6 0.834403
508.7 0.83483
508.8 0.8339
508.9 0.835078
509 0.835279
509.1 0.835394
509.2 0.835495
509.3 0.835511
509.4 0.835044
509.5 0.835437
509.6 0.835567
509.7 0.83576
509.8 0.835993
509.9 0.836256
510 0.836297
510.1 0.836361
510.2 0.836528
510.3 0.836432
510.4 0.83639
510.5 0.836781
510.6 0.83689
510.7 0.837043
510.8 0.837121
510.9 0.837159
511 0.837318
511.1 0.837342
511.2 0.837289
511.3 0.837407
511.4 0.837645
511.5 0.837673
511.6 0.83776
511.7 0.837852
511.8 0.837879
511.9 0.838034
512 0.838096
512.1 0.838164
512.2 0.838194
512.3 0.83829
512.4 0.838318
512.5 0.838383
512.6 0.838454
512.7 0.838545
512.8 0.83863
512.9 0.838708
513 0.838735
513.1 0.838798
513.2 0.838888
513.3 0.838978
513.4 0.839049
513.5 0.839086
513.6 0.83914
513.7 0.83923
513.8 0.839274
513.9 0.839301
514 0.839391
514.1 0.839461
514.2 0.839487
514.3 0.839551
514.4 0.83964
514.5 0.839729
514.6 0.839808
514.7 0.839834
514.8 0.83986
514.9 0.839885
515 0.839957
515.1 0.840045
515.2 0.840071
515.3 0.840115
515.4 0.840203
515.5 0.840291
515.6 0.84038
515.7 0.840414
515.8 0.840448
515.9 0.840536
516 0.840624
516.1 0.840712
516.2 0.840756
516.3 0.84078
516.4 0.840867
516.5 0.840938
516.6 0.840962
516.7 0.841021
516.8 0.841108
516.9 0.841196
517 0.841277
517.1 0.841301
517.2 0.841349
517.3 0.841436
517.4 0.841523
517.5 0.841609
517.6 0.841638
517.7 0.841674
517.8 0.841761
517.9 0.841818
518 0.841842
518.1 0.841912
518.2 0.841997
518.3 0.84202
518.4 0.842062
518.5 0.842148
518.6 0.842234
518.7 0.84232
518.8 0.842354
518.9 0.842383
519 0.842469
519.1 0.842531
519.2 0.842554
519.3 0.842617
519.4 0.842703
519.5 0.842731
519.6 0.842765
519.7 0.84285
519.8 0.842935
519.9 0.84302
520 0.84306
520.1 0.843082
520.2 0.843104
520.3 0.843142
520.4 0.843227
520.5 0.843279
520.6 0.843301
520.7 0.843322
520.8 0.843344
520.9 0.843366
521 0.843407
521.1 0.843491
521.2 0.843539
521.3 0.84356
521.4 0.843582
521.5 0.843603
521.6 0.843624
521.7 0.843645
521.8 0.843666
521.9 0.843687
522 0.843708
522.1 0.843784
522.2 0.84385
522.3 0.843808
522.4 0.843791
522.5 0.843811
522.6 0.843832
522.7 0.843852
522.8 0.843872
522.9 0.843893
523 0.843913
523.1 0.843933
523.2 0.843953
523.3 0.843973
523.4 0.843993
523.5 0.844013
523.6 0.844033
523.7 0.844052
523.8 0.844043
523.9 0.844001
524 0.844002
524.1 0.844022
524.2 0.843909
524.3 0.844046
524.4 0.844003
524.5 0.843987
524.6 0.844009
524.7 0.843999
524.8 0.844007
524.9 0.844005
525 0.843975
525.1 0.843994
525.2 0.844006
525.3 0.844031
525.4 0.84405
525.5 0.844026
525.6 0.844026
525.7 0.843996
525.8 0.844014
525.9 0.844032
526 0.844051
526.1 0.844025
526.2 0.84398
526.3 0.843995
526.4 0.844013
526.5 0.844031
526.6 0.844021
526.7 0.843976
526.8 0.843909
526.9 0.843993
527 0.843952
527.1 0.843918
527.2 0.843935
527.3 0.843953
527.4 0.84397
527.5 0.843987
527.6 0.844004
527.7 0.843965
527.8 0.843929
527.9 0.843946
528 0.843963
528.1 0.84398
528.2 0.843957
528.3 0.843911
528.4 0.84392
528.5 0.843936
528.6 0.843953
528.7 0.843969
528.8 0.843985
528.9 0.843976
529 0.844018
529.1 0.844034
529.2 0.844012
529.3 0.844
529.4 0.843972
529.5 0.843988
529.6 0.844004
529.7 0.84402
529.8 0.844036
529.9 0.844051
530 0.844067
530.1 0.844082
530.2 0.844098
530.3 0.844113
530.4 0.844128
530.5 0.844144
530.6 0.844159
530.7 0.844174
530.8 0.844189
530.9 0.844204
531 0.844243
531.1 0.84432
531.2 0.844358
531.3 0.844373
531.4 0.844388
531.5 0.844402
531.6 0.844417
531.7 0.844451
531.8 0.844527
531.9 0.84457
532 0.844584
532.1 0.844646
532.2 0.844723
532.3 0.844737
532.4 0.844765
532.5 0.844841
532.6 0.844917
532.7 0.844992
532.8 0.845027
532.9 0.84504
533 0.84511
533.1 0.845185
533.2 0.845261
533.3 0.845336
533.4 0.845412
533.5 0.845487
533.6 0.845562
533.7 0.845637
533.8 0.845712
533.9 0.845788
534 0.845863
534.1 0.845937
534.2 0.846012
534.3 0.846087
534.4 0.846162
534.5 0.846237
534.6 0.846366
534.7 0.846496
534.8 0.84657
534.9 0.846645
535 0.846719
535.1 0.846827
535.2 0.846963
535.3 0.847052
535.4 0.847127
535.5 0.847201
535.6 0.847286
535.7 0.847422
535.8 0.847533
535.9 0.847607
536 0.847681
536.1 0.847754
536.2 0.847828
536.3 0.847902
536.4 0.847975
536.5 0.848065
536.6 0.8482
536.7 0.848306
536.8 0.848379
536.9 0.848453
537 0.848526
537.1 0.848599
537.2 0.848672
537.3 0.848745
537.4 0.848818
537.5 0.848891
537.6 0.848964
537.7 0.849037
537.8 0.84911
537.9 0.849182
538 0.849255
538.1 0.849319
538.2 0.84933
538.3 0.849362
538.4 0.849435
538.5 0.849507
538.6 0.849579
538.7 0.849644
538.8 0.849724
538.9 0.849737
539 0.849757
539.1 0.849829
539.2 0.849833
539.3 0.849889
539.4 0.849935
539.5 0.850006
539.6 0.85003
539.7 0.85004
539.8 0.850111
539.9 0.850099
540 0.850134
540.1 0.850302
540.2 0.850312
540.3 0.850357
540.4 0.850059
540.5 0.850445
540.6 0.850462
540.7 0.850434
540.8 0.850312
540.9 0.850225
541 0.850152
541.1 0.849764
541.2 0.850629
541.3 0.8506
541.4 0.850365
541.5 0.850402
541.6 0.849812
541.7 0.850796
541.8 0.850617
541.9 0.850739
542 0.850712
542.1 0.850483
542.2 0.850392
542.3 0.850816
542.4 0.850612
542.5 0.850789
542.6 0.850986
542.7 0.851096
542.8 0.851085
542.9 0.851113
543 0.850974
543.1 0.8512
543.2 0.851094
543.3 0.851041
543.4 0.851265
543.5 0.851158
543.6 0.850801
543.7 0.850575
543.8 0.851166
543.9 0.851013
544 0.851232
544.1 0.851459
544.2 0.85154
544.3 0.851457
544.4 0.851219
544.5 0.851453
544.6 0.851593
544.7 0.851662
544.8 0.851646
544.9 0.851601
545 0.851211
545.1 0.8514
545.2 0.851848
545.3 0.851767
545.4 0.851913
545.5 0.851981
545.6 0.851988
545.7 0.851775
545.8 0.851311
545.9 0.851828
546 0.85193
546.1 0.85162
546.2 0.852198
546.3 0.852196
546.4 0.851366
546.5 0.852104
546.6 0.852388
546.7 0.852122
546.8 0.852302
546.9 0.852281
547 0.852559
547.1 0.852627
547.2 0.852171
547.3 0.852656
547.4 0.852717
547.5 0.852581
547.6 0.852786
547.7 0.852807
547.8 0.852717
547.9 0.852842
548 0.852712
548.1 0.853038
548.2 0.853044
548.3 0.853092
548.4 0.853163
548.5 0.85323
548.6 0.853231
548.7 0.853294
548.8 0.853318
548.9 0.853364
549 0.85345
549.1 0.853516
549.2 0.853544
549.3 0.853549
549.4 0.853603
549.5 0.853669
549.6 0.853631
549.7 0.853749
549.8 0.853738
549.9 0.853821
550 0.853887
550.1 0.853924
550.2 0.853929
550.3 0.853973
550.4 0.854038
550.5 0.854104
550.6 0.854169
550.7 0.854176
550.8 0.85418
550.9 0.854185
551 0.854207
551.1 0.854272
551.2 0.854337
551.3 0.854402
551.4 0.85443
551.5 0.854434
551.6 0.854486
551.7 0.85455
551.8 0.854558
551.9 0.854568
552 0.854633
552.1 0.854681
552.2 0.854685
552.3 0.854715
552.4 0.85478
552.5 0.854808
552.6 0.854812
552.7 0.854861
552.8 0.854925
552.9 0.854935
553 0.854938
553.1 0.854942
553.2 0.854958
553.3 0.855022
553.4 0.855064
553.5 0.855067
553.6 0.855102
553.7 0.855166
553.8 0.855188
553.9 0.855191
554 0.855194
554.1 0.855198
554.2 0.855261
554.3 0.855315
554.4 0.855318
554.5 0.855321
554.6 0.855324
554.7 0.855327
554.8 0.855329
554.9 0.855368
555 0.855431
555.1 0.855449
555.2 0.855452
555.3 0.855454
555.4 0.855456
555.5 0.855459
555.6 0.855461
555.7 0.855463
555.8 0.855487
555.9 0.855549
556 0.855553
556.1 0.855494
556.2 0.855474
556.3 0.855476
556.4 0.855526
556.5 0.855588
556.6 0.855594
556.7 0.855596
556.8 0.855598
556.9 0.855587
557 0.855528
557.1 0.855491
557.2 0.855493
557.3 0.855494
557.4 0.855496
557.5 0.855498
557.6 0.855499
557.7 0.855501
557.8 0.855502
557.9 0.855503
558 0.855505
558.1 0.855506
558.2 0.855494
558.3 0.855435
558.4 0.855397
558.5 0.855398
558.6 0.855399
558.7 0.8554
558.8 0.855363
558.9 0.855304
559 0.855291
559.1 0.855292
559.2 0.855292
559.3 0.85529
559.4 0.855231
559.5 0.855182
559.6 0.855183
559.7 0.855183
559.8 0.855183
559.9 0.855157
560 0.855097
560.1 0.855073
560.2 0.855073
560.3 0.85503
560.4 0.85497
560.5 0.854961
560.6 0.854961
560.7 0.854961
560.8 0.854955
560.9 0.854895
561 0.854835
561.1 0.854775
561.2 0.854737
561.3 0.854737
561.4 0.854736
561.5 0.854736
561.6 0.854698
561.7 0.854637
561.8 0.854577
561.9 0.854517
562 0.85451
562.1 0.854509
562.2 0.854508
562.3 0.854499
562.4 0.854439
562.5 0.854394
562.6 0.854393
562.7 0.854369
562.8 0.854309
562.9 0.854278
563 0.854277
563.1 0.854238
563.2 0.854177
563.3 0.854162
563.4 0.854161
563.5 0.85416
563.6 0.854158
563.7 0.854097
563.8 0.854043
563.9 0.854042
564 0.854025
564.1 0.853964
564.2 0.853925
564.3 0.853924
564.4 0.853893
564.5 0.853832
564.6 0.853807
564.7 0.853805
564.8 0.853803
564.9 0.853801
565 0.853749
565.1 0.853688
565.2 0.853683
565.3 0.853677
565.4 0.853616
565.5 0.853565
565.6 0.853563
565.7 0.853543
565.8 0.853481
565.9 0.853444
566 0.853442
566.1 0.85344
566.2 0.853437
566.3 0.853396
566.4 0.853334
566.5 0.853317
566.6 0.853315
566.7 0.853261
566.8 0.853199
566.9 0.853137
567 0.853074
567.1 0.853012
567.2 0.852962
567.3 0.852959
567.4 0.852938
567.5 0.852875
567.6 0.852602
567.7 0.852835
567.8 0.852615
567.9 0.852737
568 0.852675
568.1 0.852471
568.2 0.852542
568.3 0.852004
568.4 0.852211
568.5 0.85127
568.6 0.852269
568.7 0.851482
568.8 0.852287
568.9 0.850046
569 0.851972
569.1 0.850977
569.2 0.850374
569.3 0.851972
569.4 0.849802
569.5 0.851548
569.6 0.851752
569.7 0.851832
569.8 0.851101
569.9 0.851662
570 0.849739
570.1 0.850108
570.2 0.850095
570.3 0.85134
570.4 0.851277
570.5 0.8512
570.6 0.851111
570.7 0.8512
570.8 0.851136
570.9 0.851073
571 0.851009
571.1 0.850945
571.2 0.850882
571.3 0.850426
571.4 0.850755
571.5 0.850691
571.6 0.850266
571.7 0.850564
571.8 0.850538
571.9 0.849492
572 0.850439
572.1 0.84872
572.2 0.849947
572.3 0.850076
572.4 0.849565
572.5 0.849882
572.6 0.850161
572.7 0.850149
572.8 0.849321
572.9 0.850033
573 0.849544
573.1 0.848649
573.2 0.849941
573.3 0.8499
573.4 0.849895
573.5 0.849457
573.6 0.849884
573.7 0.84956
573.8 0.849781
573.9 0.848227
574 0.84967
574.1 0.849744
574.2 0.849738
574.3 0.849732
574.4 0.848896
574.5 0.849698
574.6 0.849715
574.7 0.847766
574.8 0.849708
574.9 0.849599
575 0.849804
575.1 0.849798
575.2 0.849807
575.3 0.849848
575.4 0.849893
575.5 0.849645
575.6 0.849185
575.7 0.849911
575.8 0.849981
575.9 0.849975
576 0.849954
576.1 0.849977
576.2 0.850108
576.3 0.84998
576.4 0.850212
576.5 0.849881
576.6 0.850317
576.7 0.850369
576.8 0.850474
576.9 0.850377
577 0.850639
577.1 0.85059
577.2 0.850743
577.3 0.850617
577.4 0.850572
577.5 0.850795
577.6 0.851063
577.7 0.851132
577.8 0.851115
577.9 0.851352
578 0.851463
578.1 0.851598
578.2 0.851767
578.3 0.851907
578.4 0.852017
578.5 0.85216
578.6 0.852329
578.7 0.852497
578.8 0.852666
578.9 0.852835
579 0.853004
579.1 0.853173
579.2 0.853341
579.3 0.85356
579.4 0.853786
579.5 0.854013
579.6 0.85424
579.7 0.854525
579.8 0.854807
579.9 0.855034
580 0.855261
580.1 0.855488
580.2 0.855727
580.3 0.856011
580.4 0.856281
580.5 0.856508
580.6 0.856734
580.7 0.85696
580.8 0.857187
580.9 0.857414
581 0.857667
581.1 0.857951
581.2 0.858175
581.3 0.858343
581.4 0.858544
581.5 0.85877
581.6 0.858959
581.7 0.859127
581.8 0.859336
581.9 0.859562
582 0.859788
582.1 0.860014
582.2 0.860192
582.3 0.860359
582.4 0.860526
582.5 0.860694
582.6 0.860861
582.7 0.861027
582.8 0.861195
582.9 0.861362
583 0.861529
583.1 0.861689
583.2 0.861798
583.3 0.861916
583.4 0.862083
583.5 0.862251
583.6 0.862383
583.7 0.862585
583.8 0.862751
583.9 0.862898
584 0.863006
584.1 0.863114
584.2 0.863223
584.3 0.863357
584.4 0.863452
584.5 0.863661
584.6 0.863769
584.7 0.863658
584.8 0.863985
584.9 0.864093
585 0.864201
585.1 0.864308
585.2 0.864324
585.3 0.864197
585.4 0.864632
585.5 0.86474
585.6 0.864669
585.7 0.864955
585.8 0.865063
585.9 0.86517
586 0.865278
586.1 0.864427
586.2 0.865493
586.3 0.864964
586.4 0.865594
586.5 0.8656
586.6 0.865648
586.7 0.865068
586.8 0.865678
586.9 0.865575
587 0.865828
587.1 0.865932
587.2 0.865189
587.3 0.86554
587.4 0.866175
587.5 0.865823
587.6 0.866191
587.7 0.864729
587.8 0.863777
587.9 0.866038
588 0.866831
588.1 0.863105
588.2 0.865368
588.3 0.863171
588.4 0.862849
588.5 0.86346
588.6 0.86346
588.7 0.865627
588.8 0.857733
588.9 0.857354
589 0.864545
589.1 0.861837
589.2 0.861187
589.3 0.858532
589.4 0.862508
589.5 0.862551
589.6 0.865729
589.7 0.864974
589.8 0.861347
589.9 0.863766
590 0.859507
590.1 0.86304
590.2 0.857513
590.3 0.857241
590.4 0.8641
590.5 0.864814
590.6 0.866838
590.7 0.864798
590.8 0.86748
590.9 0.863584
591 0.864611
591.1 0.863062
591.2 0.860395
591.3 0.867055
591.4 0.865418
591.5 0.864384
591.6 0.865235
591.7 0.861692
591.8 0.866141
591.9 0.86667
592 0.860245
592.1 0.850499
592.2 0.864899
592.3 0.866922
592.4 0.862303
592.5 0.859543
592.6 0.860376
592.7 0.864418
592.8 0.867637
592.9 0.868245
593 0.863744
593.1 0.866627
593.2 0.86752
593.3 0.867469
593.4 0.858448
593.5 0.867087
593.6 0.86696
593.7 0.866109
593.8 0.867506
593.9 0.867352
594 0.865574
594.1 0.868111
594.2 0.863436
594.3 0.852824
594.4 0.855289
594.5 0.86789
594.6 0.862062
594.7 0.862778
594.8 0.858743
594.9 0.860523
595 0.86611
595.1 0.858406
595.2 0.864719
595.3 0.864389
595.4 0.867606
595.5 0.867302
595.6 0.867462
595.7 0.864563
595.8 0.864587
595.9 0.865527
596 0.857022
596.1 0.866533
596.2 0.866581
596.3 0.86662
596.4 0.865571
596.5 0.867379
596.6 0.867504
596.7 0.866706
596.8 0.862476
596.9 0.862772
597 0.860549
597.1 0.865645
597.2 0.864968
597.3 0.864074
597.4 0.867059
597.5 0.867351
597.6 0.866741
597.7 0.863279
597.8 0.865607
597.9 0.860515
598 0.865913
598.1 0.866982
598.2 0.865902
598.3 0.866004
598.4 0.866711
598.5 0.866796
598.6 0.866691
598.7 0.864752
598.8 0.8672
598.9 0.865969
599 0.865394
599.1 0.865524
599.2 0.865178
599.3 0.866261
599.4 0.86549
599.5 0.866596
599.6 0.865559
599.7 0.867199
599.8 0.867071
599.9 0.86603
600 0.866859
600.1 0.865853
600.2 0.866805
600.3 0.866978
600.4 0.866415
600.5 0.867144
600.6 0.866644
600.7 0.867157
600.8 0.867373
600.9 0.867285
601 0.867222
601.1 0.867012
601.2 0.867434
601.3 0.867276
601.4 0.8673
601.5 0.86745
601.6 0.867494
601.7 0.866639
601.8 0.866955
601.9 0.867625
602 0.867668
602.1 0.867494
602.2 0.867755
602.3 0.867799
602.4 0.867842
602.5 0.867885
602.6 0.867809
602.7 0.867972
602.8 0.868015
602.9 0.868016
603 0.868084
603.1 0.868173
603.2 0.868274
603.3 0.868345
603.4 0.868389
603.5 0.868432
603.6 0.868475
603.7 0.868545
603.8 0.868645
603.9 0.868719
604 0.868761
604.1 0.86883
604.2 0.86893
604.3 0.869005
604.4 0.869048
604.5 0.869114
604.6 0.869214
604.7 0.869291
604.8 0.869333
604.9 0.869376
605 0.869418
605.1 0.869482
605.2 0.869582
605.3 0.869681
605.4 0.869781
605.5 0.86988
605.6 0.869979
605.7 0.87006
605.8 0.870103
605.9 0.870162
606 0.870261
606.1 0.87036
606.2 0.87046
606.3 0.870559
606.4 0.870658
606.5 0.870757
606.6 0.870856
606.7 0.870942
606.8 0.870984
606.9 0.871049
607 0.871204
607.1 0.87135
607.2 0.871449
607.3 0.871548
607.4 0.871647
607.5 0.871745
607.6 0.871844
607.7 0.871942
607.8 0.872041
607.9 0.872139
608 0.872238
608.1 0.872334
608.2 0.872376
608.3 0.87242
608.4 0.872575
608.5 0.87273
608.6 0.872829
608.7 0.872927
608.8 0.873025
608.9 0.873124
609 0.873222
609.1 0.87332
609.2 0.873418
609.3 0.873516
609.4 0.873614
609.5 0.873712
609.6 0.87381
609.7 0.873908
609.8 0.874006
609.9 0.874104
610 0.874202
610.1 0.8743
610.2 0.87444
610.3 0.874594
610.4 0.874708
610.5 0.874806
610.6 0.874903
610.7 0.875001
610.8 0.875099
610.9 0.875196
611 0.875294
611.1 0.875391
611.2 0.875489
611.3 0.875586
611.4 0.875684
611.5 0.875781
611.6 0.875879
611.7 0.875976
611.8 0.876073
611.9 0.87617
612 0.876267
612.1 0.876365
612.2 0.876462
612.3 0.876559
612.4 0.876656
612.5 0.876753
612.6 0.87685
612.7 0.876947
612.8 0.877044
612.9 0.877141
613 0.877238
613.1 0.877335
613.2 0.877422
613.3 0.877462
613.4 0.87751
613.5 0.877607
613.6 0.877703
613.7 0.8778
613.8 0.877897
613.9 0.877993
614 0.87809
614.1 0.878186
614.2 0.878283
614.3 0.878326
614.4 0.878366
614.5 0.878457
614.6 0.878553
614.7 0.878649
614.8 0.878746
614.9 0.878842
615 0.878938
615.1 0.879034
615.2 0.879131
615.3 0.879187
615.4 0.879227
615.5 0.879303
615.6 0.8794
615.7 0.879496
615.8 0.879592
615.9 0.879657
616 0.879696
616.1 0.879764
616.2 0.879859
616.3 0.879955
616.4 0.880051
616.5 0.880125
616.6 0.880165
616.7 0.880223
616.8 0.880319
616.9 0.880399
617 0.880438
617.1 0.88049
617.2 0.880585
617.3 0.880671
617.4 0.880711
617.5 0.880756
617.6 0.880851
617.7 0.880944
617.8 0.880983
617.9 0.881022
618 0.881117
618.1 0.881212
618.2 0.881255
618.3 0.881294
618.4 0.881333
618.5 0.881372
618.6 0.881456
618.7 0.881551
618.8 0.881605
618.9 0.881643
619 0.881682
619.1 0.881721
619.2 0.881795
619.3 0.881889
619.4 0.881953
619.5 0.881992
619.6 0.88203
619.7 0.882069
619.8 0.882108
619.9 0.882146
620 0.882185
620.1 0.882223
620.2 0.882262
620.3 0.8823
620.4 0.882339
620.5 0.882377
620.6 0.882416
620.7 0.882454
620.8 0.882492
620.9 0.882531
621 0.882569
621.1 0.882607
621.2 0.882646
621.3 0.882684
621.4 0.882722
621.5 0.88276
621.6 0.882798
621.7 0.882836
621.8 0.882874
621.9 0.882912
622 0.88295
622.1 0.882952
622.2 0.882934
622.3 0.882948
622.4 0.882986
622.5 0.883024
622.6 0.883062
622.7 0.8831
622.8 0.883138
622.9 0.883155
623 0.883137
623.1 0.883135
623.2 0.883173
623.3 0.88321
623.4 0.883248
623.5 0.883286
623.6 0.883323
623.7 0.883361
623.8 0.883398
623.9 0.883436
624 0.883419
624.1 0.8834
624.2 0.883432
624.3 0.88347
624.4 0.883507
624.5 0.883544
624.6 0.883541
624.7 0.883522
624.8 0.88354
624.9 0.883578
625 0.883615
625.1 0.883652
625.2 0.883689
625.3 0.883726
625.4 0.883763
625.5 0.8838
625.6 0.88382
625.7 0.883801
625.8 0.883795
625.9 0.883832
626 0.883869
626.1 0.883906
626.2 0.883943
626.3 0.88357
626.4 0.884017
626.5 0.884054
626.6 0.883999
626.7 0.88411
626.8 0.884164
626.9 0.883515
627 0.883652
627.1 0.884158
627.2 0.883997
627.3 0.884231
627.4 0.882893
627.5 0.884334
627.6 0.884426
627.7 0.88375
627.8 0.883762
627.9 0.814221
628 0.83964
628.1 0.843348
628.2 0.845083
628.3 0.866324
628.4 0.856208
628.5 0.879859
628.6 0.869971
628.7 0.884135
628.8 0.883347
628.9 0.877762
629 0.882215
629.1 0.872544
629.2 0.868928
629.3 0.884871
629.4 0.866905
629.5 0.865837
629.6 0.88463
629.7 0.866957
629.8 0.865006
629.9 0.884161
630 0.86788
630.1 0.86586
630.2 0.885995
630.3 0.886086
630.4 0.863014
630.5 0.876371
630.6 0.88636
630.7 0.88318
630.8 0.862559
630.9 0.88661
631 0.886706
631.1 0.886138
631.2 0.8668
631.3 0.886997
631.4 0.88703
631.5 0.88699
631.6 0.880578
631.7 0.88013
631.8 0.886054
631.9 0.885935
632 0.887714
632.1 0.878987
632.2 0.886328
632.3 0.887658
632.4 0.887768
632.5 0.886757
632.6 0.883238
632.7 0.888502
632.8 0.888323
632.9 0.888794
633 0.888842
633.1 0.886161
633.2 0.889075
633.3 0.889276
633.4 0.888611
633.5 0.8892
633.6 0.889163
633.7 0.889254
633.8 0.889677
633.9 0.890127
634 0.890279
634.1 0.890424
634.2 0.890282
634.3 0.890101
634.4 0.889557
634.5 0.891005
634.6 0.89115
634.7 0.891208
634.8 0.891389
634.9 0.889882
635 0.89173
635.1 0.891876
635.2 0.891329
635.3 0.891558
635.4 0.892262
635.5 0.892456
635.6 0.892601
635.7 0.892394
635.8 0.89289
635.9 0.893017
636 0.892746
636.1 0.892711
636.2 0.893353
636.3 0.892675
636.4 0.893642
636.5 0.893787
636.6 0.893931
636.7 0.894076
636.8 0.894221
636.9 0.894365
637 0.894029
637.1 0.894577
637.2 0.894798
637.3 0.893887
637.4 0.894973
637.5 0.895076
637.6 0.895368
637.7 0.895492
637.8 0.895665
637.9 0.895809
638 0.895948
638.1 0.895893
638.2 0.896126
638.3 0.896254
638.4 0.896096
638.5 0.896412
638.6 0.8966
638.7 0.896728
638.8 0.896871
638.9 0.897015
639 0.897159
639.1 0.897013
639.2 0.897349
639.3 0.89746
639.4 0.897662
639.5 0.897729
639.6 0.897905
639.7 0.898021
639.8 0.898193
639.9 0.898049
640 0.898429
640.1 0.898474
640.2 0.898458
640.3 0.898783
640.4 0.898901
640.5 0.898908
640.6 0.89904
640.7 0.89925
640.8 0.899372
640.9 0.899444
641 0.899005
641.1 0.899398
641.2 0.899733
641.3 0.899865
641.4 0.900019
641.5 0.900037
641.6 0.900065
641.7 0.900285
641.8 0.900293
641.9 0.90024
642 0.90055
642.1 0.900431
642.2 0.900784
642.3 0.900932
642.4 0.90102
642.5 0.901079
642.6 0.901196
642.7 0.900621
642.8 0.901294
642.9 0.90146
643 0.901548
643.1 0.901568
643.2 0.901499
643.3 0.901914
643.4 0.901927
643.5 0.901094
643.6 0.90164
643.7 0.902209
643.8 0.902368
643.9 0.902456
644 0.902494
644.1 0.902224
644.2 0.902302
644.3 0.902566
644.4 0.902848
644.5 0.902266
644.6 0.902669
644.7 0.902599
644.8 0.903001
644.9 0.903093
645 0.902367
645.1 0.902953
645.2 0.903476
645.3 0.903118
645.4 0.903614
645.5 0.903232
645.6 0.902041
645.7 0.903328
645.8 0.904
645.9 0.902879
646 0.903593
646.1 0.90005
646.2 0.902254
646.3 0.903936
646.4 0.902431
646.5 0.902255
646.6 0.901088
646.7 0.904007
646.8 0.90113
646.9 0.902512
647 0.902061
647.1 0.900196
647.2 0.902122
647.3 0.904283
647.4 0.90022
647.5 0.900415
647.6 0.904024
647.7 0.89242
647.8 0.894225
647.9 0.900751
648 0.905482
648.1 0.900483
648.2 0.896724
648.3 0.903991
648.4 0.905532
648.5 0.895721
648.6 0.896889
648.7 0.902836
648.8 0.904988
648.9 0.900689
649 0.904267
649.1 0.903361
649.2 0.905461
649.3 0.896672
649.4 0.906143
649.5 0.896791
649.6 0.905095
649.7 0.905983
649.8 0.897085
649.9 0.903302
650 0.906685
650.1 0.907
650.2 0.906817
650.3 0.906645
650.4 0.906235
650.5 0.905608
650.6 0.905038
650.7 0.907488
650.8 0.907305
650.9 0.90689
651 0.903319
651.1 0.907235
651.2 0.90771
651.3 0.907694
651.4 0.902746
651.5 0.907029
651.6 0.90215
651.7 0.900947
651.8 0.888573
651.9 0.901818
652 0.904561
652.1 0.900182
652.2 0.908169
652.3 0.908495
652.4 0.906919
652.5 0.906036
652.6 0.902286
652.7 0.908729
652.8 0.908284
652.9 0.908349
653 0.908987
653.1 0.909006
653.2 0.907618
653.3 0.908887
653.4 0.901882
653.5 0.909133
653.6 0.904362
653.7 0.908411
653.8 0.908128
653.9 0.907884
654 0.909581
654.1 0.909274
654.2 0.909243
654.3 0.909733
654.4 0.906239
654.5 0.909049
654.6 0.899167
654.7 0.909588
654.8 0.90873
654.9 0.908076
655 0.901845
655.1 0.907846
655.2 0.910323
655.3 0.910415
655.4 0.90185
655.5 0.908079
655.6 0.907243
655.7 0.909672
655.8 0.91051
655.9 0.906118
656 0.908094
656.1 0.910891
656.2 0.908827
656.3 0.909411
656.4 0.910026
656.5 0.909158
656.6 0.904426
656.7 0.910911
656.8 0.910932
656.9 0.911384
657 0.910693
657.1 0.908674
657.2 0.911011
657.3 0.911007
657.4 0.905438
657.5 0.911355
657.6 0.91141
657.7 0.903069
657.8 0.911484
657.9 0.912104
658 0.912134
658.1 0.911786
658.2 0.912032
658.3 0.909878
658.4 0.911957
658.5 0.910373
658.6 0.912475
658.7 0.911931
658.8 0.908481
658.9 0.911698
659 0.912015
659.1 0.912661
659.2 0.912865
659.3 0.912781
659.4 0.912944
659.5 0.912364
659.6 0.911829
659.7 0.913166
659.8 0.912904
659.9 0.912996
660 0.913326
660.1 0.911228
660.2 0.913225
660.3 0.913549
660.4 0.91221
660.5 0.913447
660.6 0.913792
660.7 0.913029
660.8 0.913919
660.9 0.913904
661 0.914015
661.1 0.913935
661.2 0.914046
661.3 0.914122
661.4 0.913109
661.5 0.914313
661.6 0.914393
661.7 0.914328
661.8 0.914452
661.9 0.914485
662 0.914592
662.1 0.914583
662.2 0.914688
662.3 0.914654
662.4 0.91474
662.5 0.914775
662.6 0.914924
662.7 0.914956
662.8 0.914711
662.9 0.915122
663 0.914796
663.1 0.91509
663.2 0.915337
663.3 0.915366
663.4 0.915318
663.5 0.915203
663.6 0.915572
663.7 0.915538
663.8 0.915631
663.9 0.915712
664 0.915752
664.1 0.915836
664.2 0.915866
664.3 0.915885
664.4 0.915705
664.5 0.915777
664.6 0.915943
664.7 0.916248
664.8 0.916264
664.9 0.916306
665 0.916383
665.1 0.916161
665.2 0.916548
665.3 0.91663
665.4 0.916609
665.5 0.916625
665.6 0.916759
665.7 0.916783
665.8 0.916916
665.9 0.91695
666 0.916979
666.1 0.917051
666.2 0.91699
666.3 0.917215
666.4 0.917058
666.5 0.917359
666.6 0.917388
666.7 0.91724
666.8 0.917507
666.9 0.917589
667 0.917671
667.1 0.917753
667.2 0.917796
667.3 0.917712
667.4 0.91788
667.5 0.917962
667.6 0.918029
667.7 0.918058
667.8 0.918088
667.9 0.91817
668 0.918252
668.1 0.918334
668.2 0.918415
668.3 0.918465
668.4 0.918494
668.5 0.918521
668.6 0.918612
668.7 0.918704
668.8 0.918786
668.9 0.918867
669 0.918889
669.1 0.918929
669.2 0.918993
669.3 0.919074
669.4 0.919132
669.5 0.91916
669.6 0.9192
669.7 0.919281
669.8 0.919362
669.9 0.919444
670 0.919525
670.1 0.919566
670.2 0.919594
670.3 0.91965
670.4 0.919731
670.5 0.919797
670.6 0.919825
670.7 0.919856
670.8 0.919937
670.9 0.920017
671 0.920055
671.1 0.920083
671.2 0.920142
671.3 0.920223
671.4 0.920304
671.5 0.920384
671.6 0.92046
671.7 0.920488
671.8 0.920516
671.9 0.920589
672 0.92067
672.1 0.920717
672.2 0.920745
672.3 0.920793
672.4 0.920874
672.5 0.920954
672.6 0.921035
672.7 0.921116
672.8 0.921149
672.9 0.921176
673 0.921239
673.1 0.921319
673.2 0.921378
673.3 0.921405
673.4 0.921442
673.5 0.921522
673.6 0.921602
673.7 0.921634
673.8 0.921661
673.9 0.921725
674 0.921805
674.1 0.921862
674.2 0.92189
674.3 0.921927
674.4 0.922007
674.5 0.922087
674.6 0.922118
674.7 0.922145
674.8 0.922209
674.9 0.922289
675 0.922346
675.1 0.922373
675.2 0.92241
675.3 0.92249
675.4 0.92257
675.5 0.922601
675.6 0.922628
675.7 0.922691
675.8 0.922771
675.9 0.922828
676 0.922855
676.1 0.922892
676.2 0.922972
676.3 0.923051
676.4 0.923082
676.5 0.923109
676.6 0.923172
676.7 0.923251
676.8 0.923309
676.9 0.923336
677 0.923372
677.1 0.923451
677.2 0.923531
677.3 0.923562
677.4 0.923589
677.5 0.92365
677.6 0.92373
677.7 0.923789
677.8 0.923815
677.9 0.923849
678 0.923928
678.1 0.924008
678.2 0.924041
678.3 0.924068
678.4 0.924127
678.5 0.924206
678.6 0.924257
678.7 0.924294
678.8 0.92432
678.9 0.924347
679 0.924373
679.1 0.924444
679.2 0.924523
679.3 0.924572
679.4 0.924599
679.5 0.924641
679.6 0.92472
679.7 0.924794
679.8 0.924824
679.9 0.92478
680 0.924876
680.1 0.924903
680.2 0.924937
680.3 0.925035
680.4 0.925101
680.5 0.925127
680.6 0.925081
680.7 0.92518
680.8 0.925206
680.9 0.925232
681 0.925348
681.1 0.925404
681.2 0.92543
681.3 0.925457
681.4 0.925483
681.5 0.925509
681.6 0.925464
681.7 0.92566
681.8 0.925688
681.9 0.925577
682 0.925759
682.1 0.925785
682.2 0.925815
682.3 0.925807
682.4 0.925956
682.5 0.925886
682.6 0.925782
682.7 0.925866
682.8 0.926086
682.9 0.926056
683 0.926138
683.1 0.926064
683.2 0.926241
683.3 0.926319
683.4 0.926361
683.5 0.926204
683.6 0.926369
683.7 0.926438
683.8 0.926472
683.9 0.92655
684 0.926496
684.1 0.926408
684.2 0.926645
684.3 0.926643
684.4 0.926348
684.5 0.926716
684.6 0.926736
684.7 0.92683
684.8 0.926779
684.9 0.926986
685 0.926861
685.1 0.927037
685.2 0.927086
685.3 0.927164
685.4 0.92723
685.5 0.926897
685.6 0.927013
685.7 0.927355
685.8 0.927356
685.9 0.927439
686 0.927408
686.1 0.927417
686.2 0.927383
686.3 0.92749
686.4 0.927487
686.5 0.927197
686.6 0.927052
686.7 0.926821
686.8 0.925169
686.9 0.719347
687 0.57891
687.1 0.6556
687.2 0.683793
687.3 0.611749
687.4 0.746584
687.5 0.736735
687.6 0.707701
687.7 0.719253
687.8 0.823581
687.9 0.744555
688 0.830599
688.1 0.801512
688.2 0.846683
688.3 0.925288
688.4 0.925598
688.5 0.921561
688.6 0.812159
688.7 0.912086
688.8 0.781162
688.9 0.777049
689 0.913218
689.1 0.76261
689.2 0.751478
689.3 0.916466
689.4 0.763431
689.5 0.738702
689.6 0.91368
689.7 0.91706
689.8 0.758368
689.9 0.755125
690 0.922524
690.1 0.920803
690.2 0.772427
690.3 0.773393
690.4 0.924549
690.5 0.923961
690.6 0.793304
690.7 0.789521
690.8 0.922609
690.9 0.925296
691 0.844249
691.1 0.790803
691.2 0.919361
691.3 0.925028
691.4 0.926695
691.5 0.835543
691.6 0.833397
691.7 0.925988
691.8 0.926965
691.9 0.926585
692 0.858903
692.1 0.856237
692.2 0.928611
692.3 0.928067
692.4 0.925104
692.5 0.870363
692.6 0.871066
692.7 0.927672
692.8 0.929186
692.9 0.923235
693 0.928664
693.1 0.855241
693.2 0.906298
693.3 0.923071
693.4 0.921262
693.5 0.92436
693.6 0.89377
693.7 0.906382
693.8 0.92765
693.9 0.92978
694 0.90612
694.1 0.925382
694.2 0.883082
694.3 0.908218
694.4 0.904261
694.5 0.930136
694.6 0.907665
694.7 0.931293
694.8 0.927871
694.9 0.900847
695 0.916459
695.1 0.910992
695.2 0.93057
695.3 0.920221
695.4 0.930246
695.5 0.924149
695.6 0.917876
695.7 0.930661
695.8 0.887478
695.9 0.926973
696 0.930926
696.1 0.914007
696.2 0.929085
696.3 0.903164
696.4 0.931602
696.5 0.932097
696.6 0.926227
696.7 0.92813
696.8 0.932602
696.9 0.932338
697 0.932162
697.1 0.932661
697.2 0.931176
697.3 0.9255
697.4 0.931048
697.5 0.932158
697.6 0.932087
697.7 0.932215
697.8 0.932392
697.9 0.92536
698 0.931408
698.1 0.930975
698.2 0.932335
698.3 0.926693
698.4 0.931249
698.5 0.933328
698.6 0.932324
698.7 0.928817
698.8 0.923559
698.9 0.919423
699 0.928341
699.1 0.905822
699.2 0.923434
699.3 0.929984
699.4 0.930993
699.5 0.918384
699.6 0.916907
699.7 0.93105
699.8 0.933514
699.9 0.933225
700 0.926873
700.1 0.906549
700.2 0.932975
700.3 0.932133
700.4 0.929666
700.5 0.933209
700.6 0.926282
700.7 0.905905
700.8 0.926956
700.9 0.931031
701 0.930416
701.1 0.931942
701.2 0.928582
701.3 0.917067
701.4 0.933313
701.5 0.933225
701.6 0.933008
701.7 0.928217
701.8 0.902001
701.9 0.928612
702 0.934312
702.1 0.928243
702.2 0.932196
702.3 0.92955
702.4 0.932136
702.5 0.915825
702.6 0.931299
702.7 0.931497
702.8 0.929938
702.9 0.905104
703 0.924666
703.1 0.932409
703.2 0.934093
703.3 0.933993
703.4 0.934501
703.5 0.935283
703.6 0.935265
703.7 0.935177
703.8 0.934822
703.9 0.923702
704 0.929672
704.1 0.929453
704.2 0.916461
704.3 0.934768
704.4 0.931424
704.5 0.934808
704.6 0.932962
704.7 0.934506
704.8 0.935546
704.9 0.929077
705 0.934072
705.1 0.934117
705.2 0.933183
705.3 0.923645
705.4 0.930004
705.5 0.924461
705.6 0.93498
705.7 0.933533
705.8 0.93443
705.9 0.927272
706 0.932449
706.1 0.93427
706.2 0.931993
706.3 0.932302
706.4 0.934469
706.5 0.931148
706.6 0.934798
706.7 0.932889
706.8 0.928207
706.9 0.934016
707 0.934771
707.1 0.934733
707.2 0.93558
707.3 0.935414
707.4 0.931932
707.5 0.93466
707.6 0.935317
707.7 0.933315
707.8 0.934908
707.9 0.935693
708 0.928838
708.1 0.931113
708.2 0.933806
708.3 0.934494
708.4 0.936013
708.5 0.93582
708.6 0.936676
708.7 0.935751
708.8 0.934659
708.9 0.936844
709 0.929098
709.1 0.935717
709.2 0.935789
709.3 0.934468
709.4 0.936986
709.5 0.935707
709.6 0.934833
709.7 0.935463
709.8 0.935197
709.9 0.935992
710 0.93559
710.1 0.933826
710.2 0.935135
710.3 0.935276
710.4 0.934301
710.5 0.93637
710.6 0.935951
710.7 0.936542
710.8 0.932231
710.9 0.936716
711 0.936711
711.1 0.934654
711.2 0.936383
711.3 0.936124
711.4 0.935618
711.5 0.937642
711.6 0.936354
711.7 0.936678
711.8 0.936265
711.9 0.937793
712 0.932948
712.1 0.937002
712.2 0.93634
712.3 0.937894
712.4 0.935971
712.5 0.936587
712.6 0.936968
712.7 0.93715
712.8 0.937396
712.9 0.937782
713 0.933684
713.1 0.935341
713.2 0.935893
713.3 0.935897
713.4 0.936508
713.5 0.937434
713.6 0.935335
713.7 0.937886
713.8 0.938107
713.9 0.933619
714 0.935503
714.1 0.938116
714.2 0.935255
714.3 0.936887
714.4 0.936859
714.5 0.933677
714.6 0.938157
714.7 0.936644
714.8 0.936031
714.9 0.93666
715 0.929179
715.1 0.937618
715.2 0.934144
715.3 0.927593
715.4 0.937307
715.5 0.936562
715.6 0.936674
715.7 0.936697
715.8 0.932158
715.9 0.937575
716 0.936786
716.1 0.926173
716.2 0.937488
716.3 0.938091
716.4 0.930371
716.5 0.935217
716.6 0.922618
716.7 0.93444
716.8 0.926747
716.9 0.910452
717 0.885905
717.1 0.92876
717.2 0.901253
717.3 0.90731
717.4 0.927878
717.5 0.843852
717.6 0.883305
717.7 0.935034
717.8 0.900114
717.9 0.843113
718 0.885155
718.1 0.925996
718.2 0.934644
718.3 0.901448
718.4 0.859199
718.5 0.93381
718.6 0.854598
718.7 0.846995
718.8 0.817244
718.9 0.79911
719 0.921923
719.1 0.930781
719.2 0.937625
719.3 0.854493
719.4 0.843964
719.5 0.905641
719.6 0.845672
719.7 0.900938
719.8 0.920975
719.9 0.904951
720 0.873018
720.1 0.928784
720.2 0.881364
720.3 0.778628
720.4 0.925925
720.5 0.932464
720.6 0.821177
720.7 0.927418
720.8 0.838043
720.9 0.913686
721 0.935243
721.1 0.917192
721.2 0.914962
721.3 0.925027
721.4 0.934769
721.5 0.939773
721.6 0.938277
721.7 0.936435
721.8 0.92435
721.9 0.915878
722 0.927546
722.1 0.934178
722.2 0.939036
722.3 0.939622
722.4 0.940156
722.5 0.928161
722.6 0.891252
722.7 0.938802
722.8 0.939585
722.9 0.915936
723 0.909633
723.1 0.939299
723.2 0.938999
723.3 0.93273
723.4 0.907037
723.5 0.836715
723.6 0.906592
723.7 0.817016
723.8 0.87989
723.9 0.938364
724 0.934424
724.1 0.936566
724.2 0.903778
724.3 0.798303
724.4 0.939293
724.5 0.907515
724.6 0.837987
724.7 0.931383
724.8 0.891456
724.9 0.903412
725 0.939548
725.1 0.918714
725.2 0.914144
725.3 0.935513
725.4 0.855001
725.5 0.854274
725.6 0.877245
725.7 0.939844
725.8 0.938782
725.9 0.908407
726 0.901493
726.1 0.93105
726.2 0.930348
726.3 0.910549
726.4 0.917874
726.5 0.917038
726.6 0.917975
726.7 0.874521
726.8 0.841925
726.9 0.941057
727 0.937137
727.1 0.938362
727.2 0.901784
727.3 0.938634
727.4 0.938742
727.5 0.828076
727.6 0.93612
727.7 0.891419
727.8 0.900963
727.9 0.817784
728 0.898887
728.1 0.931616
728.2 0.930349
728.3 0.926377
728.4 0.918747
728.5 0.933887
728.6 0.941665
728.7 0.940537
728.8 0.941367
728.9 0.887824
729 0.899224
729.1 0.941012
729.2 0.849646
729.3 0.895691
729.4 0.915675
729.5 0.909705
729.6 0.929224
729.7 0.906321
729.8 0.926343
729.9 0.94047
730 0.936143
730.1 0.94137
730.2 0.8993
730.3 0.93371
730.4 0.922186
730.5 0.875487
730.6 0.864282
730.7 0.935248
730.8 0.934449
730.9 0.942467
731 0.941562
731.1 0.903978
731.2 0.890482
731.3 0.922567
731.4 0.937416
731.5 0.906696
731.6 0.941232
731.7 0.929671
731.8 0.923293
731.9 0.905963
732 0.914474
732.1 0.899119
732.2 0.943125
732.3 0.932209
732.4 0.942775
732.5 0.943137
732.6 0.928196
732.7 0.939166
732.8 0.943229
732.9 0.91809
733 0.938214
733.1 0.942399
733.2 0.942952
733.3 0.925172
733.4 0.943456
733.5 0.92695
733.6 0.919158
733.7 0.927223
733.8 0.940952
733.9 0.942867
734 0.944226
734.1 0.942846
734.2 0.941432
734.3 0.940642
734.4 0.943018
734.5 0.944432
734.6 0.928297
734.7 0.932271
734.8 0.943947
734.9 0.942594
735 0.936268
735.1 0.929642
735.2 0.927964
735.3 0.944355
735.4 0.944564
735.5 0.938841
735.6 0.940647
735.7 0.94092
735.8 0.938504
735.9 0.934245
736 0.94387
736.1 0.939765
736.2 0.932022
736.3 0.936899
736.4 0.938027
736.5 0.942891
736.6 0.929711
736.7 0.940347
736.8 0.936597
736.9 0.943797
737 0.940092
737.1 0.923331
737.2 0.941344
737.3 0.940554
737.4 0.940209
737.5 0.943621
737.6 0.941343
737.7 0.944831
737.8 0.943075
737.9 0.944421
738 0.936124
738.1 0.944218
738.2 0.944481
738.3 0.943444
738.4 0.938016
738.5 0.939377
738.6 0.932275
738.7 0.945085
738.8 0.945309
738.9 0.944767
739 0.945299
739.1 0.943269
739.2 0.937875
739.3 0.936639
739.4 0.941491
739.5 0.944565
739.6 0.945058
739.7 0.945625
739.8 0.937056
739.9 0.938419
740 0.944285
740.1 0.944276
740.2 0.945663
740.3 0.944435
740.4 0.945366
740.5 0.945481
740.6 0.944096
740.7 0.94553
740.8 0.944039
740.9 0.944859
741 0.944127
741.1 0.945508
741.2 0.944395
741.3 0.940195
741.4 0.945896
741.5 0.945906
741.6 0.945744
741.7 0.943433
741.8 0.944151
741.9 0.945854
742 0.945805
742.1 0.946113
742.2 0.945939
742.3 0.943579
742.4 0.94593
742.5 0.945096
742.6 0.94586
742.7 0.943482
742.8 0.944001
742.9 0.946152
743 0.94556
743.1 0.946193
743.2 0.946206
743.3 0.945975
743.4 0.946204
743.5 0.946063
743.6 0.946236
743.7 0.945922
743.8 0.946224
743.9 0.946219
744 0.94603
744.1 0.946181
744.2 0.946071
744.3 0.94485
744.4 0.946016
744.5 0.946357
744.6 0.946279
744.7 0.946427
744.8 0.9463
744.9 0.946492
745 0.946516
745.1 0.946358
745.2 0.946409
745.3 0.946364
745.4 0.946079
745.5 0.946522
745.6 0.946389
745.7 0.946297
745.8 0.946442
745.9 0.946638
746 0.946292
746.1 0.946418
746.2 0.946562
746.3 0.946684
746.4 0.946715
746.5 0.94675
746.6 0.946776
746.7 0.946793
746.8 0.946757
746.9 0.94654
747 0.946648
747.1 0.946693
747.2 0.946748
747.3 0.946857
747.4 0.94688
747.5 0.946916
747.6 0.946954
747.7 0.946921
747.8 0.946967
747.9 0.946871
748 0.946992
748.1 0.947052
748.2 0.947023
748.3 0.947074
748.4 0.947131
748.5 0.947149
748.6 0.947166
748.7 0.947194
748.8 0.947265
748.9 0.947267
749 0.947312
749.1 0.947279
749.2 0.947323
749.3 0.94741
749.4 0.947428
749.5 0.947374
749.6 0.947463
749.7 0.947447
749.8 0.947562
749.9 0.947551
750 0.947637
750.1 0.947624
750.2 0.947637
750.3 0.947706
750.4 0.947711
750.5 0.947694
750.6 0.947784
750.7 0.947788
750.8 0.94784
750.9 0.947932
751 0.947929
751.1 0.947965
751.2 0.947999
751.3 0.948065
751.4 0.948113
751.5 0.948149
751.6 0.948159
751.7 0.94816
751.8 0.948192
751.9 0.948199
752 0.948283
752.1 0.948348
752.2 0.948363
752.3 0.948417
752.4 0.948408
752.5 0.948451
752.6 0.948468
752.7 0.948499
752.8 0.948565
752.9 0.948626
753 0.948637
753.1 0.948658
753.2 0.948693
753.3 0.94871
753.4 0.948727
753.5 0.94878
753.6 0.948846
753.7 0.948873
753.8 0.948917
753.9 0.948931
754 0.948951
754.1 0.948968
754.2 0.948996
754.3 0.949061
754.4 0.949118
754.5 0.949148
754.6 0.949175
754.7 0.949192
754.8 0.949209
754.9 0.949226
755 0.949251
755.1 0.949322
755.2 0.949359
755.3 0.949388
755.4 0.949397
755.5 0.949448
755.6 0.949466
755.7 0.949483
755.8 0.9495
755.9 0.949517
756 0.949562
756.1 0.949583
756.2 0.949638
756.3 0.949675
756.4 0.949701
756.5 0.949728
756.6 0.949755
756.7 0.949773
756.8 0.94979
756.9 0.949807
757 0.949823
757.1 0.94984
757.2 0.949857
757.3 0.949921
757.4 0.949942
757.5 0.949947
757.6 0.95001
757.7 0.950034
757.8 0.950027
757.9 0.950083
758 0.950108
758.1 0.950129
758.2 0.950146
758.3 0.9501
758.4 0.950121
758.5 0.950146
758.6 0.950129
758.7 0.950046
758.8 0.949905
758.9 0.94967
759 0.949313
759.1 0.948761
759.2 0.947911
759.3 0.946526
759.4 0.943991
759.5 0.935738
759.6 0.610669
759.7 0.434273
759.8 0.395539
759.9 0.46648
760 0.525957
760.1 0.293638
760.2 0.323247
760.3 0.406391
760.4 0.131284
760.5 0.369388
760.6 0.181168
760.7 0.315645
760.8 0.262298
760.9 0.229096
761 0.268518
761.1 0.341639
761.2 0.319202
761.3 0.455838
761.4 0.322769
761.5 0.360186
761.6 0.718932
761.7 0.432994
761.8 0.524077
761.9 0.878492
762 0.927694
762.1 0.928612
762.2 0.870912
762.3 0.438663
762.4 0.828164
762.5 0.520897
762.6 0.469838
762.7 0.475598
762.8 0.820782
762.9 0.325319
763 0.334609
763.1 0.642715
763.2 0.798185
763.3 0.317748
763.4 0.298223
763.5 0.678838
763.6 0.82098
763.7 0.409352
763.8 0.346856
763.9 0.581288
764 0.849599
764.1 0.720406
764.2 0.358676
764.3 0.366333
764.4 0.850017
764.5 0.866133
764.6 0.462229
764.7 0.417694
764.8 0.676865
764.9 0.894897
765 0.894946
765.1 0.466755
765.2 0.442758
765.3 0.831594
765.4 0.914122
765.5 0.91459
765.6 0.552934
765.7 0.536355
765.8 0.853437
765.9 0.928608
766 0.934963
766.1 0.747319
766.2 0.666539
766.3 0.724221
766.4 0.935566
766.5 0.944122
766.6 0.933349
766.7 0.694292
766.8 0.688537
766.9 0.934536
767 0.945035
767.1 0.946095
767.2 0.932804
767.3 0.763872
767.4 0.764628
767.5 0.945989
767.6 0.949874
767.7 0.949094
767.8 0.94084
767.9 0.820708
768 0.820789
768.1 0.949453
768.2 0.951108
768.3 0.950809
768.4 0.949774
768.5 0.862831
768.6 0.860801
768.7 0.950241
768.8 0.950575
768.9 0.95009
769 0.949375
769.1 0.895591
769.2 0.891748
769.3 0.948522
769.4 0.949614
769.5 0.949787
769.6 0.949203
769.7 0.949519
769.8 0.917989
769.9 0.916683
770 0.949942
770.1 0.951382
770.2 0.950094
770.3 0.950013
770.4 0.950687
770.5 0.936925
770.6 0.935557
770.7 0.95167
770.8 0.952179
770.9 0.952194
771 0.95221
771.1 0.952225
771.2 0.945118
771.3 0.945958
771.4 0.951843
771.5 0.951361
771.6 0.950341
771.7 0.952318
771.8 0.950358
771.9 0.949561
772 0.947989
772.1 0.9523
772.2 0.950603
772.3 0.951519
772.4 0.949769
772.5 0.952414
772.6 0.952382
772.7 0.949308
772.8 0.948951
772.9 0.952422
773 0.952402
773.1 0.950293
773.2 0.950111
773.3 0.952383
773.4 0.952459
773.5 0.952264
773.6 0.950507
773.7 0.95058
773.8 0.952505
773.9 0.952523
774 0.952526
774.1 0.951205
774.2 0.951102
774.3 0.952474
774.4 0.952484
774.5 0.9525
774.6 0.951641
774.7 0.951591
774.8 0.952543
774.9 0.952567
775 0.952576
775.1 0.952556
775.2 0.951996
775.3 0.951986
775.4 0.952597
775.5 0.952576
775.6 0.952552
775.7 0.952316
775.8 0.952302
775.9 0.952472
776 0.952612
776.1 0.952627
776.2 0.952642
776.3 0.952485
776.4 0.952496
776.5 0.952666
776.6 0.952699
776.7 0.952709
776.8 0.952718
776.9 0.952715
777 0.952652
777.1 0.95265
777.2 0.952758
777.3 0.952768
777.4 0.952779
777.5 0.952789
777.6 0.952755
777.7 0.952747
777.8 0.952729
777.9 0.952777
778 0.952792
778.1 0.952807
778.2 0.952821
778.3 0.952836
778.4 0.952838
778.5 0.952866
778.6 0.952881
778.7 0.952896
778.8 0.952911
778.9 0.952926
779 0.952934
779.1 0.952956
779.2 0.952971
779.3 0.952985
779.4 0.952873
779.5 0.952963
779.6 0.95303
779.7 0.953045
779.8 0.953089
779.9 0.953113
780 0.953164
780.1 0.953185
780.2 0.953207
780.3 0.953228
780.4 0.953243
780.5 0.952925
780.6 0.95329
780.7 0.953314
780.8 0.953329
780.9 0.953344
781 0.953359
781.1 0.953343
781.2 0.953362
781.3 0.953403
781.4 0.953418
781.5 0.953432
781.6 0.953467
781.7 0.953507
781.8 0.953559
781.9 0.953492
782 0.953541
782.1 0.953445
782.2 0.953544
782.3 0.953633
782.4 0.953579
782.5 0.953701
782.6 0.953715
782.7 0.953672
782.8 0.953727
782.9 0.953815
783 0.953738
783.1 0.953766
783.2 0.953903
783.3 0.953936
783.4 0.953889
783.5 0.953757
783.6 0.953983
783.7 0.954003
783.8 0.954007
783.9 0.953773
784 0.954068
784.1 0.953864
784.2 0.953206
784.3 0.953774
784.4 0.95422
784.5 0.95426
784.6 0.954281
784.7 0.953951
784.8 0.953378
784.9 0.953365
785 0.954391
785.1 0.95379
785.2 0.954399
785.3 0.954144
785.4 0.954486
785.5 0.954512
785.6 0.953371
785.7 0.952919
785.8 0.954262
785.9 0.954639
786 0.954411
786.1 0.954367
786.2 0.954669
786.3 0.953518
786.4 0.954091
786.5 0.953426
786.6 0.954347
786.7 0.952093
786.8 0.94768
786.9 0.953172
787 0.954494
787.1 0.954854
787.2 0.949971
787.3 0.953218
787.4 0.954915
787.5 0.950787
787.6 0.954824
787.7 0.952744
787.8 0.951617
787.9 0.945742
788 0.955004
788.1 0.95501
788.2 0.952083
788.3 0.949048
788.4 0.952733
788.5 0.955129
788.6 0.954986
788.7 0.95123
788.8 0.953243
788.9 0.944616
789 0.954939
789.1 0.952434
789.2 0.951997
789.3 0.950241
789.4 0.945096
789.5 0.954573
789.6 0.943059
789.7 0.951669
789.8 0.928566
789.9 0.954766
790 0.955459
790.1 0.955485
790.2 0.95452
790.3 0.949258
790.4 0.933359
790.5 0.949799
790.6 0.953592
790.7 0.955597
790.8 0.955462
790.9 0.954759
791 0.95474
791.1 0.934224
791.2 0.950956
791.3 0.948638
791.4 0.952648
791.5 0.955532
791.6 0.955802
791.7 0.95556
791.8 0.946117
791.9 0.952919
792 0.947811
792.1 0.955686
792.2 0.955308
792.3 0.935657
792.4 0.955726
792.5 0.955606
792.6 0.951777
792.7 0.946322
792.8 0.956006
792.9 0.956002
793 0.954306
793.1 0.93394
793.2 0.951572
793.3 0.95599
793.4 0.95116
793.5 0.9557
793.6 0.95621
793.7 0.956248
793.8 0.95624
793.9 0.95541
794 0.956271
794.1 0.955295
794.2 0.956244
794.3 0.956189
794.4 0.952375
794.5 0.955376
794.6 0.95639
794.7 0.956229
794.8 0.956286
794.9 0.955185
795 0.950486
795.1 0.956401
795.2 0.956135
795.3 0.949588
795.4 0.955905
795.5 0.956451
795.6 0.951727
795.7 0.956503
795.8 0.95411
795.9 0.956251
796 0.954913
796.1 0.939142
796.2 0.951708
796.3 0.940403
796.4 0.948935
796.5 0.932291
796.6 0.953706
796.7 0.948893
796.8 0.956612
796.9 0.956109
797 0.946815
797.1 0.952267
797.2 0.956552
797.3 0.955368
797.4 0.945348
797.5 0.956642
797.6 0.953728
797.7 0.953374
797.8 0.956441
797.9 0.954436
798 0.95575
798.1 0.956558
798.2 0.953618
798.3 0.95285
798.4 0.955817
798.5 0.956298
798.6 0.950509
798.7 0.949318
798.8 0.953641
798.9 0.953661
799 0.953852
799.1 0.956738
799.2 0.956905
799.3 0.951508
799.4 0.955907
799.5 0.956115
799.6 0.952518
799.7 0.9561
799.8 0.955728
799.9 0.955407
800 0.950908
800.1 0.948405
800.2 0.948338
800.3 0.945292
800.4 0.956388
800.5 0.955289
800.6 0.955686
800.7 0.953386
800.8 0.957097
800.9 0.953688
801 0.929061
801.1 0.957218
801.2 0.957374
801.3 0.953476
801.4 0.956114
801.5 0.940219
801.6 0.947713
801.7 0.95529
801.8 0.956742
801.9 0.955713
802 0.952152
802.1 0.956194
802.2 0.956614
802.3 0.949378
802.4 0.953003
802.5 0.947883
802.6 0.948698
802.7 0.953895
802.8 0.953461
802.9 0.955757
803 0.95153
803.1 0.944907
803.2 0.955647
803.3 0.955755
803.4 0.95582
803.5 0.957419
803.6 0.946923
803.7 0.951997
803.8 0.954945
803.9 0.947612
804 0.956324
804.1 0.957523
804.2 0.950407
804.3 0.956639
804.4 0.954968
804.5 0.948474
804.6 0.951368
804.7 0.952325
804.8 0.947759
804.9 0.956464
805 0.957917
805.1 0.955341
805.2 0.957766
805.3 0.957676
805.4 0.957653
805.5 0.952594
805.6 0.957182
805.7 0.954223
805.8 0.95723
805.9 0.957318
806 0.958024
806.1 0.956092
806.2 0.953417
806.3 0.957337
806.4 0.955736
806.5 0.954212
806.6 0.955296
806.7 0.955334
806.8 0.956239
806.9 0.958035
807 0.957182
807.1 0.957141
807.2 0.950815
807.3 0.954022
807.4 0.95787
807.5 0.957757
807.6 0.958151
807.7 0.956433
807.8 0.954178
807.9 0.956547
808 0.95797
808.1 0.954571
808.2 0.955415
808.3 0.956188
808.4 0.955224
808.5 0.956622
808.6 0.958077
808.7 0.949657
808.8 0.9494
808.9 0.957396
809 0.957396
809.1 0.956686
809.2 0.957426
809.3 0.949543
809.4 0.956708
809.5 0.957481
809.6 0.95327
809.7 0.951759
809.8 0.95434
809.9 0.948965
810 0.955265
810.1 0.949045
810.2 0.95679
810.3 0.956517
810.4 0.952188
810.5 0.952867
810.6 0.956998
810.7 0.953304
810.8 0.956035
810.9 0.953844
811 0.94289
811.1 0.952226
811.2 0.953973
811.3 0.950335
811.4 0.955896
811.5 0.947471
811.6 0.925476
811.7 0.95348
811.8 0.957415
811.9 0.957165
812 0.953155
812.1 0.943517
812.2 0.956556
812.3 0.945087
812.4 0.947351
812.5 0.936742
812.6 0.948175
812.7 0.949922
812.8 0.945172
812.9 0.941658
813 0.957667
813.1 0.957948
813.2 0.936618
813.3 0.914309
813.4 0.949903
813.5 0.947342
813.6 0.869475
813.7 0.895038
813.8 0.948536
813.9 0.928937
814 0.957215
814.1 0.951625
814.2 0.938397
814.3 0.890972
814.4 0.88992
814.5 0.954923
814.6 0.917467
814.7 0.947429
814.8 0.933666
814.9 0.911683
815 0.923471
815.1 0.892254
815.2 0.873944
815.3 0.956844
815.4 0.953457
815.5 0.890888
815.6 0.910196
815.7 0.826947
815.8 0.952346
815.9 0.952541
816 0.858563
816.1 0.950125
816.2 0.956033
816.3 0.945286
816.4 0.770389
816.5 0.843879
816.6 0.93039
816.7 0.773584
816.8 0.936596
816.9 0.951012
817 0.954829
817.1 0.874158
817.2 0.760328
817.3 0.947537
817.4 0.954495
817.5 0.951235
817.6 0.953368
817.7 0.945494
817.8 0.954104
817.9 0.777105
818 0.861676
818.1 0.831894
818.2 0.944423
818.3 0.954764
818.4 0.849146
818.5 0.936486
818.6 0.953354
818.7 0.955894
818.8 0.943332
818.9 0.87531
819 0.950221
819.1 0.882103
819.2 0.844224
819.3 0.953718
819.4 0.954054
819.5 0.833184
819.6 0.932841
819.7 0.956358
819.8 0.957366
819.9 0.952569
820 0.788066
820.1 0.926728
820.2 0.919135
820.3 0.890992
820.4 0.95583
820.5 0.958134
820.6 0.958421
820.7 0.948729
820.8 0.958674
820.9 0.957901
821 0.958625
821.1 0.957991
821.2 0.938741
821.3 0.946225
821.4 0.918797
821.5 0.949672
821.6 0.956313
821.7 0.949534
821.8 0.95856
821.9 0.956339
822 0.883833
822.1 0.947633
822.2 0.957894
822.3 0.955557
822.4 0.9076
822.5 0.955513
822.6 0.89488
822.7 0.943324
822.8 0.914994
822.9 0.79033
823 0.794692
823.1 0.718621
823.2 0.875845
823.3 0.89237
823.4 0.76692
823.5 0.954765
823.6 0.860286
823.7 0.939036
823.8 0.947706
823.9 0.951765
824 0.926173
824.1 0.956453
824.2 0.929243
824.3 0.955987
824.4 0.957369
824.5 0.93162
824.6 0.839138
824.7 0.957552
824.8 0.9593
824.9 0.955003
825 0.959017
825.1 0.956956
825.2 0.959003
825.3 0.958768
825.4 0.957843
825.5 0.91748
825.6 0.958412
825.7 0.957571
825.8 0.951293
825.9 0.818951
826 0.949847
826.1 0.957909
826.2 0.891373
826.3 0.953725
826.4 0.95825
826.5 0.954639
826.6 0.907507
826.7 0.955082
826.8 0.959545
826.9 0.959163
827 0.96014
827.1 0.954059
827.2 0.957733
827.3 0.959047
827.4 0.894443
827.5 0.947116
827.6 0.933044
827.7 0.836875
827.8 0.953515
827.9 0.869826
828 0.957694
828.1 0.952531
828.2 0.873856
828.3 0.956675
828.4 0.829404
828.5 0.94632
828.6 0.95915
828.7 0.959416
828.8 0.958516
828.9 0.955969
829 0.805038
829.1 0.940113
829.2 0.897183
829.3 0.957761
829.4 0.958888
829.5 0.959987
829.6 0.891467
829.7 0.881392
829.8 0.939063
829.9 0.959979
830 0.959302
830.1 0.958155
830.2 0.951725
830.3 0.880148
830.4 0.959466
830.5 0.958801
830.6 0.947346
830.7 0.815972
830.8 0.940793
830.9 0.957559
831 0.956762
831.1 0.958553
831.2 0.957257
831.3 0.956641
831.4 0.906238
831.5 0.957977
831.6 0.94621
831.7 0.959725
831.8 0.939177
831.9 0.934405
832 0.895269
832.1 0.934312
832.2 0.960447
832.3 0.927566
832.4 0.813608
832.5 0.959824
832.6 0.96124
832.7 0.960964
832.8 0.958838
832.9 0.95162
833 0.960786
833.1 0.953936
833.2 0.905199
833.3 0.957383
833.4 0.952685
833.5 0.950606
833.6 0.929893
833.7 0.955689
833.8 0.939086
833.9 0.960419
834 0.960873
834.1 0.879484
834.2 0.955733
834.3 0.961558
834.4 0.951827
834.5 0.949477
834.6 0.95928
834.7 0.960347
834.8 0.961041
834.9 0.960318
835 0.95805
835.1 0.948506
835.2 0.942931
835.3 0.960888
835.4 0.961345
835.5 0.955619
835.6 0.941648
835.7 0.952697
835.8 0.961493
835.9 0.933048
836 0.949124
836.1 0.961942
836.2 0.955917
836.3 0.961945
836.4 0.944208
836.5 0.942343
836.6 0.961532
836.7 0.961667
836.8 0.961402
836.9 0.956479
837 0.940351
837.1 0.961419
837.2 0.95964
837.3 0.958454
837.4 0.96184
837.5 0.960766
837.6 0.943476
837.7 0.957931
837.8 0.958262
837.9 0.939733
838 0.957768
838.1 0.961
838.2 0.962415
838.3 0.962223
838.4 0.959336
838.5 0.96161
838.6 0.955601
838.7 0.956029
838.8 0.95068
838.9 0.958369
839 0.957805
839.1 0.960902
839.2 0.960748
839.3 0.962634
839.4 0.962495
839.5 0.962468
839.6 0.954478
839.7 0.957492
839.8 0.961821
839.9 0.958219
840 0.957456
840.1 0.962336
840.2 0.959406
840.3 0.95946
840.4 0.962562
840.5 0.961239
840.6 0.961004
840.7 0.960348
840.8 0.951919
840.9 0.962595
841 0.961543
841.1 0.947156
841.2 0.957263
841.3 0.961491
841.4 0.962259
841.5 0.962642
841.6 0.961842
841.7 0.96165
841.8 0.952468
841.9 0.961289
842 0.960148
842.1 0.953834
842.2 0.962671
842.3 0.962167
842.4 0.962562
842.5 0.962654
842.6 0.962579
842.7 0.962808
842.8 0.962323
842.9 0.962307
843 0.960325
843.1 0.962305
843.2 0.960429
843.3 0.955986
843.4 0.962801
843.5 0.961927
843.6 0.962643
843.7 0.961168
843.8 0.962044
843.9 0.95399
844 0.959254
844.1 0.962476
844.2 0.962386
844.3 0.960668
844.4 0.962933
844.5 0.95877
844.6 0.963004
844.7 0.960663
844.8 0.962261
844.9 0.962338
845 0.962689
845.1 0.962917
845.2 0.962234
845.3 0.962069
845.4 0.961307
845.5 0.962799
845.6 0.963011
845.7 0.963043
845.8 0.963227
845.9 0.962432
846 0.963104
846.1 0.963241
846.2 0.962203
846.3 0.95765
846.4 0.962909
846.5 0.961629
846.6 0.962696
846.7 0.9633
846.8 0.963274
846.9 0.963299
847 0.963056
847.1 0.963053
847.2 0.962497
847.3 0.963188
847.4 0.96327
847.5 0.963313
847.6 0.962747
847.7 0.962187
847.8 0.963348
847.9 0.963249
848 0.961192
848.1 0.962421
848.2 0.959448
848.3 0.962563
848.4 0.963314
848.5 0.962395
848.6 0.963401
848.7 0.963375
848.8 0.963369
848.9 0.95908
849 0.963002
849.1 0.962428
849.2 0.963406
849.3 0.963394
849.4 0.960313
849.5 0.963339
849.6 0.961866
849.7 0.963332
849.8 0.963311
849.9 0.960984
850 0.963364
850.1 0.963223
850.2 0.961504
850.3 0.963384
850.4 0.96338
850.5 0.961863
850.6 0.962645
850.7 0.963428
850.8 0.959798
850.9 0.963354
851 0.963461
851.1 0.963448
851.2 0.962513
851.3 0.963334
851.4 0.956837
851.5 0.958321
851.6 0.962496
851.7 0.963417
851.8 0.961961
851.9 0.962749
852 0.963164
852.1 0.963008
852.2 0.957763
852.3 0.96341
852.4 0.963444
852.5 0.96165
852.6 0.963293
852.7 0.96278
852.8 0.963374
852.9 0.961799
853 0.963552
853.1 0.963547
853.2 0.962236
853.3 0.963371
853.4 0.962648
853.5 0.963603
853.6 0.963506
853.7 0.961077
853.8 0.963491
853.9 0.96115
854 0.963543
854.1 0.963502
854.2 0.961635
854.3 0.958064
854.4 0.96354
854.5 0.963705
854.6 0.963616
854.7 0.963725
854.8 0.963239
854.9 0.961973
855 0.963491
855.1 0.96371
855.2 0.963405
855.3 0.963298
855.4 0.963837
855.5 0.963585
855.6 0.960784
855.7 0.962775
855.8 0.963212
855.9 0.962893
856 0.963925
856.1 0.963274
856.2 0.963922
856.3 0.963813
856.4 0.963934
856.5 0.962818
856.6 0.96402
856.7 0.963996
856.8 0.964058
856.9 0.963956
857 0.964048
857.1 0.962911
857.2 0.964056
857.3 0.962553
857.4 0.963158
857.5 0.962734
857.6 0.963199
857.7 0.964012
857.8 0.963384
857.9 0.964169
858 0.964137
858.1 0.964218
858.2 0.96426
858.3 0.963872
858.4 0.963807
858.5 0.964086
858.6 0.964224
858.7 0.964295
858.8 0.964354
858.9 0.963891
859 0.964293
859.1 0.964344
859.2 0.964377
859.3 0.962851
859.4 0.963569
859.5 0.964071
859.6 0.964461
859.7 0.964299
859.8 0.964435
859.9 0.96446
860 0.964488
860.1 0.964551
860.2 0.964595
860.3 0.964286
860.4 0.96455
860.5 0.964613
860.6 0.964667
860.7 0.964681
860.8 0.964179
860.9 0.964702
861 0.964466
861.1 0.964622
861.2 0.964468
861.3 0.964174
861.4 0.964762
861.5 0.96469
861.6 0.964835
861.7 0.964768
861.8 0.964728
861.9 0.964834
862 0.964801
862.1 0.964693
862.2 0.964615
862.3 0.964815
862.4 0.964544
862.5 0.964756
862.6 0.964992
862.7 0.964489
862.8 0.964864
862.9 0.964519
863 0.964757
863.1 0.965051
863.2 0.964825
863.3 0.964978
863.4 0.964848
863.5 0.964935
863.6 0.965151
863.7 0.96516
863.8 0.964976
863.9 0.965059
864 0.96509
864.1 0.965232
864.2 0.965145
864.3 0.965221
864.4 0.965286
864.5 0.965278
864.6 0.965316
864.7 0.965151
864.8 0.965339
864.9 0.96526
865 0.965358
865.1 0.965368
865.2 0.96526
865.3 0.965334
865.4 0.96523
865.5 0.965406
865.6 0.965416
865.7 0.965272
865.8 0.965211
865.9 0.965503
866 0.965526
866.1 0.96538
866.2 0.965429
866.3 0.965273
866.4 0.965581
866.5 0.965596
866.6 0.965517
866.7 0.965461
866.8 0.965351
866.9 0.965611
867 0.965634
867.1 0.965668
867.2 0.965474
867.3 0.965457
867.4 0.965711
867.5 0.965721
867.6 0.96573
867.7 0.965494
867.8 0.965565
867.9 0.965746
868 0.965768
868.1 0.965778
868.2 0.965787
868.3 0.965725
868.4 0.965679
868.5 0.965816
868.6 0.965825
868.7 0.965835
868.8 0.965804
868.9 0.965854
869 0.965807
869.1 0.965734
869.2 0.965729
869.3 0.965808
869.4 0.965841
869.5 0.965922
869.6 0.965904
869.7 0.965977
869.8 0.966
869.9 0.966015
870 0.965991
870.1 0.965963
870.2 0.965973
870.3 0.966062
870.4 0.966036
870.5 0.966041
870.6 0.966094
870.7 0.96605
870.8 0.966107
870.9 0.96608
871 0.965973
871.1 0.966103
871.2 0.966129
871.3 0.966116
871.4 0.966146
871.5 0.966158
871.6 0.966192
871.7 0.966183
871.8 0.966235
871.9 0.966211
872 0.96623
872.1 0.96624
872.2 0.966281
872.3 0.966292
872.4 0.966258
872.5 0.966315
872.6 0.966306
872.7 0.96631
872.8 0.966323
872.9 0.966343
873 0.966361
873.1 0.966371
873.2 0.966326
873.3 0.966389
873.4 0.966399
873.5 0.966408
873.6 0.966417
873.7 0.966426
873.8 0.966084
873.9 0.966445
874 0.966411
874.1 0.966463
874.2 0.966473
874.3 0.966482
874.4 0.966489
874.5 0.966396
874.6 0.966501
874.7 0.966519
874.8 0.966528
874.9 0.966537
875 0.966546
875.1 0.966284
875.2 0.966565
875.3 0.966562
875.4 0.966583
875.5 0.966592
875.6 0.966602
875.7 0.966611
875.8 0.96662
875.9 0.966629
876 0.966607
876.1 0.966199
876.2 0.966562
876.3 0.966666
876.4 0.96648
876.5 0.966684
876.6 0.966679
876.7 0.96665
876.8 0.966711
876.9 0.966721
877 0.96662
877.1 0.966734
877.2 0.966458
877.3 0.96675
877.4 0.966766
877.5 0.966717
877.6 0.966784
877.7 0.966784
877.8 0.966802
877.9 0.966812
878 0.966821
878.1 0.96683
878.2 0.966741
878.3 0.96577
878.4 0.966845
878.5 0.966556
878.6 0.966875
878.7 0.96663
878.8 0.966579
878.9 0.966534
879 0.966863
879.1 0.96692
879.2 0.966929
879.3 0.966938
879.4 0.966947
879.5 0.966466
879.6 0.966965
879.7 0.966974
879.8 0.966983
879.9 0.966992
880 0.967001
880.1 0.96701
880.2 0.965862
880.3 0.966923
880.4 0.967037
880.5 0.967022
880.6 0.965112
880.7 0.967064
880.8 0.966727
880.9 0.967082
881 0.967091
881.1 0.9671
881.2 0.966836
881.3 0.967114
881.4 0.964452
881.5 0.967083
881.6 0.967145
881.7 0.967154
881.8 0.967163
881.9 0.967171
882 0.96718
882.1 0.96674
882.2 0.965319
882.3 0.9644
882.4 0.967178
882.5 0.966412
882.6 0.967234
882.7 0.967243
882.8 0.967252
882.9 0.96726
883 0.967269
883.1 0.967278
883.2 0.967276
883.3 0.966704
883.4 0.964682
883.5 0.96729
883.6 0.967314
883.7 0.967289
883.8 0.965184
883.9 0.966851
884 0.967312
884.1 0.966437
884.2 0.967042
884.3 0.967364
884.4 0.967376
884.5 0.967383
884.6 0.96739
884.7 0.96739
884.8 0.966276
884.9 0.966996
885 0.967165
885.1 0.967418
885.2 0.967428
885.3 0.967157
885.4 0.96732
885.5 0.964713
885.6 0.96743
885.7 0.967463
885.8 0.967457
885.9 0.967215
886 0.958822
886.1 0.960846
886.2 0.967167
886.3 0.96749
886.4 0.967516
886.5 0.967525
886.6 0.96753
886.7 0.967495
886.8 0.966825
886.9 0.962295
887 0.967513
887.1 0.966709
887.2 0.966691
887.3 0.967563
887.4 0.96756
887.5 0.966727
887.6 0.967601
887.7 0.967615
887.8 0.967622
887.9 0.967613
888 0.966844
888.1 0.966486
888.2 0.953218
888.3 0.967489
888.4 0.966131
888.5 0.965613
888.6 0.967669
888.7 0.96769
888.8 0.967697
888.9 0.967409
889 0.967576
889.1 0.967666
889.2 0.967537
889.3 0.967737
889.4 0.967745
889.5 0.96774
889.6 0.96674
889.7 0.965868
889.8 0.967652
889.9 0.962515
890 0.967634
890.1 0.965972
890.2 0.967083
890.3 0.961729
890.4 0.967587
890.5 0.967819
890.6 0.96784
890.7 0.967848
890.8 0.967845
890.9 0.967636
891 0.962216
891.1 0.967804
891.2 0.967863
891.3 0.966088
891.4 0.966492
891.5 0.967891
891.6 0.96791
891.7 0.967893
891.8 0.964811
891.9 0.967223
892 0.953491
892.1 0.967622
892.2 0.963063
892.3 0.965964
892.4 0.966988
892.5 0.967642
892.6 0.967428
892.7 0.967277
892.8 0.967937
892.9 0.962389
893 0.967474
893.1 0.954453
893.2 0.946093
893.3 0.941343
893.4 0.964592
893.5 0.964553
893.6 0.955029
893.7 0.942212
893.8 0.962524
893.9 0.967742
894 0.966931
894.1 0.967942
894.2 0.966289
894.3 0.933566
894.4 0.963036
894.5 0.942893
894.6 0.96724
894.7 0.961534
894.8 0.966599
894.9 0.902244
895 0.966133
895.1 0.93248
895.2 0.965619
895.3 0.957461
895.4 0.937603
895.5 0.921794
895.6 0.963821
895.7 0.813969
895.8 0.935887
895.9 0.963434
896 0.960996
896.1 0.925769
896.2 0.966906
896.3 0.964096
896.4 0.958919
896.5 0.794264
896.6 0.869868
896.7 0.960884
896.8 0.831553
896.9 0.885573
897 0.965801
897.1 0.962443
897.2 0.96127
897.3 0.942388
897.4 0.738683
897.5 0.930121
897.6 0.958806
897.7 0.830944
897.8 0.960893
897.9 0.93387
898 0.966609
898.1 0.966195
898.2 0.959642
898.3 0.717809
898.4 0.943618
898.5 0.965616
898.6 0.965901
898.7 0.962573
898.8 0.960843
898.9 0.791052
899 0.685591
899.1 0.88382
899.2 0.853769
899.3 0.785714
899.4 0.675747
899.5 0.88708
899.6 0.94818
899.7 0.964697
899.8 0.963961
899.9 0.966146
900 0.964608
