3.000000000000000000e+02 1.495514000000000010e+01
3.100000000000000000e+02 1.672859000000000052e+01
3.200000000000000000e+02 1.200009000000000015e+01
3.300000000000000000e+02 1.140352000000000032e+01
3.400000000000000000e+02 6.119910999999999746e+01
3.500000000000000000e+02 8.249800000000000466e+01
3.600000000000000000e+02 8.847677000000000191e+01
3.700000000000000000e+02 8.972140000000000271e+01
3.800000000000000000e+02 8.979546000000000561e+01
3.900000000000000000e+02 8.984244999999999948e+01
4.000000000000000000e+02 9.097468999999999539e+01
4.100000000000000000e+02 9.326443000000000438e+01
4.200000000000000000e+02 9.558847000000000094e+01
4.300000000000000000e+02 9.724150000000000205e+01
4.400000000000000000e+02 9.820239999999999725e+01
4.500000000000000000e+02 9.876272000000000162e+01
4.600000000000000000e+02 9.920426000000000499e+01
4.700000000000000000e+02 9.954108999999999696e+01
4.800000000000000000e+02 9.967304000000000030e+01
4.900000000000000000e+02 9.932730999999999710e+01
5.000000000000000000e+02 9.894965999999999440e+01
5.100000000000000000e+02 9.918500000000000227e+01
5.200000000000000000e+02 9.880746999999999503e+01
5.300000000000000000e+02 9.881990000000000407e+01
5.400000000000000000e+02 9.908871000000000606e+01
5.500000000000000000e+02 9.940574999999999761e+01
5.600000000000000000e+02 9.897536999999999807e+01
5.700000000000000000e+02 9.889612999999999943e+01
5.800000000000000000e+02 9.881082999999999572e+01
5.900000000000000000e+02 9.872284999999999400e+01
6.000000000000000000e+02 9.863379000000000474e+01
6.100000000000000000e+02 9.892772999999999683e+01
6.200000000000000000e+02 9.928221999999999525e+01
6.300000000000000000e+02 9.931480999999999426e+01
6.400000000000000000e+02 9.914327000000000112e+01
6.500000000000000000e+02 9.908437000000000694e+01
6.600000000000000000e+02 9.869131000000000142e+01
6.700000000000000000e+02 9.829128000000000043e+01
6.800000000000000000e+02 9.811596000000000117e+01
6.900000000000000000e+02 9.838011000000000195e+01
7.000000000000000000e+02 9.823487000000000080e+01
7.100000000000000000e+02 9.794559999999999889e+01
7.200000000000000000e+02 9.806511000000000422e+01
7.300000000000000000e+02 9.802679000000000542e+01
7.400000000000000000e+02 9.870107000000000141e+01
7.500000000000000000e+02 9.821165000000000589e+01
7.600000000000000000e+02 9.816482999999999493e+01
7.700000000000000000e+02 9.823112000000000421e+01
7.800000000000000000e+02 9.821367999999999654e+01
7.900000000000000000e+02 9.865070000000000050e+01
8.000000000000000000e+02 9.678582000000000107e+01
8.100000000000000000e+02 9.678127000000000635e+01
8.200000000000000000e+02 9.703261999999999432e+01
8.300000000000000000e+02 9.690085000000000548e+01
8.400000000000000000e+02 9.696701000000000192e+01
8.500000000000000000e+02 9.675521000000000527e+01
8.600000000000000000e+02 9.684139000000000408e+01
8.700000000000000000e+02 9.639723999999999648e+01
8.800000000000000000e+02 9.569437000000000637e+01
8.900000000000000000e+02 9.670565999999999462e+01
9.000000000000000000e+02 9.671519999999999584e+01
9.100000000000000000e+02 9.673345000000000482e+01
9.200000000000000000e+02 9.673829999999999529e+01
9.300000000000000000e+02 9.674643000000000370e+01
9.400000000000000000e+02 9.677465999999999724e+01
9.500000000000000000e+02 9.679116999999999393e+01
9.600000000000000000e+02 9.682784999999999798e+01
9.700000000000000000e+02 9.686901000000000295e+01
9.800000000000000000e+02 9.690142000000000166e+01
9.900000000000000000e+02 9.693989999999999441e+01
1.000000000000000000e+03 9.695703000000000316e+01
1.010000000000000000e+03 9.697848999999999364e+01
1.020000000000000000e+03 9.700432000000000698e+01
1.030000000000000000e+03 9.703825999999999397e+01
1.040000000000000000e+03 9.706372000000000355e+01
1.050000000000000000e+03 9.709086999999999534e+01
1.060000000000000000e+03 9.714451999999999998e+01
1.070000000000000000e+03 9.718706000000000245e+01
1.080000000000000000e+03 9.719875999999999294e+01
1.090000000000000000e+03 9.721751000000000431e+01
1.100000000000000000e+03 9.724536999999999409e+01
1.110000000000000000e+03 9.727806999999999960e+01
1.120000000000000000e+03 9.731378999999999735e+01
1.130000000000000000e+03 9.734798999999999580e+01
1.140000000000000000e+03 9.737105999999999995e+01
1.150000000000000000e+03 9.740801999999999339e+01
1.160000000000000000e+03 9.745269000000000403e+01
1.170000000000000000e+03 9.749938000000000216e+01
1.180000000000000000e+03 9.754667999999999495e+01
1.190000000000000000e+03 9.756252000000000635e+01
1.200000000000000000e+03 9.757645999999999731e+01
1.210000000000000000e+03 9.761906999999999357e+01
1.220000000000000000e+03 9.762917000000000201e+01
1.230000000000000000e+03 9.765738000000000341e+01
1.240000000000000000e+03 9.766889000000000465e+01
1.250000000000000000e+03 9.769102999999999781e+01
1.260000000000000000e+03 9.771169999999999334e+01
1.270000000000000000e+03 9.773534999999999684e+01
1.280000000000000000e+03 9.779379000000000133e+01
1.290000000000000000e+03 9.783181999999999334e+01
1.300000000000000000e+03 9.783500999999999692e+01
1.310000000000000000e+03 9.784038999999999930e+01
1.320000000000000000e+03 9.787713999999999714e+01
1.330000000000000000e+03 9.789696000000000708e+01
1.340000000000000000e+03 9.790605999999999653e+01
1.350000000000000000e+03 9.791631999999999891e+01
1.360000000000000000e+03 9.793227000000000260e+01
1.370000000000000000e+03 9.794311999999999330e+01
1.380000000000000000e+03 9.794510999999999967e+01
1.390000000000000000e+03 9.800406999999999869e+01
1.400000000000000000e+03 9.802339999999999520e+01
1.410000000000000000e+03 9.804720000000000368e+01
1.420000000000000000e+03 9.806479000000000212e+01
1.430000000000000000e+03 9.806944000000000017e+01
1.440000000000000000e+03 9.806107000000000085e+01
1.450000000000000000e+03 9.810411000000000570e+01
1.460000000000000000e+03 9.813683000000000334e+01
1.470000000000000000e+03 9.813016000000000361e+01
1.480000000000000000e+03 9.813973000000000013e+01
1.490000000000000000e+03 9.818229999999999791e+01
1.500000000000000000e+03 9.818643000000000143e+01
1.510000000000000000e+03 9.817027000000000214e+01
1.520000000000000000e+03 9.817069999999999652e+01
1.530000000000000000e+03 9.816414000000000328e+01
1.540000000000000000e+03 9.815758999999999901e+01
1.550000000000000000e+03 9.817831999999999937e+01
1.560000000000000000e+03 9.820471000000000572e+01
1.570000000000000000e+03 9.821142999999999290e+01
1.580000000000000000e+03 9.820838000000000534e+01
1.590000000000000000e+03 9.822245999999999810e+01
1.600000000000000000e+03 9.824399999999999977e+01
1.610000000000000000e+03 9.826904999999999291e+01
1.620000000000000000e+03 9.828986999999999341e+01
1.630000000000000000e+03 9.831618000000000279e+01
1.640000000000000000e+03 9.831972000000000378e+01
1.650000000000000000e+03 9.834574999999999534e+01
1.660000000000000000e+03 9.838115999999999417e+01
1.670000000000000000e+03 9.838500999999999408e+01
1.680000000000000000e+03 9.838288000000000011e+01
1.690000000000000000e+03 9.838245000000000573e+01
1.700000000000000000e+03 9.839669999999999561e+01
1.710000000000000000e+03 9.839668000000000347e+01
1.720000000000000000e+03 9.840715000000000146e+01
1.730000000000000000e+03 9.843635999999999342e+01
1.740000000000000000e+03 9.843662000000000489e+01
1.750000000000000000e+03 9.844222999999999502e+01
1.760000000000000000e+03 9.843869999999999720e+01
1.770000000000000000e+03 9.844107999999999947e+01
1.780000000000000000e+03 9.841678000000000281e+01
1.790000000000000000e+03 9.841755999999999460e+01
1.800000000000000000e+03 9.839526999999999646e+01
1.810000000000000000e+03 9.838170999999999822e+01
1.820000000000000000e+03 9.838178999999999519e+01
1.830000000000000000e+03 9.835715000000000430e+01
1.840000000000000000e+03 9.835515999999999792e+01
1.850000000000000000e+03 9.841273999999999944e+01
1.860000000000000000e+03 9.843205000000000382e+01
1.870000000000000000e+03 9.845941999999999439e+01
1.880000000000000000e+03 9.849114000000000146e+01
1.890000000000000000e+03 9.852257000000000176e+01
1.900000000000000000e+03 9.855026999999999759e+01
1.910000000000000000e+03 9.855062999999999818e+01
1.920000000000000000e+03 9.857393999999999323e+01
1.930000000000000000e+03 9.855527999999999622e+01
1.940000000000000000e+03 9.853925999999999874e+01
1.950000000000000000e+03 9.852763000000000204e+01
1.960000000000000000e+03 9.851662000000000319e+01
1.970000000000000000e+03 9.852155999999999381e+01
1.980000000000000000e+03 9.852889999999999304e+01
1.990000000000000000e+03 9.856777999999999906e+01
2.000000000000000000e+03 9.857227000000000317e+01
2.009999999999999773e+03 9.860666999999999405e+01
2.020000000000000000e+03 9.864288999999999419e+01
2.029999999999999773e+03 9.866039000000000669e+01
2.040000000000000000e+03 9.867750999999999806e+01
2.050000000000000000e+03 9.863662999999999670e+01
2.060000000000000000e+03 9.863634999999999309e+01
2.070000000000000000e+03 9.860125999999999635e+01
2.080000000000000000e+03 9.857122999999999990e+01
2.090000000000000000e+03 9.850789000000000328e+01
2.100000000000000000e+03 9.848918000000000461e+01
2.110000000000000000e+03 9.845874999999999488e+01
2.120000000000000000e+03 9.840523000000000309e+01
2.130000000000000000e+03 9.838794000000000040e+01
2.140000000000000000e+03 9.841271999999999309e+01
2.150000000000000000e+03 9.841536999999999580e+01
2.160000000000000000e+03 9.848066000000000031e+01
2.170000000000000000e+03 9.847647999999999513e+01
2.180000000000000000e+03 9.805150000000000432e+01
2.190000000000000000e+03 9.781610000000000582e+01
2.200000000000000000e+03 9.861270000000000380e+01
2.210000000000000000e+03 9.858392000000000621e+01
2.220000000000000000e+03 9.867292000000000485e+01
2.230000000000000000e+03 9.864319000000000415e+01
2.240000000000000000e+03 9.866728999999999417e+01
2.250000000000000000e+03 9.865840000000000032e+01
2.260000000000000000e+03 9.862740999999999758e+01
2.270000000000000000e+03 9.857631000000000654e+01
2.280000000000000000e+03 9.853709000000000628e+01
2.290000000000000000e+03 9.852018999999999949e+01
2.300000000000000000e+03 9.858429999999999893e+01
2.310000000000000000e+03 9.865900000000000603e+01
2.320000000000000000e+03 9.862680000000000291e+01
2.330000000000000000e+03 9.860384999999999422e+01
2.340000000000000000e+03 9.850158999999999310e+01
2.350000000000000000e+03 9.849827000000000510e+01
2.360000000000000000e+03 9.871372999999999820e+01
2.370000000000000000e+03 9.880091000000000179e+01
2.380000000000000000e+03 9.878434000000000026e+01
2.390000000000000000e+03 9.883007999999999527e+01
2.400000000000000000e+03 9.885428000000000281e+01
2.410000000000000000e+03 9.881560000000000343e+01
2.420000000000000000e+03 9.873094000000000392e+01
2.430000000000000000e+03 9.880814999999999770e+01
2.440000000000000000e+03 9.880648999999999660e+01
2.450000000000000000e+03 9.876927999999999486e+01
2.460000000000000000e+03 9.866966999999999643e+01
2.470000000000000000e+03 9.866552000000000078e+01
2.480000000000000000e+03 9.861078000000000543e+01
2.490000000000000000e+03 9.854746000000000095e+01
2.500000000000000000e+03 9.856909000000000276e+01
2.510000000000000000e+03 9.851442000000000121e+01
2.520000000000000000e+03 9.839511000000000251e+01
2.530000000000000000e+03 9.854017000000000337e+01
2.540000000000000000e+03 9.848123999999999967e+01
2.550000000000000000e+03 9.852033000000000129e+01
2.560000000000000000e+03 9.869084999999999752e+01
2.570000000000000000e+03 9.849934000000000367e+01
2.580000000000000000e+03 9.839315000000000566e+01
2.590000000000000000e+03 9.865381999999999607e+01
2.600000000000000000e+03 9.821178000000000452e+01
2.610000000000000000e+03 9.807961000000000240e+01
2.620000000000000000e+03 9.798203999999999780e+01
2.630000000000000000e+03 9.788443999999999789e+01
2.640000000000000000e+03 9.768679000000000201e+01
2.650000000000000000e+03 9.763911000000000229e+01
2.660000000000000000e+03 9.759144999999999470e+01
2.670000000000000000e+03 9.754368999999999801e+01
2.680000000000000000e+03 9.749589000000000283e+01
2.690000000000000000e+03 9.744810999999999979e+01
2.700000000000000000e+03 9.745023000000000479e+01
2.710000000000000000e+03 9.735232000000000596e+01
2.720000000000000000e+03 9.725441999999999609e+01
2.730000000000000000e+03 9.715643000000000029e+01
2.739000000000000000e+03 9.715840000000000032e+01
2.750000000000000000e+03 9.716039999999999566e+01
2.760000000000000000e+03 9.716230000000000189e+01
2.770000000000000000e+03 9.716420999999999708e+01
2.780000000000000000e+03 9.716603999999999530e+01
2.790000000000000000e+03 9.716788999999999987e+01
2.800000000000000000e+03 9.716965000000000430e+01
2.810000000000000000e+03 9.717141999999999769e+01
2.820000000000000000e+03 9.717310999999999410e+01
2.830000000000000000e+03 9.717480999999999369e+01
2.839000000000000000e+03 9.717643999999999949e+01
2.850000000000000000e+03 9.717807000000000528e+01
2.859000000000000000e+03 9.717963000000000306e+01
2.870000000000000000e+03 9.718119000000000085e+01
2.880000000000000000e+03 9.718273000000000650e+01
2.889000000000000000e+03 9.718419000000000096e+01
2.900000000000000000e+03 9.718564999999999543e+01
2.910000000000000000e+03 9.718708999999999776e+01
2.919000000000000000e+03 9.718845000000000312e+01
2.929000000000000000e+03 9.718981999999999744e+01
2.940000000000000000e+03 9.719115999999999644e+01
2.949000000000000000e+03 9.719243000000000166e+01
2.959000000000000000e+03 9.719370999999999583e+01
2.969000000000000000e+03 9.719495999999999469e+01
2.980000000000000000e+03 9.719616999999999507e+01
2.990000000000000000e+03 9.719736000000000331e+01
3.000000000000000000e+03 9.719850999999999885e+01
3.009000000000000000e+03 9.719961000000000695e+01
3.019000000000000000e+03 9.720071000000000083e+01
3.029000000000000000e+03 9.720176999999999623e+01
3.039000000000000000e+03 9.720280999999999949e+01
3.049000000000000000e+03 9.720381999999999323e+01
3.059000000000000000e+03 9.720480999999999483e+01
3.069000000000000000e+03 9.720575999999999794e+01
3.079000000000000000e+03 9.720668999999999471e+01
3.089000000000000000e+03 9.720758999999999617e+01
3.099000000000000000e+03 9.720846000000000231e+01
3.109000000000000000e+03 9.720931000000000211e+01
3.119000000000000000e+03 9.721013000000000659e+01
3.129000000000000000e+03 9.721092000000000155e+01
3.139000000000000000e+03 9.721169000000000437e+01
3.149000000000000000e+03 9.721242999999999768e+01
3.159000000000000000e+03 9.721314999999999884e+01
3.169000000000000000e+03 9.721385999999999683e+01
3.179000000000000000e+03 9.721451999999999316e+01
3.189000000000000000e+03 9.721515999999999735e+01
3.199000000000000000e+03 9.721577999999999520e+01
3.209000000000000000e+03 9.721636999999999773e+01
3.219000000000000000e+03 9.721696000000000026e+01
3.229000000000000000e+03 9.721750000000000114e+01
3.239000000000000000e+03 9.721802999999999884e+01
3.249000000000000000e+03 9.721854000000000440e+01
3.259000000000000000e+03 9.721900999999999726e+01
3.269000000000000000e+03 9.721947000000000116e+01
3.279000000000000000e+03 9.721990999999999872e+01
3.289000000000000000e+03 9.722032000000000096e+01
3.299000000000000000e+03 9.722072000000000003e+01
3.309000000000000000e+03 9.722108000000000061e+01
3.319000000000000000e+03 9.722142999999999802e+01
3.329000000000000000e+03 9.722176000000000329e+01
3.339000000000000000e+03 9.722205999999999904e+01
3.349000000000000000e+03 9.722235000000000582e+01
3.359000000000000000e+03 9.722262000000000626e+01
3.369000000000000000e+03 9.722285999999999717e+01
3.379000000000000000e+03 9.722307999999999595e+01
3.389000000000000000e+03 9.722328000000000259e+01
3.399000000000000000e+03 9.722347000000000605e+01
3.409000000000000000e+03 9.722363000000000000e+01
3.419000000000000000e+03 9.722378000000000497e+01
3.429000000000000000e+03 9.722390000000000043e+01
3.439000000000000000e+03 9.722401000000000693e+01
3.449000000000000000e+03 9.722410000000000707e+01
3.459000000000000000e+03 9.722417000000000087e+01
3.469000000000000000e+03 9.722422000000000253e+01
3.479000000000000000e+03 9.722424999999999784e+01
3.489000000000000000e+03 9.722427000000000419e+01
3.499000000000000000e+03 9.722427000000000419e+01
3.509000000000000000e+03 9.722424999999999784e+01
3.519000000000000000e+03 9.722420999999999935e+01
3.529000000000000000e+03 9.722414999999999452e+01
3.539000000000000000e+03 9.722408000000000072e+01
3.549000000000000000e+03 9.722400000000000375e+01
3.559000000000000000e+03 9.722388999999999726e+01
3.569000000000000000e+03 9.722377000000000180e+01
3.579000000000000000e+03 9.722363000000000000e+01
3.589000000000000000e+03 9.722347999999999502e+01
3.599000000000000000e+03 9.722330999999999790e+01
3.609000000000000000e+03 9.722311999999999443e+01
3.619000000000000000e+03 9.722292000000000201e+01
3.629000000000000000e+03 9.722271000000000640e+01
3.639000000000000000e+03 9.722248000000000445e+01
3.649000000000000000e+03 9.722222999999999615e+01
3.659000000000000000e+03 9.722196999999999889e+01
3.669000000000000000e+03 9.722169999999999845e+01
3.679000000000000000e+03 9.722141000000000588e+01
3.689000000000000000e+03 9.722110000000000696e+01
3.699000000000000000e+03 9.722078999999999382e+01
3.709000000000000000e+03 9.722046000000000276e+01
3.719000000000000000e+03 9.722011000000000536e+01
3.729000000000000000e+03 9.721975000000000477e+01
3.739000000000000000e+03 9.721938000000000102e+01
3.749000000000000000e+03 9.721899999999999409e+01
3.759000000000000000e+03 9.721859000000000606e+01
3.769000000000000000e+03 9.721819000000000699e+01
3.779000000000000000e+03 9.721775999999999840e+01
3.789000000000000000e+03 9.721733000000000402e+01
3.799000000000000000e+03 9.721688000000000329e+01
3.809000000000000000e+03 9.721640999999999622e+01
3.819000000000000000e+03 9.721595000000000653e+01
3.829000000000000000e+03 9.721545999999999310e+01
3.839000000000000000e+03 9.721496000000000492e+01
3.849000000000000000e+03 9.721444999999999936e+01
3.859000000000000000e+03 9.721393999999999380e+01
3.869000000000000000e+03 9.721340999999999610e+01
3.879000000000000000e+03 9.721286999999999523e+01
3.889000000000000000e+03 9.721231000000000222e+01
3.899000000000000000e+03 9.721174999999999500e+01
3.909000000000000000e+03 9.721116999999999564e+01
3.919000000000000000e+03 9.721058999999999628e+01
3.929000000000000000e+03 9.721000999999999692e+01
3.939000000000000000e+03 9.720941000000000543e+01
3.949000000000000000e+03 9.720878000000000441e+01
3.959000000000000000e+03 9.720816000000000656e+01
3.969000000000000000e+03 9.720752000000000237e+01
3.979000000000000000e+03 9.720687999999999818e+01
3.989000000000000000e+03 9.720623000000000502e+01
3.999000000000000000e+03 9.720557999999999765e+01
4.009000000000000455e+03 9.720490999999999815e+01
4.019000000000000000e+03 9.720422000000000651e+01
4.029000000000000000e+03 9.720353000000000065e+01
4.038999999999999545e+03 9.720283999999999480e+01
4.049000000000000455e+03 9.720213999999999999e+01
4.059000000000000000e+03 9.720141999999999882e+01
4.069000000000000000e+03 9.720069999999999766e+01
4.078999999999999545e+03 9.719996000000000436e+01
4.089000000000000455e+03 9.719923000000000002e+01
4.099000000000000000e+03 9.719849999999999568e+01
4.109000000000000000e+03 9.719773000000000707e+01
4.119000000000000000e+03 9.719697999999999638e+01
4.129000000000000000e+03 9.719620999999999356e+01
4.139000000000000000e+03 9.719541999999999859e+01
4.149000000000000000e+03 9.719464999999999577e+01
4.159000000000000000e+03 9.719386000000000081e+01
4.169000000000000000e+03 9.719304999999999950e+01
4.179000000000000000e+03 9.719226999999999350e+01
4.189000000000000000e+03 9.719145000000000323e+01
4.199000000000000000e+03 9.719062999999999874e+01
4.209000000000000000e+03 9.718980000000000530e+01
4.219000000000000000e+03 9.718896999999999764e+01
4.229000000000000000e+03 9.718815999999999633e+01
4.239000000000000000e+03 9.718730999999999653e+01
4.249000000000000000e+03 9.718646999999999991e+01
4.259000000000000000e+03 9.718560999999999694e+01
4.269000000000000000e+03 9.718475999999999715e+01
4.279000000000000000e+03 9.718389000000000522e+01
4.289000000000000000e+03 9.718303000000000225e+01
4.299000000000000000e+03 9.718213000000000079e+01
4.309000000000000000e+03 9.718125999999999465e+01
4.319000000000000000e+03 9.718037999999999954e+01
4.329000000000000000e+03 9.717949000000000126e+01
4.339000000000000000e+03 9.717860000000000298e+01
4.349000000000000000e+03 9.717768999999999835e+01
4.359000000000000000e+03 9.717678999999999689e+01
4.369000000000000000e+03 9.717588999999999544e+01
4.379000000000000000e+03 9.717497000000000185e+01
4.389000000000000000e+03 9.717405999999999722e+01
4.399000000000000000e+03 9.717313000000000045e+01
4.409000000000000000e+03 9.717221000000000686e+01
4.419000000000000000e+03 9.717127999999999588e+01
4.429000000000000000e+03 9.717036000000000229e+01
4.439000000000000000e+03 9.716940999999999917e+01
4.449000000000000000e+03 9.716849000000000558e+01
4.459000000000000000e+03 9.716754000000000246e+01
4.469000000000000000e+03 9.716657999999999618e+01
4.479000000000000000e+03 9.716562999999999306e+01
4.489000000000000000e+03 9.716468999999999312e+01
4.499000000000000000e+03 9.716373000000000104e+01
4.509000000000000000e+03 9.716276999999999475e+01
4.519000000000000000e+03 9.716181000000000267e+01
4.529000000000000000e+03 9.716083999999999321e+01
4.539000000000000000e+03 9.715986999999999796e+01
4.549000000000000000e+03 9.715890000000000271e+01
4.559000000000000000e+03 9.715792999999999324e+01
4.569000000000000000e+03 9.715695999999999799e+01
4.579000000000000000e+03 9.715599000000000274e+01
4.588000000000000000e+03 9.715501000000000431e+01
4.599000000000000000e+03 9.715400999999999954e+01
4.609000000000000000e+03 9.715303000000000111e+01
4.619000000000000000e+03 9.715206000000000586e+01
4.628000000000000000e+03 9.715107999999999322e+01
4.639000000000000000e+03 9.715006999999999948e+01
4.648000000000000000e+03 9.714909000000000106e+01
4.659000000000000000e+03 9.714808999999999628e+01
4.668000000000000000e+03 9.714710999999999785e+01
4.679000000000000000e+03 9.714610000000000412e+01
4.688000000000000000e+03 9.714512000000000569e+01
4.699000000000000000e+03 9.714410999999999774e+01
4.709000000000000000e+03 9.714310000000000400e+01
4.718000000000000000e+03 9.714212000000000558e+01
4.729000000000000000e+03 9.714112000000000080e+01
4.739000000000000000e+03 9.714011000000000706e+01
4.749000000000000000e+03 9.713909999999999911e+01
4.758000000000000000e+03 9.713812000000000069e+01
4.768000000000000000e+03 9.713711000000000695e+01
4.778000000000000000e+03 9.713611000000000217e+01
4.788000000000000000e+03 9.713509999999999422e+01
4.798000000000000000e+03 9.713410000000000366e+01
4.808000000000000000e+03 9.713309999999999889e+01
4.818000000000000000e+03 9.713209999999999411e+01
4.829000000000000000e+03 9.713106999999999402e+01
4.838000000000000000e+03 9.713007000000000346e+01
4.848000000000000000e+03 9.712906999999999869e+01
4.858000000000000000e+03 9.712806999999999391e+01
4.868000000000000000e+03 9.712704999999999700e+01
4.878000000000000000e+03 9.712605999999999540e+01
4.889000000000000000e+03 9.712503999999999849e+01
4.898000000000000000e+03 9.712403999999999371e+01
4.908000000000000000e+03 9.712302999999999997e+01
4.918000000000000000e+03 9.712203999999999837e+01
4.928000000000000000e+03 9.712103000000000463e+01
4.938000000000000000e+03 9.712004000000000303e+01
4.948000000000000000e+03 9.711902999999999508e+01
4.958000000000000000e+03 9.711803000000000452e+01
4.968000000000000000e+03 9.711701999999999657e+01
4.978000000000000000e+03 9.711602000000000601e+01
4.988000000000000000e+03 9.711503999999999337e+01
4.998000000000000000e+03 9.711404000000000281e+01
5.009000000000000000e+03 9.711302000000000589e+01
5.018000000000000000e+03 9.711203999999999326e+01
5.028000000000000000e+03 9.711106999999999800e+01
5.038000000000000000e+03 9.711008999999999958e+01
5.049000000000000000e+03 9.710903999999999314e+01
5.058000000000000000e+03 9.710806999999999789e+01
5.068000000000000000e+03 9.710710000000000264e+01
5.078000000000000000e+03 9.710612999999999317e+01
5.089000000000000000e+03 9.710509000000000412e+01
5.098000000000000000e+03 9.710412999999999784e+01
5.108000000000000000e+03 9.710316000000000258e+01
5.118000000000000000e+03 9.710219999999999629e+01
5.129000000000000000e+03 9.710116999999999621e+01
5.138000000000000000e+03 9.710021000000000413e+01
5.148000000000000000e+03 9.709926000000000101e+01
5.158000000000000000e+03 9.709829999999999472e+01
5.169000000000000000e+03 9.709727999999999781e+01
5.178000000000000000e+03 9.709632999999999470e+01
5.188000000000000000e+03 9.709538000000000579e+01
5.198000000000000000e+03 9.709444000000000585e+01
5.208000000000000000e+03 9.709341999999999473e+01
5.218000000000000000e+03 9.709247999999999479e+01
5.228000000000000000e+03 9.709153999999999485e+01
5.238000000000000000e+03 9.709060999999999808e+01
5.248000000000000000e+03 9.708960000000000434e+01
5.258000000000000000e+03 9.708866999999999337e+01
5.268000000000000000e+03 9.708774999999999977e+01
5.279000000000000000e+03 9.708674999999999500e+01
5.288000000000000000e+03 9.708583000000000141e+01
5.298000000000000000e+03 9.708490999999999360e+01
5.308000000000000000e+03 9.708399000000000001e+01
5.318000000000000000e+03 9.708301000000000158e+01
5.328000000000000000e+03 9.708209999999999695e+01
5.338000000000000000e+03 9.708119000000000653e+01
5.348000000000000000e+03 9.708028000000000191e+01
5.358000000000000000e+03 9.707931000000000665e+01
5.368000000000000000e+03 9.707841000000000520e+01
5.378000000000000000e+03 9.707752000000000692e+01
5.388000000000000000e+03 9.707656000000000063e+01
5.398000000000000000e+03 9.707567000000000235e+01
5.408000000000000000e+03 9.707478000000000407e+01
5.418000000000000000e+03 9.707389999999999475e+01
5.428000000000000000e+03 9.707295000000000584e+01
5.438000000000000000e+03 9.707206999999999653e+01
5.448000000000000000e+03 9.707120000000000459e+01
5.458000000000000000e+03 9.707026000000000465e+01
5.468000000000000000e+03 9.706940000000000168e+01
5.478000000000000000e+03 9.706852999999999554e+01
5.488000000000000000e+03 9.706761000000000195e+01
5.498000000000000000e+03 9.706674999999999898e+01
5.508000000000000000e+03 9.706589999999999918e+01
5.518000000000000000e+03 9.706504999999999939e+01
5.528000000000000000e+03 9.706413999999999476e+01
5.538000000000000000e+03 9.706329999999999814e+01
5.548000000000000000e+03 9.706246000000000151e+01
5.558000000000000000e+03 9.706156000000000006e+01
5.568000000000000000e+03 9.706073000000000661e+01
5.578000000000000000e+03 9.705991000000000213e+01
5.588000000000000000e+03 9.705902000000000385e+01
5.598000000000000000e+03 9.705819999999999936e+01
5.608000000000000000e+03 9.705738999999999805e+01
5.618000000000000000e+03 9.705651000000000295e+01
5.628000000000000000e+03 9.705571000000000481e+01
5.638000000000000000e+03 9.705490000000000350e+01
5.648000000000000000e+03 9.705404000000000053e+01
5.658000000000000000e+03 9.705325000000000557e+01
5.668000000000000000e+03 9.705244999999999322e+01
5.678000000000000000e+03 9.705160999999999660e+01
5.688000000000000000e+03 9.705082000000000164e+01
5.698000000000000000e+03 9.705003999999999564e+01
5.708000000000000000e+03 9.704921000000000220e+01
5.718000000000000000e+03 9.704843999999999937e+01
5.728000000000000000e+03 9.704766999999999655e+01
5.738000000000000000e+03 9.704685000000000628e+01
5.748000000000000000e+03 9.704609000000000663e+01
5.758000000000000000e+03 9.704533999999999594e+01
5.768000000000000000e+03 9.704452999999999463e+01
5.778000000000000000e+03 9.704379000000000133e+01
5.788000000000000000e+03 9.704304000000000485e+01
5.798000000000000000e+03 9.704224999999999568e+01
5.808000000000000000e+03 9.704152000000000555e+01
5.818000000000000000e+03 9.704079000000000121e+01
5.828000000000000000e+03 9.704000999999999522e+01
5.838000000000000000e+03 9.703928999999999405e+01
5.847000000000000000e+03 9.703857000000000710e+01
5.858000000000000000e+03 9.703780999999999324e+01
5.868000000000000000e+03 9.703709999999999525e+01
5.878000000000000000e+03 9.703634999999999877e+01
5.888000000000000000e+03 9.703565000000000396e+01
5.898000000000000000e+03 9.703494999999999493e+01
5.908000000000000000e+03 9.703421000000000163e+01
5.918000000000000000e+03 9.703352999999999895e+01
5.927000000000000000e+03 9.703284999999999627e+01
5.938000000000000000e+03 9.703212000000000614e+01
5.948000000000000000e+03 9.703145000000000664e+01
5.958000000000000000e+03 9.703073000000000548e+01
5.968000000000000000e+03 9.703006999999999493e+01
5.978000000000000000e+03 9.702942000000000178e+01
5.988000000000000000e+03 9.702871000000000379e+01
5.998000000000000000e+03 9.702806999999999960e+01
6.008000000000000000e+03 9.702737000000000478e+01
6.018000000000000000e+03 9.702673000000000059e+01
6.028000000000000000e+03 9.702609999999999957e+01
6.038000000000000000e+03 9.702541999999999689e+01
6.048000000000000000e+03 9.702479999999999905e+01
6.057000000000000000e+03 9.702418000000000120e+01
6.068000000000000000e+03 9.702351000000000170e+01
6.078000000000000000e+03 9.702290000000000703e+01
6.088000000000000000e+03 9.702224999999999966e+01
6.098000000000000000e+03 9.702164999999999395e+01
6.108000000000000000e+03 9.702101000000000397e+01
6.118000000000000000e+03 9.702040999999999826e+01
6.127000000000000000e+03 9.701982999999999890e+01
6.138000000000000000e+03 9.701919999999999789e+01
6.148000000000000000e+03 9.701861999999999853e+01
6.158000000000000000e+03 9.701800000000000068e+01
6.168000000000000000e+03 9.701743999999999346e+01
6.177000000000000000e+03 9.701686999999999728e+01
6.188000000000000000e+03 9.701627000000000578e+01
6.197000000000000000e+03 9.701572000000000173e+01
6.208000000000000000e+03 9.701511999999999603e+01
6.218000000000000000e+03 9.701457999999999515e+01
6.228000000000000000e+03 9.701399999999999579e+01
6.238000000000000000e+03 9.701345999999999492e+01
6.247000000000000000e+03 9.701292999999999722e+01
6.258000000000000000e+03 9.701236000000000104e+01
6.267000000000000000e+03 9.701184000000000651e+01
6.278000000000000000e+03 9.701129000000000246e+01
6.288000000000000000e+03 9.701076999999999373e+01
6.298000000000000000e+03 9.701023000000000707e+01
6.308000000000000000e+03 9.700972000000000151e+01
6.317000000000000000e+03 9.700923000000000229e+01
6.328000000000000000e+03 9.700870000000000459e+01
6.337000000000000000e+03 9.700821000000000538e+01
6.348000000000000000e+03 9.700768999999999664e+01
6.357000000000000000e+03 9.700721000000000060e+01
6.368000000000000000e+03 9.700669999999999504e+01
6.377000000000000000e+03 9.700623000000000218e+01
6.388000000000000000e+03 9.700572999999999979e+01
6.397000000000000000e+03 9.700526999999999589e+01
6.408000000000000000e+03 9.700477999999999668e+01
6.418000000000000000e+03 9.700432999999999595e+01
6.427000000000000000e+03 9.700387999999999522e+01
6.438000000000000000e+03 9.700339999999999918e+01
6.447000000000000000e+03 9.700297000000000480e+01
6.458000000000000000e+03 9.700249999999999773e+01
6.467000000000000000e+03 9.700207000000000335e+01
6.478000000000000000e+03 9.700162000000000262e+01
6.487000000000000000e+03 9.700119999999999720e+01
6.498000000000000000e+03 9.700074999999999648e+01
6.507000000000000000e+03 9.700034999999999741e+01
6.518000000000000000e+03 9.699990999999999985e+01
6.527000000000000000e+03 9.699951000000000079e+01
6.538000000000000000e+03 9.699908999999999537e+01
6.547000000000000000e+03 9.699869999999999948e+01
6.558000000000000000e+03 9.699827999999999406e+01
6.567000000000000000e+03 9.699790000000000134e+01
6.578000000000000000e+03 9.699748999999999910e+01
6.587000000000000000e+03 9.699711999999999534e+01
6.598000000000000000e+03 9.699672999999999945e+01
6.607000000000000000e+03 9.699635999999999569e+01
6.618000000000000000e+03 9.699598000000000297e+01
6.627000000000000000e+03 9.699562000000000239e+01
6.638000000000000000e+03 9.699524999999999864e+01
6.647000000000000000e+03 9.699490000000000123e+01
6.658000000000000000e+03 9.699452999999999747e+01
6.667000000000000000e+03 9.699420000000000641e+01
6.678000000000000000e+03 9.699384000000000583e+01
6.687000000000000000e+03 9.699351000000000056e+01
6.698000000000000000e+03 9.699317000000000633e+01
6.707000000000000000e+03 9.699285000000000423e+01
6.717000000000000000e+03 9.699250999999999578e+01
6.727000000000000000e+03 9.699219999999999686e+01
6.737000000000000000e+03 9.699187000000000580e+01
6.747000000000000000e+03 9.699156999999999584e+01
6.757000000000000000e+03 9.699124999999999375e+01
6.767000000000000000e+03 9.699096000000000117e+01
6.777000000000000000e+03 9.699065000000000225e+01
6.788000000000000000e+03 9.699035000000000650e+01
6.797000000000000000e+03 9.699007000000000289e+01
6.808000000000000000e+03 9.698976999999999293e+01
6.817000000000000000e+03 9.698950000000000671e+01
6.828000000000000000e+03 9.698922000000000310e+01
6.837000000000000000e+03 9.698895000000000266e+01
6.847000000000000000e+03 9.698868000000000222e+01
6.857000000000000000e+03 9.698842000000000496e+01
6.867000000000000000e+03 9.698815999999999349e+01
6.877000000000000000e+03 9.698790999999999940e+01
6.887000000000000000e+03 9.698765000000000214e+01
6.898000000000000000e+03 9.698739999999999384e+01
6.907000000000000000e+03 9.698716000000000292e+01
6.917000000000000000e+03 9.698691999999999780e+01
6.927000000000000000e+03 9.698668999999999585e+01
6.937000000000000000e+03 9.698645999999999390e+01
6.947000000000000000e+03 9.698623999999999512e+01
6.957000000000000000e+03 9.698600999999999317e+01
6.968000000000000000e+03 9.698578999999999439e+01
6.977000000000000000e+03 9.698557999999999879e+01
6.987000000000000000e+03 9.698537000000000319e+01
6.997000000000000000e+03 9.698516999999999655e+01
7.007000000000000000e+03 9.698497000000000412e+01
7.017000000000000000e+03 9.698478000000000065e+01
7.027000000000000000e+03 9.698457999999999402e+01
7.037000000000000000e+03 9.698438000000000159e+01
7.047000000000000000e+03 9.698421000000000447e+01
7.057000000000000000e+03 9.698402000000000100e+01
7.067000000000000000e+03 9.698385000000000389e+01
7.077000000000000000e+03 9.698368000000000677e+01
7.087000000000000000e+03 9.698350000000000648e+01
7.097000000000000000e+03 9.698335000000000150e+01
7.107000000000000000e+03 9.698318000000000438e+01
7.117000000000000000e+03 9.698302999999999940e+01
7.127000000000000000e+03 9.698287000000000546e+01
7.137000000000000000e+03 9.698272000000000048e+01
7.147000000000000000e+03 9.698257999999999868e+01
7.157000000000000000e+03 9.698242999999999370e+01
7.167000000000000000e+03 9.698229000000000610e+01
7.177000000000000000e+03 9.698215999999999326e+01
7.187000000000000000e+03 9.698202999999999463e+01
7.197000000000000000e+03 9.698190999999999917e+01
7.207000000000000000e+03 9.698178000000000054e+01
7.217000000000000000e+03 9.698166000000000508e+01
7.227000000000000000e+03 9.698154999999999859e+01
7.237000000000000000e+03 9.698144000000000631e+01
7.247000000000000000e+03 9.698131999999999664e+01
7.257000000000000000e+03 9.698121999999999332e+01
7.267000000000000000e+03 9.698112000000000421e+01
7.277000000000000000e+03 9.698103000000000407e+01
7.287000000000000000e+03 9.698093000000000075e+01
7.297000000000000000e+03 9.698084000000000060e+01
7.307000000000000000e+03 9.698075000000000045e+01
7.317000000000000000e+03 9.698067000000000348e+01
7.327000000000000000e+03 9.698059000000000651e+01
7.337000000000000000e+03 9.698050999999999533e+01
7.347000000000000000e+03 9.698044000000000153e+01
7.357000000000000000e+03 9.698036999999999352e+01
7.367000000000000000e+03 9.698029999999999973e+01
7.377000000000000000e+03 9.698023999999999489e+01
7.387000000000000000e+03 9.698017000000000110e+01
7.397000000000000000e+03 9.698011999999999944e+01
7.407000000000000000e+03 9.698005999999999460e+01
7.417000000000000000e+03 9.698000999999999294e+01
7.427000000000000000e+03 9.697996999999999446e+01
7.437000000000000000e+03 9.697992000000000701e+01
7.447000000000000000e+03 9.697987999999999431e+01
7.457000000000000000e+03 9.697983999999999583e+01
7.467000000000000000e+03 9.697981000000000051e+01
7.477000000000000000e+03 9.697977000000000203e+01
7.487000000000000000e+03 9.697974000000000672e+01
7.497000000000000000e+03 9.697972000000000037e+01
7.507000000000000000e+03 9.697969999999999402e+01
7.517000000000000000e+03 9.697968000000000188e+01
7.527000000000000000e+03 9.697965999999999553e+01
7.537000000000000000e+03 9.697964000000000340e+01
7.547000000000000000e+03 9.697963000000000022e+01
7.557000000000000000e+03 9.697961999999999705e+01
7.567000000000000000e+03 9.697961999999999705e+01
7.577000000000000000e+03 9.697960999999999387e+01
7.587000000000000000e+03 9.697960999999999387e+01
7.597000000000000000e+03 9.697961999999999705e+01
7.607000000000000000e+03 9.697961999999999705e+01
7.617000000000000000e+03 9.697963000000000022e+01
7.627000000000000000e+03 9.697964000000000340e+01
7.637000000000000000e+03 9.697965000000000657e+01
7.647000000000000000e+03 9.697966999999999871e+01
7.657000000000000000e+03 9.697969000000000506e+01
7.667000000000000000e+03 9.697969999999999402e+01
7.677000000000000000e+03 9.697973000000000354e+01
7.687000000000000000e+03 9.697974999999999568e+01
7.697000000000000000e+03 9.697978000000000520e+01
7.707000000000000000e+03 9.697981000000000051e+01
7.717000000000000000e+03 9.697983999999999583e+01
7.727000000000000000e+03 9.697987999999999431e+01
7.737000000000000000e+03 9.697992000000000701e+01
7.747000000000000000e+03 9.697996000000000549e+01
7.757000000000000000e+03 9.698000000000000398e+01
7.767000000000000000e+03 9.698004000000000246e+01
7.777000000000000000e+03 9.698009000000000412e+01
7.787000000000000000e+03 9.698014000000000578e+01
7.797000000000000000e+03 9.698018999999999323e+01
7.807000000000000000e+03 9.698023999999999489e+01
7.817000000000000000e+03 9.698029999999999973e+01
7.826000000000000000e+03 9.698035000000000139e+01
7.837000000000000000e+03 9.698041000000000622e+01
7.847000000000000000e+03 9.698046999999999684e+01
7.857000000000000000e+03 9.698054000000000485e+01
7.867000000000000000e+03 9.698059999999999548e+01
7.877000000000000000e+03 9.698067000000000348e+01
7.887000000000000000e+03 9.698073999999999728e+01
7.897000000000000000e+03 9.698081000000000529e+01
7.907000000000000000e+03 9.698087999999999909e+01
7.916000000000000000e+03 9.698095000000000709e+01
7.927000000000000000e+03 9.698103000000000407e+01
7.937000000000000000e+03 9.698111000000000104e+01
7.947000000000000000e+03 9.698118999999999801e+01
7.957000000000000000e+03 9.698126999999999498e+01
7.967000000000000000e+03 9.698135999999999513e+01
7.976000000000000000e+03 9.698144000000000631e+01
7.987000000000000000e+03 9.698152000000000328e+01
7.997000000000000000e+03 9.698161000000000342e+01
8.007000000000000000e+03 9.698170000000000357e+01
8.016999999999999091e+03 9.698180000000000689e+01
8.026000000000000000e+03 9.698188000000000386e+01
8.036000000000000000e+03 9.698197999999999297e+01
8.047000000000000909e+03 9.698206999999999312e+01
8.057000000000000000e+03 9.698216999999999643e+01
8.067000000000000000e+03 9.698226999999999975e+01
8.077000000000000000e+03 9.698237000000000307e+01
8.086000000000000000e+03 9.698247000000000639e+01
8.096000000000000000e+03 9.698256999999999550e+01
8.106999999999999091e+03 9.698266999999999882e+01
8.117000000000000909e+03 9.698278000000000532e+01
8.127000000000000909e+03 9.698288999999999760e+01
8.137000000000000000e+03 9.698299000000000092e+01
8.147000000000000000e+03 9.698309999999999320e+01
8.156000000000000909e+03 9.698319999999999652e+01
8.166000000000000000e+03 9.698332000000000619e+01
8.177000000000000000e+03 9.698342999999999847e+01
8.186999999999999091e+03 9.698354000000000497e+01
8.197000000000000000e+03 9.698366000000000042e+01
8.207000000000000000e+03 9.698377000000000692e+01
8.217000000000000000e+03 9.698389000000000237e+01
8.226000000000000000e+03 9.698399000000000569e+01
8.236000000000000000e+03 9.698411000000000115e+01
8.246000000000000000e+03 9.698422999999999661e+01
8.256000000000000000e+03 9.698435000000000628e+01
8.267000000000000000e+03 9.698447000000000173e+01
8.277000000000000000e+03 9.698458999999999719e+01
8.287000000000000000e+03 9.698471000000000686e+01
8.297000000000000000e+03 9.698483000000000231e+01
8.307000000000000000e+03 9.698496000000000095e+01
8.316000000000000000e+03 9.698506999999999323e+01
8.326000000000000000e+03 9.698519000000000290e+01
8.336000000000000000e+03 9.698532000000000153e+01
8.346000000000000000e+03 9.698543999999999699e+01
8.356000000000000000e+03 9.698556999999999562e+01
8.366000000000000000e+03 9.698569000000000528e+01
8.377000000000000000e+03 9.698582000000000392e+01
8.387000000000000000e+03 9.698595000000000255e+01
8.397000000000000000e+03 9.698606999999999800e+01
8.407000000000000000e+03 9.698619999999999663e+01
8.417000000000000000e+03 9.698632999999999527e+01
8.427000000000000000e+03 9.698645999999999390e+01
8.436000000000000000e+03 9.698657000000000039e+01
8.446000000000000000e+03 9.698669999999999902e+01
8.456000000000000000e+03 9.698682999999999765e+01
8.466000000000000000e+03 9.698695999999999628e+01
8.476000000000000000e+03 9.698708999999999492e+01
8.486000000000000000e+03 9.698721999999999355e+01
8.496000000000000000e+03 9.698734000000000322e+01
8.506000000000000000e+03 9.698747000000000185e+01
8.516000000000000000e+03 9.698760000000000048e+01
8.526000000000000000e+03 9.698772999999999911e+01
8.536000000000000000e+03 9.698785999999999774e+01
8.546000000000000000e+03 9.698798999999999637e+01
8.556000000000000000e+03 9.698811999999999500e+01
8.566000000000000000e+03 9.698824000000000467e+01
8.576000000000000000e+03 9.698837000000000330e+01
8.586000000000000000e+03 9.698850000000000193e+01
8.596000000000000000e+03 9.698863000000000056e+01
8.606000000000000000e+03 9.698874999999999602e+01
8.617000000000000000e+03 9.698887999999999465e+01
8.627000000000000000e+03 9.698900999999999328e+01
8.637000000000000000e+03 9.698913000000000295e+01
8.647000000000000000e+03 9.698926000000000158e+01
8.657000000000000000e+03 9.698937999999999704e+01
8.667000000000000000e+03 9.698950999999999567e+01
8.676000000000000000e+03 9.698963000000000534e+01
8.686000000000000000e+03 9.698976000000000397e+01
8.696000000000000000e+03 9.698987999999999943e+01
8.706000000000000000e+03 9.698999999999999488e+01
8.716000000000000000e+03 9.699012000000000455e+01
8.726000000000000000e+03 9.699025000000000318e+01
8.736000000000000000e+03 9.699036999999999864e+01
8.746000000000000000e+03 9.699048999999999410e+01
8.756000000000000000e+03 9.699061000000000377e+01
8.766000000000000000e+03 9.699071999999999605e+01
8.776000000000000000e+03 9.699084000000000572e+01
8.786000000000000000e+03 9.699096000000000117e+01
8.796000000000000000e+03 9.699106999999999346e+01
8.806000000000000000e+03 9.699119000000000312e+01
8.816000000000000000e+03 9.699129999999999541e+01
8.826000000000000000e+03 9.699142000000000507e+01
8.836000000000000000e+03 9.699152999999999736e+01
8.846000000000000000e+03 9.699164000000000385e+01
8.856000000000000000e+03 9.699174999999999613e+01
8.866000000000000000e+03 9.699186000000000263e+01
8.876000000000000000e+03 9.699196999999999491e+01
8.886000000000000000e+03 9.699208000000000141e+01
8.897000000000000000e+03 9.699218999999999369e+01
8.906000000000000000e+03 9.699230000000000018e+01
8.916000000000000000e+03 9.699240000000000350e+01
8.926000000000000000e+03 9.699250000000000682e+01
8.936000000000000000e+03 9.699260999999999910e+01
8.946000000000000000e+03 9.699271000000000242e+01
8.956000000000000000e+03 9.699280000000000257e+01
8.966000000000000000e+03 9.699290000000000589e+01
8.976000000000000000e+03 9.699299999999999500e+01
8.986000000000000000e+03 9.699308999999999514e+01
8.996000000000000000e+03 9.699318999999999846e+01
9.006000000000000000e+03 9.699327999999999861e+01
9.016000000000000000e+03 9.699338000000000193e+01
9.026000000000000000e+03 9.699347000000000207e+01
9.036000000000000000e+03 9.699354999999999905e+01
9.046000000000000000e+03 9.699363999999999919e+01
9.056000000000000000e+03 9.699371999999999616e+01
9.066000000000000000e+03 9.699380999999999631e+01
9.076000000000000000e+03 9.699388999999999328e+01
9.086000000000000000e+03 9.699397000000000446e+01
9.096000000000000000e+03 9.699405000000000143e+01
9.106000000000000000e+03 9.699412999999999840e+01
9.116000000000000000e+03 9.699420999999999538e+01
9.126000000000000000e+03 9.699428000000000338e+01
9.136000000000000000e+03 9.699434999999999718e+01
9.146000000000000000e+03 9.699442000000000519e+01
9.156000000000000000e+03 9.699448999999999899e+01
9.166000000000000000e+03 9.699455000000000382e+01
9.176000000000000000e+03 9.699461999999999762e+01
9.186000000000000000e+03 9.699469000000000563e+01
9.196000000000000000e+03 9.699474999999999625e+01
9.206000000000000000e+03 9.699481000000000108e+01
9.216000000000000000e+03 9.699486000000000274e+01
9.226000000000000000e+03 9.699491999999999337e+01
9.236000000000000000e+03 9.699496999999999503e+01
9.246000000000000000e+03 9.699501999999999668e+01
9.256000000000000000e+03 9.699506999999999834e+01
9.266000000000000000e+03 9.699512000000000000e+01
9.276000000000000000e+03 9.699517000000000166e+01
9.286000000000000000e+03 9.699521000000000015e+01
9.296000000000000000e+03 9.699524999999999864e+01
9.306000000000000000e+03 9.699528999999999712e+01
9.316000000000000000e+03 9.699532999999999561e+01
9.326000000000000000e+03 9.699536000000000513e+01
9.336000000000000000e+03 9.699539000000000044e+01
9.346000000000000000e+03 9.699541999999999575e+01
9.356000000000000000e+03 9.699545000000000528e+01
9.366000000000000000e+03 9.699548000000000059e+01
9.376000000000000000e+03 9.699550000000000693e+01
9.386000000000000000e+03 9.699551999999999907e+01
9.396000000000000000e+03 9.699554000000000542e+01
9.406000000000000000e+03 9.699554999999999438e+01
9.416000000000000000e+03 9.699557000000000073e+01
9.426000000000000000e+03 9.699558000000000391e+01
9.436000000000000000e+03 9.699559000000000708e+01
9.446000000000000000e+03 9.699559000000000708e+01
9.456000000000000000e+03 9.699559999999999604e+01
9.466000000000000000e+03 9.699559999999999604e+01
9.476000000000000000e+03 9.699559999999999604e+01
9.486000000000000000e+03 9.699559000000000708e+01
9.496000000000000000e+03 9.699558000000000391e+01
9.506000000000000000e+03 9.699557000000000073e+01
9.516000000000000000e+03 9.699555999999999756e+01
9.526000000000000000e+03 9.699554999999999438e+01
9.536000000000000000e+03 9.699553000000000225e+01
9.546000000000000000e+03 9.699550999999999590e+01
9.556000000000000000e+03 9.699549000000000376e+01
9.566000000000000000e+03 9.699545999999999424e+01
9.575000000000000000e+03 9.699542999999999893e+01
9.586000000000000000e+03 9.699540000000000362e+01
9.596000000000000000e+03 9.699536999999999409e+01
9.606000000000000000e+03 9.699532999999999561e+01
9.616000000000000000e+03 9.699528999999999712e+01
9.626000000000000000e+03 9.699524999999999864e+01
9.636000000000000000e+03 9.699519999999999698e+01
9.646000000000000000e+03 9.699514999999999532e+01
9.656000000000000000e+03 9.699509999999999366e+01
9.666000000000000000e+03 9.699505000000000621e+01
9.675000000000000000e+03 9.699499000000000137e+01
9.686000000000000000e+03 9.699492999999999654e+01
9.696000000000000000e+03 9.699487000000000592e+01
9.705000000000000000e+03 9.699479999999999791e+01
9.716000000000000000e+03 9.699473000000000411e+01
9.726000000000000000e+03 9.699465999999999610e+01
9.735000000000000000e+03 9.699459000000000231e+01
9.746000000000000000e+03 9.699450000000000216e+01
9.756000000000000000e+03 9.699442000000000519e+01
9.766000000000000000e+03 9.699433999999999401e+01
9.776000000000000000e+03 9.699424999999999386e+01
9.786000000000000000e+03 9.699415999999999372e+01
9.796000000000000000e+03 9.699406000000000461e+01
9.806000000000000000e+03 9.699397000000000446e+01
9.815000000000000000e+03 9.699387000000000114e+01
9.826000000000000000e+03 9.699375999999999465e+01
9.836000000000000000e+03 9.699365000000000236e+01
9.845000000000000000e+03 9.699354999999999905e+01
9.856000000000000000e+03 9.699343000000000359e+01
9.865000000000000000e+03 9.699330999999999392e+01
9.876000000000000000e+03 9.699318999999999846e+01
9.886000000000000000e+03 9.699307000000000301e+01
9.895000000000000000e+03 9.699294000000000437e+01
9.906000000000000000e+03 9.699281000000000574e+01
9.915000000000000000e+03 9.699267000000000394e+01
9.926000000000000000e+03 9.699253000000000213e+01
9.936000000000000000e+03 9.699239000000000033e+01
9.945000000000000000e+03 9.699224999999999852e+01
9.956000000000000000e+03 9.699209999999999354e+01
9.965000000000000000e+03 9.699195000000000277e+01
9.976000000000000000e+03 9.699178999999999462e+01
9.985000000000000000e+03 9.699164000000000385e+01
9.996000000000000000e+03 9.699147000000000673e+01
1.000600000000000000e+04 9.699130999999999858e+01
1.001500000000000000e+04 9.699114000000000146e+01
1.002600000000000000e+04 9.699096000000000117e+01
1.003500000000000000e+04 9.699079000000000406e+01
1.004600000000000000e+04 9.699060000000000059e+01
1.005500000000000000e+04 9.699043000000000347e+01
1.006600000000000000e+04 9.699022999999999683e+01
1.007500000000000000e+04 9.699004999999999654e+01
1.008600000000000000e+04 9.698984000000000094e+01
1.009500000000000000e+04 9.698964999999999748e+01
1.010600000000000000e+04 9.698944000000000187e+01
1.011500000000000000e+04 9.698923999999999523e+01
1.012600000000000000e+04 9.698902999999999963e+01
1.013500000000000000e+04 9.698882000000000403e+01
1.014500000000000000e+04 9.698860999999999422e+01
1.015500000000000000e+04 9.698838000000000648e+01
1.016500000000000000e+04 9.698816999999999666e+01
1.017500000000000000e+04 9.698793000000000575e+01
1.018500000000000000e+04 9.698770000000000380e+01
1.019500000000000000e+04 9.698745999999999867e+01
1.020600000000000000e+04 9.698721000000000458e+01
1.021500000000000000e+04 9.698698000000000263e+01
1.022600000000000000e+04 9.698672000000000537e+01
1.023500000000000000e+04 9.698648000000000025e+01
1.024600000000000000e+04 9.698622000000000298e+01
1.025500000000000000e+04 9.698596999999999468e+01
1.026600000000000000e+04 9.698569000000000528e+01
1.027500000000000000e+04 9.698543999999999699e+01
1.028600000000000000e+04 9.698515999999999337e+01
1.029500000000000000e+04 9.698488999999999294e+01
1.030600000000000000e+04 9.698461000000000354e+01
1.031500000000000000e+04 9.698432999999999993e+01
1.032500000000000000e+04 9.698403999999999314e+01
1.033600000000000000e+04 9.698373999999999739e+01
1.034500000000000000e+04 9.698345999999999378e+01
1.035600000000000000e+04 9.698314999999999486e+01
1.036500000000000000e+04 9.698286000000000229e+01
1.037500000000000000e+04 9.698254000000000019e+01
1.038500000000000000e+04 9.698224000000000444e+01
1.039500000000000000e+04 9.698192000000000235e+01
1.040600000000000000e+04 9.698158999999999708e+01
1.041500000000000000e+04 9.698127999999999815e+01
1.042600000000000000e+04 9.698095000000000709e+01
1.043500000000000000e+04 9.698063000000000500e+01
1.044500000000000000e+04 9.698028999999999655e+01
1.045600000000000000e+04 9.697993999999999915e+01
1.046500000000000000e+04 9.697960999999999387e+01
1.047500000000000000e+04 9.697925999999999647e+01
1.048500000000000000e+04 9.697892000000000223e+01
1.049500000000000000e+04 9.697854999999999848e+01
1.050600000000000000e+04 9.697818999999999789e+01
1.051500000000000000e+04 9.697784000000000049e+01
1.052500000000000000e+04 9.697745999999999356e+01
1.053600000000000000e+04 9.697708000000000084e+01
1.054500000000000000e+04 9.697672000000000025e+01
1.055500000000000000e+04 9.697633000000000436e+01
1.056600000000000000e+04 9.697593999999999426e+01
1.057500000000000000e+04 9.697557000000000471e+01
1.058500000000000000e+04 9.697517000000000564e+01
1.059500000000000000e+04 9.697478999999999871e+01
1.060500000000000000e+04 9.697437999999999647e+01
1.061500000000000000e+04 9.697396999999999423e+01
1.062600000000000000e+04 9.697355000000000302e+01
1.063500000000000000e+04 9.697315000000000396e+01
1.064500000000000000e+04 9.697272999999999854e+01
1.065500000000000000e+04 9.697230000000000416e+01
1.066500000000000000e+04 9.697189000000000192e+01
1.067500000000000000e+04 9.697145000000000437e+01
1.068500000000000000e+04 9.697101000000000681e+01
1.069500000000000000e+04 9.697059000000000140e+01
1.070500000000000000e+04 9.697014000000000067e+01
1.071500000000000000e+04 9.696968999999999994e+01
1.072500000000000000e+04 9.696922999999999604e+01
1.073500000000000000e+04 9.696878999999999849e+01
1.074500000000000000e+04 9.696832999999999458e+01
1.075500000000000000e+04 9.696784999999999854e+01
1.076500000000000000e+04 9.696741000000000099e+01
1.077500000000000000e+04 9.696693000000000495e+01
1.078500000000000000e+04 9.696644999999999470e+01
1.079500000000000000e+04 9.696595999999999549e+01
1.080500000000000000e+04 9.696550000000000580e+01
1.081500000000000000e+04 9.696500000000000341e+01
1.082500000000000000e+04 9.696450000000000102e+01
1.083500000000000000e+04 9.696398999999999546e+01
1.084500000000000000e+04 9.696352000000000260e+01
1.085500000000000000e+04 9.696300999999999704e+01
1.086500000000000000e+04 9.696249000000000251e+01
1.087500000000000000e+04 9.696196999999999377e+01
1.088500000000000000e+04 9.696143999999999608e+01
1.089500000000000000e+04 9.696093999999999369e+01
1.090500000000000000e+04 9.696040999999999599e+01
1.091500000000000000e+04 9.695986999999999512e+01
1.092500000000000000e+04 9.695932999999999424e+01
1.093500000000000000e+04 9.695878000000000441e+01
1.094500000000000000e+04 9.695826999999999884e+01
1.095500000000000000e+04 9.695771000000000583e+01
1.096500000000000000e+04 9.695714999999999861e+01
1.097500000000000000e+04 9.695659000000000560e+01
1.098500000000000000e+04 9.695601999999999521e+01
1.099500000000000000e+04 9.695544999999999902e+01
1.100500000000000000e+04 9.695492000000000132e+01
1.101500000000000000e+04 9.695434000000000196e+01
1.102500000000000000e+04 9.695374999999999943e+01
1.103500000000000000e+04 9.695317000000000007e+01
1.104500000000000000e+04 9.695256999999999437e+01
1.105500000000000000e+04 9.695198000000000604e+01
1.106500000000000000e+04 9.695141999999999882e+01
1.107500000000000000e+04 9.695081000000000415e+01
1.108500000000000000e+04 9.695020999999999844e+01
1.109500000000000000e+04 9.694959000000000060e+01
1.110500000000000000e+04 9.694898000000000593e+01
1.111500000000000000e+04 9.694835999999999387e+01
1.112500000000000000e+04 9.694773000000000707e+01
1.113500000000000000e+04 9.694710000000000605e+01
1.114500000000000000e+04 9.694647000000000503e+01
1.115500000000000000e+04 9.694588000000000250e+01
1.116500000000000000e+04 9.694523999999999830e+01
1.117500000000000000e+04 9.694459000000000515e+01
1.118500000000000000e+04 9.694395000000000095e+01
1.119500000000000000e+04 9.694329000000000462e+01
1.120500000000000000e+04 9.694263999999999726e+01
1.121500000000000000e+04 9.694198000000000093e+01
1.122500000000000000e+04 9.694131000000000142e+01
1.123500000000000000e+04 9.694064000000000192e+01
1.124500000000000000e+04 9.693997000000000241e+01
1.125500000000000000e+04 9.693930000000000291e+01
1.126500000000000000e+04 9.693862000000000023e+01
1.127500000000000000e+04 9.693792999999999438e+01
1.128500000000000000e+04 9.693725000000000591e+01
1.129500000000000000e+04 9.693654999999999688e+01
1.130500000000000000e+04 9.693586000000000524e+01
1.131500000000000000e+04 9.693515999999999622e+01
1.132500000000000000e+04 9.693446000000000140e+01
1.133500000000000000e+04 9.693375000000000341e+01
1.134500000000000000e+04 9.693304000000000542e+01
1.135500000000000000e+04 9.693232000000000426e+01
1.136500000000000000e+04 9.693160000000000309e+01
1.137500000000000000e+04 9.693088000000000193e+01
1.138500000000000000e+04 9.693016000000000076e+01
1.139500000000000000e+04 9.692942999999999643e+01
1.140500000000000000e+04 9.692869000000000312e+01
1.141500000000000000e+04 9.692794999999999561e+01
1.142500000000000000e+04 9.692721000000000231e+01
1.143500000000000000e+04 9.692646999999999480e+01
1.144500000000000000e+04 9.692571999999999832e+01
1.145500000000000000e+04 9.692497000000000185e+01
1.146500000000000000e+04 9.692421000000000220e+01
1.147500000000000000e+04 9.692345000000000255e+01
1.148500000000000000e+04 9.692269000000000290e+01
1.149500000000000000e+04 9.692192000000000007e+01
1.150500000000000000e+04 9.692114999999999725e+01
1.151500000000000000e+04 9.692037999999999442e+01
1.152500000000000000e+04 9.691960000000000264e+01
1.153500000000000000e+04 9.691881999999999664e+01
1.154400000000000000e+04 9.691803000000000168e+01
1.155400000000000000e+04 9.691724000000000672e+01
1.156500000000000000e+04 9.691639999999999588e+01
1.157500000000000000e+04 9.691559999999999775e+01
1.158500000000000000e+04 9.691479999999999961e+01
1.159500000000000000e+04 9.691400000000000148e+01
1.160500000000000000e+04 9.691319000000000017e+01
1.161500000000000000e+04 9.691237999999999886e+01
1.162500000000000000e+04 9.691156999999999755e+01
1.163400000000000000e+04 9.691074999999999307e+01
1.164400000000000000e+04 9.690993000000000279e+01
1.165500000000000000e+04 9.690905999999999665e+01
1.166500000000000000e+04 9.690823000000000320e+01
1.167500000000000000e+04 9.690739999999999554e+01
1.168500000000000000e+04 9.690657000000000210e+01
1.169400000000000000e+04 9.690573000000000548e+01
1.170400000000000000e+04 9.690488999999999464e+01
1.171500000000000000e+04 9.690398999999999319e+01
1.172500000000000000e+04 9.690313999999999339e+01
1.173500000000000000e+04 9.690228999999999360e+01
1.174500000000000000e+04 9.690143999999999380e+01
1.175400000000000000e+04 9.690058000000000504e+01
1.176400000000000000e+04 9.689972000000000207e+01
1.177500000000000000e+04 9.689879999999999427e+01
1.178500000000000000e+04 9.689793000000000234e+01
1.179400000000000000e+04 9.689705999999999619e+01
1.180400000000000000e+04 9.689619000000000426e+01
1.181500000000000000e+04 9.689525999999999328e+01
1.182500000000000000e+04 9.689437999999999818e+01
1.183500000000000000e+04 9.689348999999999990e+01
1.184400000000000000e+04 9.689261000000000479e+01
1.185400000000000000e+04 9.689172000000000651e+01
1.186500000000000000e+04 9.689077000000000339e+01
1.187500000000000000e+04 9.688988000000000511e+01
1.188400000000000000e+04 9.688898000000000366e+01
1.189400000000000000e+04 9.688808000000000220e+01
1.190500000000000000e+04 9.688711000000000695e+01
1.191400000000000000e+04 9.688621000000000549e+01
1.192400000000000000e+04 9.688530000000000086e+01
1.193500000000000000e+04 9.688433000000000561e+01
1.194500000000000000e+04 9.688340999999999781e+01
1.195400000000000000e+04 9.688249000000000422e+01
1.196400000000000000e+04 9.688156999999999641e+01
1.197500000000000000e+04 9.688058999999999799e+01
1.198400000000000000e+04 9.687966000000000122e+01
1.199400000000000000e+04 9.687873000000000445e+01
1.200500000000000000e+04 9.687774000000000285e+01
1.201400000000000000e+04 9.687680000000000291e+01
1.202400000000000000e+04 9.687586000000000297e+01
1.203500000000000000e+04 9.687485999999999819e+01
1.204400000000000000e+04 9.687391999999999825e+01
1.205400000000000000e+04 9.687296999999999514e+01
1.206500000000000000e+04 9.687196000000000140e+01
1.207400000000000000e+04 9.687100999999999829e+01
1.208400000000000000e+04 9.687005999999999517e+01
1.209500000000000000e+04 9.686903999999999826e+01
1.210400000000000000e+04 9.686808000000000618e+01
1.211500000000000000e+04 9.686705000000000609e+01
1.212400000000000000e+04 9.686608999999999980e+01
1.213400000000000000e+04 9.686512999999999352e+01
1.214500000000000000e+04 9.686409000000000447e+01
1.215400000000000000e+04 9.686311999999999500e+01
1.216500000000000000e+04 9.686208000000000595e+01
1.217400000000000000e+04 9.686110999999999649e+01
1.218400000000000000e+04 9.686012999999999806e+01
1.219400000000000000e+04 9.685908000000000584e+01
1.220400000000000000e+04 9.685809999999999320e+01
1.221500000000000000e+04 9.685705000000000098e+01
1.222400000000000000e+04 9.685605999999999938e+01
1.223500000000000000e+04 9.685500999999999294e+01
1.224400000000000000e+04 9.685402000000000555e+01
1.225400000000000000e+04 9.685302000000000078e+01
1.226400000000000000e+04 9.685196000000000538e+01
1.227400000000000000e+04 9.685096000000000060e+01
1.228400000000000000e+04 9.684989000000000203e+01
1.229400000000000000e+04 9.684888999999999726e+01
1.230400000000000000e+04 9.684781999999999869e+01
1.231400000000000000e+04 9.684681000000000495e+01
1.232400000000000000e+04 9.684574000000000638e+01
1.233400000000000000e+04 9.684472999999999843e+01
1.234400000000000000e+04 9.684364999999999668e+01
1.235400000000000000e+04 9.684262999999999977e+01
1.236400000000000000e+04 9.684154999999999802e+01
1.237400000000000000e+04 9.684053000000000111e+01
1.238400000000000000e+04 9.683943999999999619e+01
1.239400000000000000e+04 9.683841999999999928e+01
1.240400000000000000e+04 9.683732999999999436e+01
1.241400000000000000e+04 9.683629999999999427e+01
1.242400000000000000e+04 9.683520000000000039e+01
1.243500000000000000e+04 9.683410999999999547e+01
1.244400000000000000e+04 9.683307999999999538e+01
1.245400000000000000e+04 9.683196999999999832e+01
1.246400000000000000e+04 9.683093999999999824e+01
1.247400000000000000e+04 9.682983000000000118e+01
1.248400000000000000e+04 9.682880000000000109e+01
1.249400000000000000e+04 9.682769000000000403e+01
1.250400000000000000e+04 9.682658000000000698e+01
1.251400000000000000e+04 9.682554000000000372e+01
1.252400000000000000e+04 9.682442000000000348e+01
1.253400000000000000e+04 9.682338000000000022e+01
1.254400000000000000e+04 9.682225999999999999e+01
1.255400000000000000e+04 9.682113999999999976e+01
1.256400000000000000e+04 9.682008999999999332e+01
1.257400000000000000e+04 9.681896999999999309e+01
1.258400000000000000e+04 9.681785000000000707e+01
1.259400000000000000e+04 9.681680000000000064e+01
1.260400000000000000e+04 9.681566999999999723e+01
1.261400000000000000e+04 9.681462000000000501e+01
1.262400000000000000e+04 9.681349000000000160e+01
1.263400000000000000e+04 9.681235999999999819e+01
1.264400000000000000e+04 9.681130000000000280e+01
1.265400000000000000e+04 9.681016999999999939e+01
1.266400000000000000e+04 9.680903999999999598e+01
1.267400000000000000e+04 9.680790000000000362e+01
1.268400000000000000e+04 9.680683999999999401e+01
1.269400000000000000e+04 9.680570000000000164e+01
1.270400000000000000e+04 9.680456999999999823e+01
1.271400000000000000e+04 9.680349999999999966e+01
1.272400000000000000e+04 9.680235999999999308e+01
1.273400000000000000e+04 9.680122000000000071e+01
1.274400000000000000e+04 9.680007999999999413e+01
1.275400000000000000e+04 9.679900999999999556e+01
1.276400000000000000e+04 9.679787000000000319e+01
1.277400000000000000e+04 9.679672999999999661e+01
1.278400000000000000e+04 9.679558000000000106e+01
1.279400000000000000e+04 9.679451000000000249e+01
1.280400000000000000e+04 9.679336000000000695e+01
1.281400000000000000e+04 9.679222000000000037e+01
1.282400000000000000e+04 9.679107000000000482e+01
1.283400000000000000e+04 9.678999000000000308e+01
1.284400000000000000e+04 9.678883999999999332e+01
1.285400000000000000e+04 9.678770000000000095e+01
1.286400000000000000e+04 9.678655000000000541e+01
1.287400000000000000e+04 9.678539999999999566e+01
1.288400000000000000e+04 9.678425000000000011e+01
1.289400000000000000e+04 9.678316999999999837e+01
1.290400000000000000e+04 9.678202000000000282e+01
1.291400000000000000e+04 9.678086000000000411e+01
1.292400000000000000e+04 9.677970999999999435e+01
1.293400000000000000e+04 9.677855999999999881e+01
1.294400000000000000e+04 9.677741000000000327e+01
1.295400000000000000e+04 9.677633000000000152e+01
1.296400000000000000e+04 9.677517000000000280e+01
1.297400000000000000e+04 9.677401999999999305e+01
1.298400000000000000e+04 9.677286999999999750e+01
1.299400000000000000e+04 9.677170999999999879e+01
1.300400000000000000e+04 9.677056000000000324e+01
1.301400000000000000e+04 9.676940000000000452e+01
1.302400000000000000e+04 9.676824999999999477e+01
1.303400000000000000e+04 9.676709999999999923e+01
1.304400000000000000e+04 9.676594000000000051e+01
1.305400000000000000e+04 9.676485999999999876e+01
1.306400000000000000e+04 9.676371000000000322e+01
1.307400000000000000e+04 9.676255000000000450e+01
1.308400000000000000e+04 9.676139999999999475e+01
1.309400000000000000e+04 9.676024999999999920e+01
1.310400000000000000e+04 9.675909000000000049e+01
1.311400000000000000e+04 9.675794000000000494e+01
1.312400000000000000e+04 9.675678999999999519e+01
1.313400000000000000e+04 9.675563999999999965e+01
1.314400000000000000e+04 9.675449000000000410e+01
1.315400000000000000e+04 9.675333999999999435e+01
1.316400000000000000e+04 9.675217999999999563e+01
1.317400000000000000e+04 9.675103000000000009e+01
1.318400000000000000e+04 9.674988000000000454e+01
1.319400000000000000e+04 9.674873999999999796e+01
1.320400000000000000e+04 9.674759000000000242e+01
1.321400000000000000e+04 9.674644000000000688e+01
1.322400000000000000e+04 9.674528999999999712e+01
1.323400000000000000e+04 9.674414000000000158e+01
1.324400000000000000e+04 9.674299999999999500e+01
1.325300000000000000e+04 9.674184999999999945e+01
1.326300000000000000e+04 9.674071000000000708e+01
1.327400000000000000e+04 9.673949000000000353e+01
1.328400000000000000e+04 9.673834999999999695e+01
1.329400000000000000e+04 9.673721000000000458e+01
1.330400000000000000e+04 9.673606999999999800e+01
1.331400000000000000e+04 9.673493000000000563e+01
1.332400000000000000e+04 9.673378999999999905e+01
1.333400000000000000e+04 9.673265000000000668e+01
1.334400000000000000e+04 9.673151000000000010e+01
1.335300000000000000e+04 9.673037999999999670e+01
1.336400000000000000e+04 9.672916999999999632e+01
1.337400000000000000e+04 9.672803999999999292e+01
1.338400000000000000e+04 9.672691000000000372e+01
1.339400000000000000e+04 9.672578000000000031e+01
1.340400000000000000e+04 9.672464999999999691e+01
1.341300000000000000e+04 9.672351999999999350e+01
1.342300000000000000e+04 9.672239000000000431e+01
1.343400000000000000e+04 9.672119000000000710e+01
1.344400000000000000e+04 9.672007000000000687e+01
1.345400000000000000e+04 9.671895000000000664e+01
1.346300000000000000e+04 9.671783000000000641e+01
1.347300000000000000e+04 9.671670000000000300e+01
1.348400000000000000e+04 9.671551999999999794e+01
1.349400000000000000e+04 9.671439999999999770e+01
1.350400000000000000e+04 9.671327999999999747e+01
1.351300000000000000e+04 9.671217000000000041e+01
1.352400000000000000e+04 9.671098999999999535e+01
1.353400000000000000e+04 9.670987999999999829e+01
1.354300000000000000e+04 9.670877000000000123e+01
1.355300000000000000e+04 9.670766000000000417e+01
1.356400000000000000e+04 9.670649000000000228e+01
1.357400000000000000e+04 9.670538999999999419e+01
1.358300000000000000e+04 9.670427999999999713e+01
1.359400000000000000e+04 9.670311999999999841e+01
1.360400000000000000e+04 9.670202000000000453e+01
1.361300000000000000e+04 9.670091999999999643e+01
1.362400000000000000e+04 9.669975999999999772e+01
1.363400000000000000e+04 9.669867000000000701e+01
1.364300000000000000e+04 9.669758000000000209e+01
1.365300000000000000e+04 9.669648999999999717e+01
1.366400000000000000e+04 9.669534000000000162e+01
1.367300000000000000e+04 9.669425999999999988e+01
1.368400000000000000e+04 9.669311000000000433e+01
1.369400000000000000e+04 9.669203000000000259e+01
1.370300000000000000e+04 9.669095000000000084e+01
1.371400000000000000e+04 9.668980999999999426e+01
1.372300000000000000e+04 9.668873999999999569e+01
1.373300000000000000e+04 9.668766999999999712e+01
1.374400000000000000e+04 9.668653999999999371e+01
1.375300000000000000e+04 9.668546999999999514e+01
1.376400000000000000e+04 9.668434999999999491e+01
1.377300000000000000e+04 9.668328999999999951e+01
1.378400000000000000e+04 9.668215999999999610e+01
1.379300000000000000e+04 9.668111000000000388e+01
1.380300000000000000e+04 9.668005999999999744e+01
1.381300000000000000e+04 9.667893999999999721e+01
1.382300000000000000e+04 9.667789999999999395e+01
1.383400000000000000e+04 9.667678999999999689e+01
1.384300000000000000e+04 9.667574999999999363e+01
1.385400000000000000e+04 9.667464999999999975e+01
1.386300000000000000e+04 9.667360999999999649e+01
1.387400000000000000e+04 9.667251000000000261e+01
1.388300000000000000e+04 9.667148000000000252e+01
1.389300000000000000e+04 9.667038999999999760e+01
1.390300000000000000e+04 9.666937000000000069e+01
1.391300000000000000e+04 9.666828999999999894e+01
1.392300000000000000e+04 9.666727000000000203e+01
1.393300000000000000e+04 9.666619000000000028e+01
1.394400000000000000e+04 9.666512000000000171e+01
1.395300000000000000e+04 9.666410999999999376e+01
1.396400000000000000e+04 9.666303999999999519e+01
1.397300000000000000e+04 9.666204000000000462e+01
1.398300000000000000e+04 9.666097999999999502e+01
1.399300000000000000e+04 9.665998000000000445e+01
1.400300000000000000e+04 9.665892999999999802e+01
1.401400000000000000e+04 9.665788000000000579e+01
1.402300000000000000e+04 9.665689000000000419e+01
1.403300000000000000e+04 9.665585000000000093e+01
1.404400000000000000e+04 9.665480999999999767e+01
1.405300000000000000e+04 9.665382999999999925e+01
1.406300000000000000e+04 9.665279999999999916e+01
1.407400000000000000e+04 9.665176999999999907e+01
1.408300000000000000e+04 9.665081000000000699e+01
1.409300000000000000e+04 9.664978999999999587e+01
1.410400000000000000e+04 9.664876999999999896e+01
1.411300000000000000e+04 9.664781999999999584e+01
1.412300000000000000e+04 9.664681000000000211e+01
1.413300000000000000e+04 9.664579999999999416e+01
1.414300000000000000e+04 9.664485999999999422e+01
1.415300000000000000e+04 9.664386000000000365e+01
1.416300000000000000e+04 9.664287000000000205e+01
1.417400000000000000e+04 9.664188000000000045e+01
1.418300000000000000e+04 9.664095000000000368e+01
1.419300000000000000e+04 9.663997000000000526e+01
1.420300000000000000e+04 9.663899000000000683e+01
1.421300000000000000e+04 9.663801999999999737e+01
1.422300000000000000e+04 9.663710000000000377e+01
1.423300000000000000e+04 9.663613999999999749e+01
1.424300000000000000e+04 9.663518000000000541e+01
1.425300000000000000e+04 9.663421999999999912e+01
1.426300000000000000e+04 9.663326999999999600e+01
1.427300000000000000e+04 9.663237999999999772e+01
1.428300000000000000e+04 9.663143999999999778e+01
1.429300000000000000e+04 9.663049999999999784e+01
1.430300000000000000e+04 9.662955999999999790e+01
1.431300000000000000e+04 9.662863000000000113e+01
1.432300000000000000e+04 9.662770999999999333e+01
1.433300000000000000e+04 9.662684000000000140e+01
1.434300000000000000e+04 9.662592999999999677e+01
1.435300000000000000e+04 9.662502000000000635e+01
1.436300000000000000e+04 9.662411000000000172e+01
1.437300000000000000e+04 9.662321000000000026e+01
1.438300000000000000e+04 9.662230999999999881e+01
1.439300000000000000e+04 9.662142000000000053e+01
1.440300000000000000e+04 9.662053000000000225e+01
1.441300000000000000e+04 9.661964999999999293e+01
1.442300000000000000e+04 9.661876999999999782e+01
1.443300000000000000e+04 9.661790000000000589e+01
1.444300000000000000e+04 9.661702999999999975e+01
1.445300000000000000e+04 9.661615999999999360e+01
1.446300000000000000e+04 9.661530999999999381e+01
1.447300000000000000e+04 9.661445000000000505e+01
1.448300000000000000e+04 9.661360000000000525e+01
1.449300000000000000e+04 9.661275999999999442e+01
1.450300000000000000e+04 9.661191999999999780e+01
1.451300000000000000e+04 9.661109000000000435e+01
1.452300000000000000e+04 9.661025999999999669e+01
1.453300000000000000e+04 9.660944000000000642e+01
1.454300000000000000e+04 9.660862000000000194e+01
1.455300000000000000e+04 9.660781000000000063e+01
1.456300000000000000e+04 9.660699999999999932e+01
1.457300000000000000e+04 9.660620000000000118e+01
1.458300000000000000e+04 9.660540000000000305e+01
1.459300000000000000e+04 9.660460999999999387e+01
1.460300000000000000e+04 9.660381999999999891e+01
1.461300000000000000e+04 9.660303999999999292e+01
1.462300000000000000e+04 9.660227000000000430e+01
1.463300000000000000e+04 9.660144999999999982e+01
1.464300000000000000e+04 9.660069000000000017e+01
1.465300000000000000e+04 9.659993000000000052e+01
1.466300000000000000e+04 9.659918000000000404e+01
1.467300000000000000e+04 9.659842999999999336e+01
1.468300000000000000e+04 9.659769000000000005e+01
1.469300000000000000e+04 9.659690999999999406e+01
1.470300000000000000e+04 9.659618000000000393e+01
1.471300000000000000e+04 9.659544999999999959e+01
1.472300000000000000e+04 9.659472999999999843e+01
1.473300000000000000e+04 9.659402000000000044e+01
1.474300000000000000e+04 9.659327000000000396e+01
1.475300000000000000e+04 9.659256000000000597e+01
1.476300000000000000e+04 9.659187000000000012e+01
1.477300000000000000e+04 9.659117000000000530e+01
1.478300000000000000e+04 9.659045000000000414e+01
1.479300000000000000e+04 9.658977000000000146e+01
1.480300000000000000e+04 9.658910000000000196e+01
1.481300000000000000e+04 9.658843000000000245e+01
1.482300000000000000e+04 9.658772999999999342e+01
1.483300000000000000e+04 9.658706999999999709e+01
1.484300000000000000e+04 9.658642000000000394e+01
1.485300000000000000e+04 9.658574000000000126e+01
1.486300000000000000e+04 9.658509999999999707e+01
1.487300000000000000e+04 9.658446999999999605e+01
1.488300000000000000e+04 9.658379999999999654e+01
1.489300000000000000e+04 9.658317999999999870e+01
1.490300000000000000e+04 9.658253000000000554e+01
1.491300000000000000e+04 9.658192999999999984e+01
1.492300000000000000e+04 9.658132000000000517e+01
1.493300000000000000e+04 9.658069000000000415e+01
1.494300000000000000e+04 9.658010000000000161e+01
1.495300000000000000e+04 9.657949000000000694e+01
1.496300000000000000e+04 9.657890999999999337e+01
1.497300000000000000e+04 9.657833999999999719e+01
1.498300000000000000e+04 9.657774000000000569e+01
1.499300000000000000e+04 9.657717999999999847e+01
1.500300000000000000e+04 9.657659999999999911e+01
1.501300000000000000e+04 9.657604999999999507e+01
1.502300000000000000e+04 9.657547999999999888e+01
1.503300000000000000e+04 9.657495000000000118e+01
1.504300000000000000e+04 9.657438999999999396e+01
1.505300000000000000e+04 9.657386999999999944e+01
1.506300000000000000e+04 9.657331999999999539e+01
1.507200000000000000e+04 9.657281999999999300e+01
1.508300000000000000e+04 9.657228000000000634e+01
1.509300000000000000e+04 9.657175999999999760e+01
1.510300000000000000e+04 9.657126999999999839e+01
1.511300000000000000e+04 9.657076000000000704e+01
1.512300000000000000e+04 9.657028999999999996e+01
1.513300000000000000e+04 9.656978999999999758e+01
1.514300000000000000e+04 9.656929999999999836e+01
1.515300000000000000e+04 9.656883999999999446e+01
1.516300000000000000e+04 9.656837000000000160e+01
1.517200000000000000e+04 9.656793000000000404e+01
1.518300000000000000e+04 9.656745999999999697e+01
1.519300000000000000e+04 9.656700999999999624e+01
1.520200000000000000e+04 9.656658000000000186e+01
1.521300000000000000e+04 9.656614000000000431e+01
1.522300000000000000e+04 9.656570999999999572e+01
1.523300000000000000e+04 9.656528000000000134e+01
1.524200000000000000e+04 9.656489000000000544e+01
1.525300000000000000e+04 9.656447000000000003e+01
1.526300000000000000e+04 9.656407000000000096e+01
1.527300000000000000e+04 9.656367000000000189e+01
1.528200000000000000e+04 9.656329999999999814e+01
1.529300000000000000e+04 9.656291000000000224e+01
1.530300000000000000e+04 9.656253999999999849e+01
1.531300000000000000e+04 9.656216999999999473e+01
1.532200000000000000e+04 9.656181999999999732e+01
1.533200000000000000e+04 9.656146999999999991e+01
1.534300000000000000e+04 9.656112000000000251e+01
1.535300000000000000e+04 9.656077999999999406e+01
1.536300000000000000e+04 9.656043999999999983e+01
1.537300000000000000e+04 9.656011999999999773e+01
1.538200000000000000e+04 9.655980999999999881e+01
1.539200000000000000e+04 9.655949999999999989e+01
1.540200000000000000e+04 9.655920000000000414e+01
1.541300000000000000e+04 9.655889999999999418e+01
1.542300000000000000e+04 9.655861000000000161e+01
1.543300000000000000e+04 9.655831999999999482e+01
1.544300000000000000e+04 9.655804999999999438e+01
1.545300000000000000e+04 9.655777999999999395e+01
1.546300000000000000e+04 9.655751999999999668e+01
1.547300000000000000e+04 9.655725999999999942e+01
1.548300000000000000e+04 9.655701000000000533e+01
1.549300000000000000e+04 9.655677000000000021e+01
1.550300000000000000e+04 9.655653999999999826e+01
1.551300000000000000e+04 9.655631999999999948e+01
1.552300000000000000e+04 9.655610000000000070e+01
1.553300000000000000e+04 9.655589000000000510e+01
1.554300000000000000e+04 9.655567999999999529e+01
1.555300000000000000e+04 9.655549000000000603e+01
1.556300000000000000e+04 9.655530000000000257e+01
1.557300000000000000e+04 9.655512000000000228e+01
1.558200000000000000e+04 9.655494000000000199e+01
1.559200000000000000e+04 9.655477999999999383e+01
1.560200000000000000e+04 9.655461999999999989e+01
1.561200000000000000e+04 9.655446999999999491e+01
1.562200000000000000e+04 9.655432000000000414e+01
1.563300000000000000e+04 9.655418000000000234e+01
1.564300000000000000e+04 9.655405000000000371e+01
1.565200000000000000e+04 9.655392000000000507e+01
1.566200000000000000e+04 9.655380999999999858e+01
1.567200000000000000e+04 9.655370000000000630e+01
1.568200000000000000e+04 9.655360000000000298e+01
1.569300000000000000e+04 9.655349999999999966e+01
1.570200000000000000e+04 9.655342000000000269e+01
1.571200000000000000e+04 9.655334000000000572e+01
1.572200000000000000e+04 9.655326999999999771e+01
1.573300000000000000e+04 9.655320000000000391e+01
1.574200000000000000e+04 9.655313999999999908e+01
1.575200000000000000e+04 9.655308999999999742e+01
1.576200000000000000e+04 9.655304999999999893e+01
1.577200000000000000e+04 9.655302000000000362e+01
1.578200000000000000e+04 9.655298999999999410e+01
1.579200000000000000e+04 9.655297000000000196e+01
1.580200000000000000e+04 9.655295999999999879e+01
1.581200000000000000e+04 9.655294999999999561e+01
1.582200000000000000e+04 9.655294999999999561e+01
1.583200000000000000e+04 9.655295999999999879e+01
1.584200000000000000e+04 9.655298000000000513e+01
1.585300000000000000e+04 9.655301000000000045e+01
1.586200000000000000e+04 9.655303999999999576e+01
1.587200000000000000e+04 9.655307999999999424e+01
1.588200000000000000e+04 9.655312999999999590e+01
1.589200000000000000e+04 9.655317999999999756e+01
1.590200000000000000e+04 9.655324000000000240e+01
1.591200000000000000e+04 9.655330999999999619e+01
1.592200000000000000e+04 9.655338999999999317e+01
1.593200000000000000e+04 9.655347000000000435e+01
1.594200000000000000e+04 9.655356999999999346e+01
1.595200000000000000e+04 9.655365999999999360e+01
1.596200000000000000e+04 9.655377000000000010e+01
1.597200000000000000e+04 9.655388999999999555e+01
1.598200000000000000e+04 9.655401000000000522e+01
1.599200000000000000e+04 9.655414000000000385e+01
1.600199999999999818e+04 9.655428000000000566e+01
1.601200000000000000e+04 9.655442999999999643e+01
1.602199999999999818e+04 9.655456999999999823e+01
1.603200000000000000e+04 9.655473999999999535e+01
1.604200000000000182e+04 9.655491000000000668e+01
1.605200000000000000e+04 9.655508000000000379e+01
1.606200000000000182e+04 9.655526000000000408e+01
1.607200000000000000e+04 9.655544000000000437e+01
1.608200000000000000e+04 9.655563999999999680e+01
1.609199999999999818e+04 9.655585000000000662e+01
1.610200000000000000e+04 9.655607000000000539e+01
1.611199999999999818e+04 9.655628000000000100e+01
1.612200000000000000e+04 9.655651000000000295e+01
1.613200000000000182e+04 9.655674999999999386e+01
1.614200000000000000e+04 9.655698999999999899e+01
1.615200000000000182e+04 9.655723000000000411e+01
1.616199999999999818e+04 9.655749000000000137e+01
1.617200000000000000e+04 9.655776000000000181e+01
1.618199999999999818e+04 9.655803000000000225e+01
1.619200000000000000e+04 9.655831000000000586e+01
1.620200000000000182e+04 9.655858999999999526e+01
1.621200000000000000e+04 9.655888000000000204e+01
1.622200000000000182e+04 9.655919000000000096e+01
1.623200000000000000e+04 9.655949999999999989e+01
1.624200000000000000e+04 9.655980999999999881e+01
1.625199999999999818e+04 9.656014000000000408e+01
1.626200000000000000e+04 9.656046999999999514e+01
1.627199999999999818e+04 9.656081000000000358e+01
1.628200000000000000e+04 9.656116000000000099e+01
1.629200000000000182e+04 9.656150999999999840e+01
1.630200000000000000e+04 9.656185000000000684e+01
1.631200000000000182e+04 9.656221999999999639e+01
1.632200000000000000e+04 9.656259000000000015e+01
1.633200000000000000e+04 9.656297000000000708e+01
1.634199999999999818e+04 9.656337999999999511e+01
1.635200000000000000e+04 9.656377000000000521e+01
1.636199999999999818e+04 9.656417999999999324e+01
1.637200000000000000e+04 9.656458000000000652e+01
1.638200000000000182e+04 9.656499999999999773e+01
1.639200000000000000e+04 9.656542000000000314e+01
1.640200000000000000e+04 9.656584999999999752e+01
1.641200000000000000e+04 9.656628999999999508e+01
1.642200000000000000e+04 9.656673000000000684e+01
1.643200000000000000e+04 9.656717999999999336e+01
1.644200000000000000e+04 9.656766000000000361e+01
1.645200000000000000e+04 9.656811999999999330e+01
1.646200000000000000e+04 9.656859000000000037e+01
1.647200000000000000e+04 9.656905999999999324e+01
1.648200000000000000e+04 9.656954000000000349e+01
1.649200000000000000e+04 9.657005999999999801e+01
1.650200000000000000e+04 9.657054999999999723e+01
1.651200000000000000e+04 9.657104999999999961e+01
1.652200000000000000e+04 9.657156000000000518e+01
1.653200000000000000e+04 9.657210000000000605e+01
1.654200000000000000e+04 9.657262000000000057e+01
1.655200000000000000e+04 9.657313999999999510e+01
1.656200000000000000e+04 9.657371000000000549e+01
1.657200000000000000e+04 9.657424000000000319e+01
1.658200000000000000e+04 9.657478999999999303e+01
1.659200000000000000e+04 9.657537000000000660e+01
1.660200000000000000e+04 9.657591999999999643e+01
1.661200000000000000e+04 9.657652000000000214e+01
1.662200000000000000e+04 9.657707999999999515e+01
1.663200000000000000e+04 9.657765999999999451e+01
1.664200000000000000e+04 9.657827000000000339e+01
1.665200000000000000e+04 9.657886000000000593e+01
1.666200000000000000e+04 9.657948000000000377e+01
1.667100000000000000e+04 9.658003999999999678e+01
1.668200000000000000e+04 9.658071999999999946e+01
1.669300000000000000e+04 9.658141000000000531e+01
1.670100000000000000e+04 9.658191999999999666e+01
1.671200000000000000e+04 9.658262000000000569e+01
1.672300000000000000e+04 9.658333000000000368e+01
1.673100000000000000e+04 9.658386000000000138e+01
1.674200000000000000e+04 9.658458000000000254e+01
1.675300000000000000e+04 9.658530000000000371e+01
1.676100000000000000e+04 9.658584999999999354e+01
1.677200000000000000e+04 9.658659000000000106e+01
1.678300000000000000e+04 9.658733999999999753e+01
1.679100000000000000e+04 9.658790000000000475e+01
1.680200000000000000e+04 9.658866000000000440e+01
1.681300000000000000e+04 9.658942000000000405e+01
1.682100000000000000e+04 9.659000000000000341e+01
1.683200000000000000e+04 9.659077999999999520e+01
1.684300000000000000e+04 9.659156000000000120e+01
1.685100000000000000e+04 9.659215000000000373e+01
1.686200000000000000e+04 9.659295000000000186e+01
1.687300000000000000e+04 9.659375000000000000e+01
1.688100000000000000e+04 9.659435000000000571e+01
1.689200000000000000e+04 9.659516999999999598e+01
1.690000000000000000e+04 9.659578000000000486e+01
1.691100000000000000e+04 9.659659999999999513e+01
1.692200000000000000e+04 9.659744000000000597e+01
1.693000000000000000e+04 9.659806000000000381e+01
1.694100000000000000e+04 9.659890000000000043e+01
1.695200000000000000e+04 9.659975000000000023e+01
1.696000000000000000e+04 9.660039000000000442e+01
1.697100000000000000e+04 9.660124999999999318e+01
1.698200000000000000e+04 9.660211999999999932e+01
1.699000000000000000e+04 9.660277000000000669e+01
1.700100000000000000e+04 9.660365000000000180e+01
1.701200000000000000e+04 9.660452999999999690e+01
1.702000000000000000e+04 9.660518999999999323e+01
1.703100000000000000e+04 9.660608000000000573e+01
1.704200000000000000e+04 9.660697999999999297e+01
1.705000000000000000e+04 9.660765999999999565e+01
1.706100000000000000e+04 9.660855999999999710e+01
1.707200000000000000e+04 9.660948000000000491e+01
1.708000000000000000e+04 9.661015999999999337e+01
1.709100000000000000e+04 9.661109000000000435e+01
1.710200000000000000e+04 9.661200999999999794e+01
1.711000000000000000e+04 9.661271000000000697e+01
1.712100000000000000e+04 9.661365000000000691e+01
1.713200000000000000e+04 9.661459000000000685e+01
1.714000000000000000e+04 9.661530000000000484e+01
1.715100000000000000e+04 9.661624999999999375e+01
1.716200000000000000e+04 9.661719999999999686e+01
1.717000000000000000e+04 9.661791999999999803e+01
1.718100000000000000e+04 9.661888000000000432e+01
1.719200000000000000e+04 9.661984999999999957e+01
1.720000000000000000e+04 9.662058000000000391e+01
1.721100000000000000e+04 9.662154999999999916e+01
1.722200000000000000e+04 9.662252999999999759e+01
1.723000000000000000e+04 9.662327000000000510e+01
1.724100000000000000e+04 9.662426000000000670e+01
1.725200000000000000e+04 9.662524999999999409e+01
1.726000000000000000e+04 9.662599000000000160e+01
1.727100000000000000e+04 9.662699000000000638e+01
1.728200000000000000e+04 9.662798999999999694e+01
1.729000000000000000e+04 9.662874999999999659e+01
1.730100000000000000e+04 9.662975000000000136e+01
1.731200000000000000e+04 9.663076999999999828e+01
1.732000000000000000e+04 9.663152999999999793e+01
1.733100000000000000e+04 9.663254000000000588e+01
1.734200000000000000e+04 9.663357000000000596e+01
1.735000000000000000e+04 9.663433000000000561e+01
1.736100000000000000e+04 9.663536000000000570e+01
1.737200000000000000e+04 9.663639000000000578e+01
1.738000000000000000e+04 9.663715999999999440e+01
1.739100000000000000e+04 9.663819999999999766e+01
1.740200000000000000e+04 9.663924000000000092e+01
1.741000000000000000e+04 9.664002000000000692e+01
1.742100000000000000e+04 9.664105999999999597e+01
1.743200000000000000e+04 9.664209999999999923e+01
1.744000000000000000e+04 9.664288999999999419e+01
1.745100000000000000e+04 9.664394000000000062e+01
1.746200000000000000e+04 9.664499000000000706e+01
1.747000000000000000e+04 9.664578000000000202e+01
1.748100000000000000e+04 9.664682999999999424e+01
1.749200000000000000e+04 9.664789000000000385e+01
1.750000000000000000e+04 9.664867999999999881e+01
1.751100000000000000e+04 9.664973999999999421e+01
1.752200000000000000e+04 9.665080000000000382e+01
1.753300000000000000e+04 9.665187000000000239e+01
1.754100000000000000e+04 9.665265999999999735e+01
1.755200000000000000e+04 9.665372999999999593e+01
1.756300000000000000e+04 9.665479999999999450e+01
1.757100000000000000e+04 9.665560000000000684e+01
1.758200000000000000e+04 9.665666000000000224e+01
1.759300000000000000e+04 9.665773000000000081e+01
1.760100000000000000e+04 9.665852999999999895e+01
1.761200000000000000e+04 9.665959999999999752e+01
1.762300000000000000e+04 9.666066999999999609e+01
1.763100000000000000e+04 9.666146999999999423e+01
1.764200000000000000e+04 9.666254999999999598e+01
1.765300000000000000e+04 9.666361999999999455e+01
1.766100000000000000e+04 9.666442000000000689e+01
1.767200000000000000e+04 9.666549000000000547e+01
1.768200000000000000e+04 9.666656000000000404e+01
1.769100000000000000e+04 9.666736000000000217e+01
1.770200000000000000e+04 9.666843000000000075e+01
1.771200000000000000e+04 9.666949999999999932e+01
1.772100000000000000e+04 9.667029999999999745e+01
1.773100000000000000e+04 9.667136999999999603e+01
1.774200000000000000e+04 9.667243000000000563e+01
1.775100000000000000e+04 9.667323000000000377e+01
1.776100000000000000e+04 9.667430000000000234e+01
1.777200000000000000e+04 9.667535999999999774e+01
1.778000000000000000e+04 9.667615999999999588e+01
1.779100000000000000e+04 9.667722000000000548e+01
1.780200000000000000e+04 9.667826999999999771e+01
1.781000000000000000e+04 9.667906999999999584e+01
1.782100000000000000e+04 9.668012000000000228e+01
1.783200000000000000e+04 9.668116999999999450e+01
1.784000000000000000e+04 9.668196000000000367e+01
1.785100000000000000e+04 9.668300999999999590e+01
1.786200000000000000e+04 9.668406000000000233e+01
1.787000000000000000e+04 9.668483999999999412e+01
1.788100000000000000e+04 9.668587999999999738e+01
1.789200000000000000e+04 9.668692000000000064e+01
1.790000000000000000e+04 9.668769000000000347e+01
1.791100000000000000e+04 9.668873000000000673e+01
1.792200000000000000e+04 9.668975000000000364e+01
1.793000000000000000e+04 9.669052000000000646e+01
1.794100000000000000e+04 9.669155000000000655e+01
1.795200000000000000e+04 9.669256000000000029e+01
1.796000000000000000e+04 9.669333000000000311e+01
1.797100000000000000e+04 9.669433999999999685e+01
1.798200000000000000e+04 9.669534000000000162e+01
1.799000000000000000e+04 9.669610000000000127e+01
1.800100000000000000e+04 9.669710000000000605e+01
1.801200000000000000e+04 9.669808999999999344e+01
1.802000000000000000e+04 9.669883000000000095e+01
1.803100000000000000e+04 9.669982000000000255e+01
1.804200000000000000e+04 9.670080000000000098e+01
1.805000000000000000e+04 9.670153000000000532e+01
1.806100000000000000e+04 9.670250000000000057e+01
1.807200000000000000e+04 9.670346000000000686e+01
1.808200000000000000e+04 9.670441999999999894e+01
1.809100000000000000e+04 9.670514000000000010e+01
1.810100000000000000e+04 9.670609000000000322e+01
1.811200000000000000e+04 9.670703000000000316e+01
1.812000000000000000e+04 9.670772999999999797e+01
1.813100000000000000e+04 9.670865999999999474e+01
1.814200000000000000e+04 9.670958000000000254e+01
1.815000000000000000e+04 9.671026999999999418e+01
1.816100000000000000e+04 9.671117999999999881e+01
1.817200000000000000e+04 9.671208000000000027e+01
1.818000000000000000e+04 9.671276000000000295e+01
1.819100000000000000e+04 9.671365000000000123e+01
1.820200000000000000e+04 9.671452999999999633e+01
1.821000000000000000e+04 9.671518000000000370e+01
1.822100000000000000e+04 9.671604999999999563e+01
1.823200000000000000e+04 9.671690999999999860e+01
1.824000000000000000e+04 9.671755000000000280e+01
1.825100000000000000e+04 9.671838999999999942e+01
1.826200000000000000e+04 9.671922999999999604e+01
1.827000000000000000e+04 9.671984999999999388e+01
1.828100000000000000e+04 9.672065999999999519e+01
1.829200000000000000e+04 9.672146999999999650e+01
1.830000000000000000e+04 9.672207000000000221e+01
1.831100000000000000e+04 9.672285999999999717e+01
1.832200000000000000e+04 9.672365000000000634e+01
1.833000000000000000e+04 9.672422000000000253e+01
1.834100000000000000e+04 9.672499000000000535e+01
1.835100000000000000e+04 9.672574000000000183e+01
1.836000000000000000e+04 9.672629999999999484e+01
1.837000000000000000e+04 9.672702999999999918e+01
1.838100000000000000e+04 9.672775000000000034e+01
1.839200000000000000e+04 9.672845999999999833e+01
1.840000000000000000e+04 9.672898999999999603e+01
1.841100000000000000e+04 9.672968000000000188e+01
1.842200000000000000e+04 9.673035000000000139e+01
1.843000000000000000e+04 9.673085000000000377e+01
1.844100000000000000e+04 9.673151000000000010e+01
1.845200000000000000e+04 9.673215000000000430e+01
1.846000000000000000e+04 9.673263000000000034e+01
1.847100000000000000e+04 9.673324999999999818e+01
1.848200000000000000e+04 9.673385000000000389e+01
1.849000000000000000e+04 9.673430000000000462e+01
1.850100000000000000e+04 9.673488000000000397e+01
1.851200000000000000e+04 9.673545000000000016e+01
1.852000000000000000e+04 9.673587000000000558e+01
1.853100000000000000e+04 9.673641000000000645e+01
1.854200000000000000e+04 9.673694000000000415e+01
1.855000000000000000e+04 9.673733000000000004e+01
1.856100000000000000e+04 9.673783000000000243e+01
1.857100000000000000e+04 9.673832000000000164e+01
1.858000000000000000e+04 9.673868000000000222e+01
1.859000000000000000e+04 9.673914000000000613e+01
1.860100000000000000e+04 9.673958000000000368e+01
1.861200000000000000e+04 9.674000999999999806e+01
1.862000000000000000e+04 9.674031999999999698e+01
1.863100000000000000e+04 9.674071999999999605e+01
1.864200000000000000e+04 9.674111000000000615e+01
1.865000000000000000e+04 9.674138000000000659e+01
1.866100000000000000e+04 9.674173000000000400e+01
1.867200000000000000e+04 9.674206999999999823e+01
1.868000000000000000e+04 9.674231000000000336e+01
1.869100000000000000e+04 9.674260999999999910e+01
1.870200000000000000e+04 9.674290000000000589e+01
1.871000000000000000e+04 9.674309999999999832e+01
1.872100000000000000e+04 9.674335000000000662e+01
1.873200000000000000e+04 9.674358999999999753e+01
1.874000000000000000e+04 9.674375000000000568e+01
1.875100000000000000e+04 9.674394999999999811e+01
1.876100000000000000e+04 9.674412999999999840e+01
1.877000000000000000e+04 9.674424999999999386e+01
1.878000000000000000e+04 9.674439999999999884e+01
1.879100000000000000e+04 9.674451999999999430e+01
1.879900000000000000e+04 9.674460000000000548e+01
1.881000000000000000e+04 9.674469000000000563e+01
1.882100000000000000e+04 9.674475999999999942e+01
1.883200000000000000e+04 9.674481000000000108e+01
1.884000000000000000e+04 9.674482999999999322e+01
1.885100000000000000e+04 9.674482999999999322e+01
1.886200000000000000e+04 9.674482000000000426e+01
1.887000000000000000e+04 9.674478999999999473e+01
1.888100000000000000e+04 9.674473999999999307e+01
1.889200000000000000e+04 9.674465999999999610e+01
1.890000000000000000e+04 9.674459000000000231e+01
1.891100000000000000e+04 9.674447000000000685e+01
1.892100000000000000e+04 9.674433000000000504e+01
1.893000000000000000e+04 9.674420000000000641e+01
1.894000000000000000e+04 9.674402000000000612e+01
1.895100000000000000e+04 9.674380999999999631e+01
1.895900000000000000e+04 9.674363999999999919e+01
1.897000000000000000e+04 9.674338000000000193e+01
1.898100000000000000e+04 9.674311000000000149e+01
1.898900000000000000e+04 9.674287999999999954e+01
1.900000000000000000e+04 9.674255999999999744e+01
1.901100000000000000e+04 9.674221000000000004e+01
1.902200000000000000e+04 9.674182999999999311e+01
1.903000000000000000e+04 9.674152999999999736e+01
1.904100000000000000e+04 9.674110000000000298e+01
1.905200000000000000e+04 9.674065000000000225e+01
1.906000000000000000e+04 9.674030000000000484e+01
1.907100000000000000e+04 9.673980000000000246e+01
1.908100000000000000e+04 9.673927000000000476e+01
1.909000000000000000e+04 9.673884999999999934e+01
1.910000000000000000e+04 9.673826999999999998e+01
1.911100000000000000e+04 9.673766999999999427e+01
1.911900000000000000e+04 9.673718999999999824e+01
1.913000000000000000e+04 9.673653000000000191e+01
1.914100000000000000e+04 9.673583999999999605e+01
1.914900000000000000e+04 9.673529999999999518e+01
1.916000000000000000e+04 9.673456000000000188e+01
1.917100000000000000e+04 9.673378999999999905e+01
1.918200000000000000e+04 9.673297999999999774e+01
1.919000000000000000e+04 9.673234999999999673e+01
1.920100000000000000e+04 9.673148999999999376e+01
1.921100000000000000e+04 9.673059999999999548e+01
1.922000000000000000e+04 9.672991000000000383e+01
1.923000000000000000e+04 9.672896000000000072e+01
1.924100000000000000e+04 9.672796999999999912e+01
1.924900000000000000e+04 9.672720999999999947e+01
1.926000000000000000e+04 9.672616999999999621e+01
1.927100000000000000e+04 9.672508999999999446e+01
1.927900000000000000e+04 9.672426000000000101e+01
1.929000000000000000e+04 9.672312999999999761e+01
1.930100000000000000e+04 9.672195000000000675e+01
1.931200000000000000e+04 9.672074999999999534e+01
1.932000000000000000e+04 9.671981999999999857e+01
1.933100000000000000e+04 9.671854999999999336e+01
1.934100000000000000e+04 9.671724000000000387e+01
1.935000000000000000e+04 9.671622999999999593e+01
1.936000000000000000e+04 9.671486000000000161e+01
1.937100000000000000e+04 9.671344999999999459e+01
1.937900000000000000e+04 9.671237000000000705e+01
1.939000000000000000e+04 9.671089999999999520e+01
1.940100000000000000e+04 9.670937999999999590e+01
1.940900000000000000e+04 9.670821999999999719e+01
1.942000000000000000e+04 9.670663999999999305e+01
1.943100000000000000e+04 9.670502000000000464e+01
1.943900000000000000e+04 9.670377999999999474e+01
1.945000000000000000e+04 9.670207999999999515e+01
1.946100000000000000e+04 9.670035000000000025e+01
1.947100000000000000e+04 9.669858000000000686e+01
1.948000000000000000e+04 9.669722000000000151e+01
1.949000000000000000e+04 9.669538000000000011e+01
1.950100000000000000e+04 9.669348999999999705e+01
1.950900000000000000e+04 9.669204999999999472e+01
1.952000000000000000e+04 9.669008999999999787e+01
1.953100000000000000e+04 9.668807999999999936e+01
1.953900000000000000e+04 9.668654999999999688e+01
1.955000000000000000e+04 9.668447000000000457e+01
1.956100000000000000e+04 9.668234999999999957e+01
1.956900000000000000e+04 9.668071999999999377e+01
1.958000000000000000e+04 9.667852000000000601e+01
1.959100000000000000e+04 9.667627000000000237e+01
1.960100000000000000e+04 9.667398000000000025e+01
1.961000000000000000e+04 9.667222999999999900e+01
1.962000000000000000e+04 9.666984999999999673e+01
1.963100000000000000e+04 9.666742999999999597e+01
1.963900000000000000e+04 9.666558999999999457e+01
1.965000000000000000e+04 9.666307999999999367e+01
1.966100000000000000e+04 9.666052999999999429e+01
1.966900000000000000e+04 9.665859000000000378e+01
1.968000000000000000e+04 9.665595000000000425e+01
1.969100000000000000e+04 9.665327000000000623e+01
1.970100000000000000e+04 9.665053000000000338e+01
1.971000000000000000e+04 9.664844999999999686e+01
1.972000000000000000e+04 9.664562999999999704e+01
1.973100000000000000e+04 9.664275000000000659e+01
1.973900000000000000e+04 9.664056999999999675e+01
1.975000000000000000e+04 9.663760000000000616e+01
1.976100000000000000e+04 9.663459000000000287e+01
1.976900000000000000e+04 9.663228999999999758e+01
1.978000000000000000e+04 9.662918999999999414e+01
1.979100000000000000e+04 9.662603000000000009e+01
1.979900000000000000e+04 9.662363000000000568e+01
1.981000000000000000e+04 9.662036999999999409e+01
1.982000000000000000e+04 9.661706999999999823e+01
1.983100000000000000e+04 9.661370999999999754e+01
1.983900000000000000e+04 9.661114999999999498e+01
1.985000000000000000e+04 9.660769000000000517e+01
1.986100000000000000e+04 9.660417999999999950e+01
1.986900000000000000e+04 9.660150000000000148e+01
1.988000000000000000e+04 9.659789000000000669e+01
1.989100000000000000e+04 9.659422000000000708e+01
1.989900000000000000e+04 9.659143000000000256e+01
1.991000000000000000e+04 9.658765999999999963e+01
1.992100000000000000e+04 9.658383000000000607e+01
1.993100000000000000e+04 9.657993999999999346e+01
1.993900000000000000e+04 9.657698999999999501e+01
1.995000000000000000e+04 9.657299999999999329e+01
1.996100000000000000e+04 9.656893999999999778e+01
1.996900000000000000e+04 9.656586000000000070e+01
1.998000000000000000e+04 9.656171000000000504e+01
1.999100000000000000e+04 9.655749000000000137e+01
1.999900000000000000e+04 9.655428000000000566e+01
