94.52084
94.5444
94.57534
94.60575
94.62822
94.65771
94.68669
94.70808
94.73616
94.76373
94.7908
94.81078
94.83698
94.86268
94.88164
94.9065
94.93088
94.94885
94.97239
94.99546
95.01807
95.03473
95.05653
95.07788
95.09359
95.11415
95.13427
95.14907
95.16842
95.18733
95.20124
95.2194
95.23714
95.25447
95.26718
95.28378
95.29997
95.31184
95.32732
95.3424
95.35345
95.36783
95.38183
95.39544
95.4054
95.41835
95.43092
95.4401
95.45202
95.46357
95.47199
95.48291
95.49347
95.50116
95.5111
95.5207
95.52995
95.53666
95.54532
95.55363
95.55966
95.5674
95.57481
95.58016
95.58701
95.59354
95.59823
95.60422
95.60989
95.61395
95.61909
95.62393
95.62847
95.63169
95.63572
95.63946
95.64208
95.64533
95.64829
95.65033
95.65281
95.65502
95.6565
95.65824
95.65972
95.66093
95.66167
95.66244
95.66295
95.66317
95.66324
95.66307
95.66278
95.66219
95.66136
95.66058
95.65934
95.65787
95.65662
95.65475
95.65266
95.65035
95.64847
95.64578
95.64288
95.64057
95.6373
95.63383
95.63109
95.62727
95.62324
95.62009
95.61573
95.61117
95.60763
95.60274
95.59767
95.59375
95.58836
95.58279
95.57705
95.57263
95.56659
95.56038
95.55561
95.54911
95.54244
95.53734
95.5304
95.5233
95.51788
95.51051
95.50299
95.49726
95.48949
95.48157
95.47554
95.46738
95.45908
95.45277
95.44423
95.43556
95.42677
95.42009
95.41107
95.40193
95.39499
95.38564
95.37617
95.36899
95.35932
95.34953
95.34212
95.33215
95.32207
95.31443
95.30417
95.2938
95.28596
95.27542
95.26479
95.25675
95.24595
95.23506
95.22409
95.21579
95.20467
95.19345
95.18499
95.17363
95.1622
95.15357
95.142
95.13036
95.12158
95.10981
95.09797
95.08905
95.0771
95.06508
95.05602
95.0439
95.03171
95.02253
95.01024
94.9979
94.98861
94.97617
94.96368
94.95428
94.94171
94.92909
94.9196
94.9069
94.89416
94.88138
94.87177
94.85892
94.84604
94.83635
94.82341
94.81043
94.80067
94.78764
94.77458
94.76477
94.75166
94.73853
94.72866
94.71549
94.7023
94.69239
94.67917
94.66592
94.65598
94.64271
94.62942
94.61945
94.60615
94.59283
94.58284
94.56951
94.55617
94.54617
94.53282
94.51947
94.50946
94.49611
94.48276
94.47275
94.4594
94.44605
94.43605
94.42271
94.40938
94.39939
94.38607
94.37277
94.36279
94.34951
94.33623
94.32628
94.31303
94.2998
94.28988
94.27668
94.26349
94.25361
94.24046
94.22733
94.21422
94.2044
94.19133
94.17829
94.16852
94.15552
94.14255
94.13284
94.11992
94.10703
94.09738
94.08454
94.07173
94.06215
94.04941
94.03669
94.02718
94.01453
94.00192
93.99249
93.97994
93.96744
93.95808
93.94565
93.93325
93.92399
93.91167
93.89939
93.89021
93.87801
93.86586
93.85678
93.84471
93.83268
93.8237
93.81176
93.79987
93.79099
93.77919
93.76744
93.75866
93.747
93.7354
93.72673
93.76522
93.75377
93.74521
93.78386
93.77256
93.76412
93.75292
93.79178
93.78346
93.77242
93.76144
93.80325
93.79238
93.78157
93.7735
93.81279
93.80215
93.79422
93.83369
93.82583
93.81542
93.80506
93.79734
93.83711
93.82694
93.81935
93.8093
93.84931
93.84187
93.832
93.8222
93.8649
93.85522
93.84562
93.83846
93.82897
93.81956
93.81255
93.80326
93.79404
93.78633
93.7778
93.76974
93.76132
93.75338
93.74548
93.73723
93.72945
93.72132
93.71365
93.70604
93.69808
93.69058
93.68314
93.67536
93.66804
93.66077
93.65355
93.64602
93.63893
93.6319
93.62492
93.618
93.61079
93.65399
93.64726
93.64058
93.63397
93.62742
93.62093
93.6645
93.65813
93.65182
93.64525
93.63907
93.63296
93.67691
93.67123
93.6653
93.65944
93.65364
93.6479
93.69223
93.68663
93.68108
93.67561
93.6702
93.66513
93.65985
93.70463
93.69948
93.6944
93.68965
93.68469
93.67981
93.67499
93.67048
93.7158
93.71118
93.70663
93.70238
93.69796
93.69384
93.68955
93.68534
93.68141
93.67732
93.67331
93.66957
93.6657
93.66209
93.65835
93.65487
93.65126
93.64791
93.64445
93.64122
93.63789
93.6348
93.63161
93.62865
93.62575
93.62277
93.62
93.61715
93.61452
93.61195
93.6093
93.60687
93.60449
93.60206
93.59982
93.59764
93.59552
93.59336
93.59138
93.58947
93.58762
93.58573
93.58401
93.58236
93.58077
93.57924
93.57778
93.57631
93.57499
93.57372
93.57252
93.57139
93.57032
93.56932
93.56838
93.56751
93.5667
93.56595
93.56527
93.56465
93.5641
93.56361
93.56319
93.56283
93.56254
93.56231
93.56215
93.56204
93.56201
93.56204
93.56213
93.56228
93.56249
93.56277
93.56311
93.56352
93.56399
93.56453
93.56509
93.56575
93.56647
93.56726
93.56806
93.56896
93.56993
93.57097
93.572
93.57316
93.57438
93.57566
93.57692
93.57833
93.57979
93.58123
93.58282
93.58437
93.58607
93.58784
93.58956
93.59145
93.59329
93.59529
93.59736
93.59936
93.60155
93.60366
93.60596
93.60819
93.61061
93.61294
93.61548
93.61792
93.62057
93.62313
93.62573
93.62855
93.63127
93.6342
93.63702
93.6399
93.643
93.64598
93.64919
93.65227
93.65541
93.65879
93.66203
93.66532
93.66886
93.67225
93.67569
93.67919
93.68294
93.68654
93.69018
93.69387
93.69784
93.70163
93.70547
93.70936
93.7133
93.71752
93.67155
93.67563
93.67976
93.68394
93.68816
93.69268
93.697
93.70136
93.70577
93.66022
93.66472
93.66927
93.67386
93.67849
93.68317
93.68789
93.69266
93.64747
93.65232
93.65721
93.66215
93.66713
93.67216
93.67722
93.63233
93.63748
93.64267
93.6479
93.65318
93.65849
93.66384
93.61924
93.62467
93.63014
93.63566
93.64088
93.64647
93.60209
93.60776
93.61346
93.6192
93.62464
93.63045
93.6363
93.64218
93.64811
93.65371
93.65971
93.66573
93.67179
93.67753
93.68366
93.68983
93.69602
93.70189
93.70815
93.71445
93.7204
93.72676
93.73316
93.7392
93.74566
93.75214
93.75827
93.76482
93.7714
93.77761
93.78425
93.79091
93.79721
93.80393
93.81028
93.81706
93.82346
93.83029
93.83714
93.84362
93.80053
93.80706
93.81402
93.82059
93.82761
93.78423
93.79129
93.79795
93.80506
93.81177
93.76892
93.77567
93.78245
93.78967
93.79648
93.75374
93.7606
93.7679
93.77479
93.78171
93.73907
93.74602
93.75298
93.76041
93.76741
93.72486
93.7319
93.73895
93.74602
93.75354
93.71064
93.71776
93.72533
93.73247
93.68963
93.69725
93.70444
93.71163
93.71884
93.67652
93.68376
93.69101
93.69827
93.70599
93.71328
93.72057
93.72787
93.73519
93.74297
93.75031
93.75765
93.765
93.77236
93.77973
93.78711
93.79496
93.80235
93.80975
93.81716
93.82458
93.832
93.83942
93.84685
93.85429
93.8622
93.86965
93.8771
93.88456
93.89202
93.89948
93.90695
93.91442
93.92189
93.92936
93.93684
93.94432
93.9518
93.95928
93.96677
93.97425
93.98173
93.98922
93.9967
94.00418
94.01166
94.01914
94.02616
94.03363
94.04111
94.04858
94.05605
94.06352
94.07098
94.07845
94.0859
94.09335
94.10034
94.10778
94.11522
94.12266
94.13008
94.13751
94.14446
94.15187
94.15927
94.16667
94.17406
94.18144
94.18835
94.19572
94.20308
94.21043
94.21731
94.22464
94.23196
94.23928
94.24612
94.25341
94.2607
94.26797
94.27477
94.28202
94.28926
94.29603
94.30325
94.31045
94.31763
94.32436
94.33152
94.33867
94.34536
94.35248
94.35914
94.36624
94.37331
94.37993
94.38698
94.39401
94.40059
94.40759
94.41414
94.42111
94.42806
94.43456
94.44148
94.44794
94.45482
94.46126
94.46811
94.47493
94.48131
94.4881
94.49445
94.5012
94.50751
94.51422
94.5205
94.52717
94.5334
94.54003
94.54623
94.55281
94.55897
94.56551
94.57163
94.57813
94.5842
94.59025
94.59669
94.6027
94.60908
94.61505
94.62139
94.62731
94.63321
94.63947
94.64533
94.65154
94.65735
94.66313
94.66928
94.67501
94.6811
94.68679
94.69245
94.69846
94.70407
94.70966
94.7156
94.72113
94.72664
94.73249
94.73795
94.74339
94.74916
94.75454
94.75989
94.76522
94.77087
94.77615
94.78139
94.78696
94.79215
94.79731
94.80245
94.8079
94.81298
94.81803
94.82305
94.82805
94.83334
94.83828
94.84319
94.84807
94.85324
94.85806
94.86285
94.86761
94.87234
94.87704
94.88202
94.88666
94.89126
94.89584
94.90039
94.90491
94.90969
94.91415
94.91857
94.92296
94.92732
94.93165
94.93595
94.94021
94.94445
94.94893
94.9531
94.95724
94.96134
94.96541
94.96945
94.97346
94.97743
94.98137
94.98528
94.98916
94.993
94.99681
95.00059
95.00433
95.00804
95.01171
95.01536
95.01897
95.02254
95.02608
95.02959
95.03306
95.0365
95.0399
95.04327
95.04661
95.04991
95.05318
95.05641
95.0596
95.06277
95.06589
95.06898
95.07204
95.07506
95.07805
95.081
95.08392
95.0868
95.08964
95.09227
95.09505
95.09779
95.10049
95.10316
95.1058
95.1084
95.11096
95.11349
95.11581
95.11827
95.12069
95.12308
95.12543
95.12774
95.12987
95.13211
95.13432
95.13649
95.13863
95.14072
95.14265
95.14468
95.14667
95.14863
95.15055
95.15231
95.15416
95.15597
95.15775
95.15949
95.16108
95.16275
95.16439
95.16598
95.16744
95.16897
95.17046
95.17192
95.17324
95.17463
95.17598
95.1772
95.17848
95.17972
95.18093
95.18202
95.18316
95.18426
95.18525
95.18628
95.18728
95.18818
95.1891
95.18999
95.19084
95.19161
95.19239
95.19309
95.19381
95.19449
95.19509
95.1957
95.19627
95.19678
95.19729
95.19776
95.19817
95.19857
95.19891
95.19925
95.19955
95.1998
95.20003
95.20022
95.20039
95.20052
95.20061
95.20067
95.2007
95.2007
95.20067
95.2006
95.2005
95.20038
95.20021
95.20003
95.1998
95.19955
95.19925
95.19895
95.19859
95.19822
95.1978
95.19737
95.19688
95.19636
95.19585
95.19527
95.19469
95.19405
95.19342
95.19276
95.19202
95.19131
95.19051
95.18974
95.18888
95.18805
95.18713
95.18625
95.18527
95.18433
95.18329
95.1823
95.18128
95.18016
95.17908
95.1779
95.17677
95.17554
95.17436
95.17315
95.17183
95.17057
95.1692
95.16789
95.16656
95.1651
95.16372
95.16221
95.16077
95.15932
95.15773
95.15622
95.15469
95.15303
95.15145
95.14985
95.14811
95.14647
95.14468
95.14299
95.14127
95.13941
95.13765
95.13587
95.13394
95.13211
95.13027
95.1284
95.12638
95.12447
95.12254
95.12045
95.11848
95.1165
95.11434
95.11231
95.11027
95.1082
95.10596
95.10386
95.10173
95.09959
95.09728
95.0951
95.0929
95.09053
95.0883
95.08605
95.08379
95.08151
95.07905
95.07673
95.0744
95.07206
95.06953
95.06715
95.06476
95.06235
95.05993
95.05732
95.05487
95.05241
95.04993
95.04744
95.04476
95.04224
95.03972
95.03717
95.03462
95.03187
95.02929
95.0267
95.0241
95.02149
95.01887
95.01605
95.01341
95.01075
95.00809
95.00542
95.00274
95.00005
94.99716
94.99445
94.99173
94.98901
94.98628
94.98354
94.98079
94.97804
94.97528
94.97232
94.96954
94.96677
94.96398
94.96119
94.9584
94.9556
94.9528
94.94999
94.94718
94.94436
94.94155
94.93852
94.9357
94.93287
94.93004
94.92721
94.92438
94.92154
94.91871
94.91587
94.91303
94.9102
94.90736
94.90452
94.90168
94.89885
94.89601
94.89318
94.89035
94.88752
94.88469
94.88186
94.87904
94.87622
94.87341
94.87059
94.86779
94.86498
94.86218
94.85939
94.8566
94.85382
94.85104
94.84827
94.8455
94.84274
94.83999
94.83724
94.83451
94.83178
94.82906
94.82634
94.82364
94.82095
94.81826
94.81558
94.81292
94.81045
94.80781
94.80517
94.80255
94.79994
94.79734
94.79475
94.79217
94.78961
94.78706
94.78453
94.782
94.77967
94.77718
94.7747
94.77223
94.76978
94.76735
94.76493
94.76252
94.76014
94.75794
94.75558
94.75325
94.75093
94.74863
94.74635
94.74408
94.742
94.73977
94.73757
94.73538
94.73321
94.73107
94.72894
94.72699
94.7249
94.72284
94.7208
94.71878
94.71679
94.71496
94.71301
94.71108
94.70918
94.7073
94.70558
94.70375
94.70194
94.70016
94.69841
94.69668
94.6951
94.69343
94.69178
94.69016
94.68868
94.68711
94.68557
94.68406
94.68258
94.68123
94.67981
94.67841
94.67705
94.67581
94.6745
94.67323
94.67199
94.67086
94.66968
94.66853
94.66742
94.66641
94.66536
94.66434
94.66336
94.66248
94.66156
94.66067
94.65983
94.65907
94.65829
94.65755
94.65689
94.65622
94.65558
94.65498
94.65446
94.65393
94.65344
94.65302
94.65261
94.65223
94.65192
94.65162
94.65136
94.65114
94.65098
94.65083
94.65073
94.65068
94.65066
94.65068
94.65073
94.65084
94.65098
94.65115
94.65138
94.65165
94.65194
94.6523
94.6527
94.65311
94.6536
94.65413
94.65466
94.65528
94.6559
94.6566
94.65736
94.6581
94.65894
94.65983
94.6607
94.66168
94.66264
94.66371
94.66484
94.66592
94.66714
94.66841
94.66963
94.67099
94.6723
94.67375
94.67526
94.67671
94.67831
94.67985
94.68155
94.68331
94.68498
94.68684
94.68861
94.69056
94.69243
94.69448
94.69659
94.6986
94.70081
94.70292
94.70523
94.70743
94.70985
94.71232
94.71467
94.71725
94.7197
94.72238
94.72492
94.72772
94.73036
94.73326
94.736
94.73901
94.74208
94.74497
94.74815
94.75114
94.75443
94.75753
94.76092
94.76412
94.76763
94.77093
94.77455
94.77796
94.78169
94.7852
94.78904
94.79266
94.79662
94.80034
94.80441
94.80824
94.81242
94.81636
94.82066
94.8247
94.82911
94.83326
94.83779
94.84204
94.84669
94.85105
94.85581
94.86028
94.86516
94.86974
94.87473
94.87942
94.88417
94.88933
94.89418
94.89947
94.90443
94.90983
94.9149
94.92042
94.9256
94.93123
94.93652
94.94187
94.94768
94.95313
94.95906
94.96462
94.97067
94.97635
94.98207
94.9883
94.99413
95.00047
95.00642
95.01288
95.01894
95.02505
95.03168
95.0379
95.04466
95.05099
95.05737
95.0643
95.07079
95.07784
95.08444
95.09161
95.09832
95.10508
95.11242
95.11929
95.12622
95.13373
95.14076
95.14839
95.15553
95.16273
95.17053
95.17783
95.18575
95.19316
95.20062
95.20871
95.21627
95.22389
95.23215
95.23987
95.24824
95.25607
95.26395
95.27249
95.28047
95.28851
95.29721
95.30535
95.31354
95.32241
95.3307
95.33903
95.34807
95.35651
95.365
95.37419
95.38278
95.39142
95.40077
95.40951
95.41829
95.4278
95.43668
95.44561
95.45527
95.4643
95.47336
95.48318
95.49235
95.50156
95.51152
95.52083
95.53017
95.54029
95.54973
95.55921
95.56874
95.57904
95.58866
95.59831
95.60876
95.6185
95.62829
95.63888
95.64875
95.65866
95.66861
95.67937
95.6894
95.69948
95.71037
95.72052
95.73071
95.74094
95.752
95.76231
95.77265
95.78303
95.79424
95.8047
95.81518
95.82652
95.83707
95.84767
95.85829
95.86977
95.88046
95.89119
95.90194
95.91356
95.92438
95.93523
95.94611
95.95786
95.9688
95.97976
95.99076
96.00263
96.01368
96.02475
96.03585
96.04783
96.05899
96.07016
96.08136
96.09312
96.10458
96.1158
96.12733
96.13888
96.15047
96.16209
96.17347
96.18515
96.19659
96.20833
96.21983
96.23162
96.24317
96.25502
96.26662
96.27824
96.28989
96.30184
96.31353
96.32524
96.33697
96.34873
96.3605
96.37229
96.38382
96.39564
96.40748
96.41934
96.43092
96.44281
96.4547
96.46633
96.47825
96.48989
96.50183
96.5135
96.52545
96.53713
96.54881
96.5605
96.57247
96.58417
96.59586
96.60756
96.61926
96.63096
96.64265
96.65434
96.66603
96.67771
96.68939
96.70078
96.71244
96.72409
96.73574
96.74709
96.75871
96.77004
96.78163
96.79293
96.80449
96.81576
96.82728
96.83851
96.84972
96.86118
96.87235
96.88348
96.8946
96.90569
96.91703
96.92806
96.93906
96.95003
96.96098
96.97188
96.98276
96.99332
97.00412
97.01489
97.02561
97.03629
97.04667
97.05726
97.06782
97.07806
97.08852
97.09893
97.10903
97.11934
97.12934
97.13928
97.14943
97.15926
97.16929
97.17901
97.18868
97.19828
97.20806
97.21753
97.22694
97.23628
97.24555
97.25475
97.26388
97.27317
97.28215
97.29082
97.29965
97.3084
97.31707
97.32565
97.33415
97.34256
97.35068
97.35891
97.36706
97.37511
97.38287
97.39074
97.3985
97.40597
97.41354
97.42081
97.42817
97.43524
97.44238
97.44924
97.45616
97.4628
97.46932
97.4759
97.48219
97.48837
97.49443
97.50052
97.50633
97.51202
97.51758
97.52302
97.52832
97.53363
97.53866
97.54356
97.54831
97.55293
97.55741
97.56174
97.56582
97.56986
97.57374
97.57748
97.58106
97.58449
97.58767
97.59077
97.59372
97.59649
97.59904
97.60148
97.60375
97.60579
97.60771
97.60941
97.61097
97.61235
97.61352
97.61453
97.61532
97.61594
97.61638
97.61661
97.61665
97.6165
97.61614
97.61558
97.61482
97.61386
97.61267
97.61129
97.6097
97.6079
97.60589
97.60359
97.60113
97.59845
97.59554
97.59241
97.58904
97.58544
97.58161
97.57754
97.57322
97.56867
97.56386
97.55881
97.5535
97.54794
97.54213
97.53622
97.52989
97.52329
97.51642
97.50928
97.50187
97.49439
97.48643
97.47819
97.46989
97.46108
97.45198
97.44284
97.43315
97.42316
97.41315
97.40257
97.39196
97.38076
97.36956
97.35773
97.34591
97.33344
97.32099
97.30788
97.29479
97.28101
97.26727
97.25321
97.23841
97.22368
97.20861
97.19276
97.17701
97.1609
97.14399
97.12718
97.11001
97.09248
97.0746
97.41319
97.96245
97.53075
97.60982
97.68489
97.72349
97.7285
97.83036
97.86099
97.78228
97.89036
97.95155
97.87397
97.7617
97.94372
97.74781
97.762
97.66671
97.76758
97.57246
97.65379
97.57335
97.66984
97.57553
97.52902
97.50364
97.62068
97.64533
97.66509
97.73465
97.66901
97.56924
97.55133
97.46848
97.4457
97.38536
97.28256
97.32427
97.30809
97.303
97.31654
97.33033
97.33822
97.29768
97.32928
97.39248
97.44084
97.42631
97.43602
97.49434
97.51705
97.53966
97.49149
97.47835
97.43348
97.3972
97.41255
97.41509
97.33322
97.31077
97.29006
97.33803
97.29616
97.28964
97.30797
97.34998
97.33557
97.27047
97.21322
97.17237
97.08587
97.04198
97.06304
96.97801
96.9847
97.02648
97.00348
97.0206
97.03133
97.03694
97.05069
97.10179
97.09777
97.05476
97.05152
97.02058
96.96898
96.95895
96.936
96.94678
96.92718
96.89125
96.81025
96.76778
96.72856
96.68686
96.65591
96.62972
96.63002
96.62198
96.6184
96.61616
96.59336
96.58602
96.56204
96.52082
96.47906
96.42727
96.41366
96.41517
96.40653
96.39732
96.34806
96.27059
96.23754
96.18373
96.15371
96.13465
96.11516
96.08721
96.0617
96.01965
95.93556
95.92481
95.79235
95.71852
95.68641
95.65476
95.61823
95.56487
95.50566
95.4456
95.37954
95.31375
95.24786
95.19338
95.10599
94.99305
94.93246
94.90032
94.7934
94.65098
94.53627
94.43797
94.33786
94.20702
94.07945
93.91874
93.71844
93.56052
93.41178
93.22341
92.98873
92.73971
92.49448
92.24922
91.94623
91.61072
91.25166
90.88332
90.44656
89.91113
89.33721
88.74057
88.07686
87.3481
86.52868
85.61923
84.60663
83.49945
82.32966
81.11244
79.36682
78.1717
77.19452
76.38739
75.83494
75.57383
75.60228
75.82467
76.2337
76.72559
77.28085
77.86717
78.40275
78.93814
79.42987
79.91451
80.36613
80.80336
81.22939
81.64507
82.05546
82.46741
82.87215
83.2882
83.71406
84.11509
84.55728
84.95972
85.41203
85.80413
86.24543
86.67798
87.09548
87.54318
87.97545
88.37606
88.76177
89.17204
89.57424
89.96743
90.33894
90.7007
91.01685
91.3691
91.66655
91.9448
92.1619
92.38531
92.56241
92.72529
92.80612
92.89916
92.90014
92.81035
92.61661
92.36918
91.97705
91.426
90.82423
90.30715
90.47026
89.6878
87.83799
85.20445
84.48405
81.06189
77.86905