0.300
0.310
0.320
0.330
0.340
0.350
0.360
0.370
0.380
0.390
0.400
0.410
0.420
0.430
0.440
0.450
0.460
0.470
0.480
0.490
0.500
0.510
0.520
0.530
0.540
0.550
0.560
0.570
0.580
0.590
0.600
0.610
0.620
0.630
0.640
0.650
0.660
0.670
0.680
0.690
0.700
0.710
0.720
0.730
0.740
0.750
0.760
0.770
0.780
0.790
0.800
0.810
0.820
0.830
0.840
0.850
0.860
0.870
0.880
0.890
0.900
0.910
0.920
0.930
0.940
0.950
0.960
0.970
0.980
0.990
1.000
1.010
1.020
1.030
1.040
1.050
1.060
1.070
1.080
1.090
1.100
1.110
1.120
1.130
1.140
1.150
1.160
1.170
1.180
1.190
1.200
1.210
1.220
1.230
1.240
1.250
1.260
1.270
1.280
1.290
1.300
1.310
1.320
1.330
1.340
1.350
1.360
1.370
1.380
1.390
1.400
1.410
1.420
1.430
1.440
1.450
1.460
1.470
1.480
1.490
1.500
1.510
1.520
1.530
1.540
1.550
1.560
1.570
1.580
1.590
1.600
1.610
1.620
1.630
1.640
1.650
1.660
1.670
1.680
1.690
1.700
1.710
1.720
1.730
1.740
1.750
1.760
1.770
1.780
1.790
1.800
1.810
1.820
1.830
1.840
1.850
1.860
1.870
1.880
1.890
1.900
1.910
1.920
1.930
1.940
1.950
1.960
1.970
1.980
1.990
2.000
2.010
2.020
2.030
2.040
2.050
2.060
2.070
2.080
2.090
2.100
2.110
2.120
2.130
2.140
2.150
2.160
2.170
2.180
2.190
2.200
2.210
2.220
2.230
2.240
2.250
2.260
2.270
2.280
2.290
2.300
2.310
2.320
2.330
2.340
2.350
2.360
2.370
2.380
2.390
2.400
2.410
2.420
2.430
2.440
2.450
2.460
2.470
2.480
2.490
2.500
2.510
2.520
2.530
2.540
2.550
2.560
2.570
2.580
2.590
2.600
2.610
2.620
2.630
2.640
2.650
2.660
2.670
2.680
2.690
2.700
2.710
2.720
2.730
2.739
2.750
2.760
2.770
2.780
2.790
2.800
2.810
2.820
2.830
2.839
2.850
2.859
2.870
2.880
2.889
2.900
2.910
2.919
2.929
2.940
2.949
2.959
2.969
2.980
2.990
3.000
3.009
3.019
3.029
3.039
3.049
3.059
3.069
3.079
3.089
3.099
3.109
3.119
3.129
3.139
3.149
3.159
3.169
3.179
3.189
3.199
3.209
3.219
3.229
3.239
3.249
3.259
3.269
3.279
3.289
3.299
3.309
3.319
3.329
3.339
3.349
3.359
3.369
3.379
3.389
3.399
3.409
3.419
3.429
3.439
3.449
3.459
3.469
3.479
3.489
3.499
3.509
3.519
3.529
3.539
3.549
3.559
3.569
3.579
3.589
3.599
3.609
3.619
3.629
3.639
3.649
3.659
3.669
3.679
3.689
3.699
3.709
3.719
3.729
3.739
3.749
3.759
3.769
3.779
3.789
3.799
3.809
3.819
3.829
3.839
3.849
3.859
3.869
3.879
3.889
3.899
3.909
3.919
3.929
3.939
3.949
3.959
3.969
3.979
3.989
3.999
4.009
4.019
4.029
4.039
4.049
4.059
4.069
4.079
4.089
4.099
4.109
4.119
4.129
4.139
4.149
4.159
4.169
4.179
4.189
4.199
4.209
4.219
4.229
4.239
4.249
4.259
4.269
4.279
4.289
4.299
4.309
4.319
4.329
4.339
4.349
4.359
4.369
4.379
4.389
4.399
4.409
4.419
4.429
4.439
4.449
4.459
4.469
4.479
4.489
4.499
4.509
4.519
4.529
4.539
4.549
4.559
4.569
4.579
4.588
4.599
4.609
4.619
4.628
4.639
4.648
4.659
4.668
4.679
4.688
4.699
4.709
4.718
4.729
4.739
4.749
4.758
4.768
4.778
4.788
4.798
4.808
4.818
4.829
4.838
4.848
4.858
4.868
4.878
4.889
4.898
4.908
4.918
4.928
4.938
4.948
4.958
4.968
4.978
4.988
4.998
5.009
5.018
5.028
5.038
5.049
5.058
5.068
5.078
5.089
5.098
5.108
5.118
5.129
5.138
5.148
5.158
5.169
5.178
5.188
5.198
5.208
5.218
5.228
5.238
5.248
5.258
5.268
5.279
5.288
5.298
5.308
5.318
5.328
5.338
5.348
5.358
5.368
5.378
5.388
5.398
5.408
5.418
5.428
5.438
5.448
5.458
5.468
5.478
5.488
5.498
5.508
5.518
5.528
5.538
5.548
5.558
5.568
5.578
5.588
5.598
5.608
5.618
5.628
5.638
5.648
5.658
5.668
5.678
5.688
5.698
5.708
5.718
5.728
5.738
5.748
5.758
5.768
5.778
5.788
5.798
5.808
5.818
5.828
5.838
5.847
5.858
5.868
5.878
5.888
5.898
5.908
5.918
5.927
5.938
5.948
5.958
5.968
5.978
5.988
5.998
6.008
6.018
6.028
6.038
6.048
6.057
6.068
6.078
6.088
6.098
6.108
6.118
6.127
6.138
6.148
6.158
6.168
6.177
6.188
6.197
6.208
6.218
6.228
6.238
6.247
6.258
6.267
6.278
6.288
6.298
6.308
6.317
6.328
6.337
6.348
6.357
6.368
6.377
6.388
6.397
6.408
6.418
6.427
6.438
6.447
6.458
6.467
6.478
6.487
6.498
6.507
6.518
6.527
6.538
6.547
6.558
6.567
6.578
6.587
6.598
6.607
6.618
6.627
6.638
6.647
6.658
6.667
6.678
6.687
6.698
6.707
6.717
6.727
6.737
6.747
6.757
6.767
6.777
6.788
6.797
6.808
6.817
6.828
6.837
6.847
6.857
6.867
6.877
6.887
6.898
6.907
6.917
6.927
6.937
6.947
6.957
6.968
6.977
6.987
6.997
7.007
7.017
7.027
7.037
7.047
7.057
7.067
7.077
7.087
7.097
7.107
7.117
7.127
7.137
7.147
7.157
7.167
7.177
7.187
7.197
7.207
7.217
7.227
7.237
7.247
7.257
7.267
7.277
7.287
7.297
7.307
7.317
7.327
7.337
7.347
7.357
7.367
7.377
7.387
7.397
7.407
7.417
7.427
7.437
7.447
7.457
7.467
7.477
7.487
7.497
7.507
7.517
7.527
7.537
7.547
7.557
7.567
7.577
7.587
7.597
7.607
7.617
7.627
7.637
7.647
7.657
7.667
7.677
7.687
7.697
7.707
7.717
7.727
7.737
7.747
7.757
7.767
7.777
7.787
7.797
7.807
7.817
7.826
7.837
7.847
7.857
7.867
7.877
7.887
7.897
7.907
7.916
7.927
7.937
7.947
7.957
7.967
7.976
7.987
7.997
8.007
8.017
8.026
8.036
8.047
8.057
8.067
8.077
8.086
8.096
8.107
8.117
8.127
8.137
8.147
8.156
8.166
8.177
8.187
8.197
8.207
8.217
8.226
8.236
8.246
8.256
8.267
8.277
8.287
8.297
8.307
8.316
8.326
8.336
8.346
8.356
8.366
8.377
8.387
8.397
8.407
8.417
8.427
8.436
8.446
8.456
8.466
8.476
8.486
8.496
8.506
8.516
8.526
8.536
8.546
8.556
8.566
8.576
8.586
8.596
8.606
8.617
8.627
8.637
8.647
8.657
8.667
8.676
8.686
8.696
8.706
8.716
8.726
8.736
8.746
8.756
8.766
8.776
8.786
8.796
8.806
8.816
8.826
8.836
8.846
8.856
8.866
8.876
8.886
8.897
8.906
8.916
8.926
8.936
8.946
8.956
8.966
8.976
8.986
8.996
9.006
9.016
9.026
9.036
9.046
9.056
9.066
9.076
9.086
9.096
9.106
9.116
9.126
9.136
9.146
9.156
9.166
9.176
9.186
9.196
9.206
9.216
9.226
9.236
9.246
9.256
9.266
9.276
9.286
9.296
9.306
9.316
9.326
9.336
9.346
9.356
9.366
9.376
9.386
9.396
9.406
9.416
9.426
9.436
9.446
9.456
9.466
9.476
9.486
9.496
9.506
9.516
9.526
9.536
9.546
9.556
9.566
9.575
9.586
9.596
9.606
9.616
9.626
9.636
9.646
9.656
9.666
9.675
9.686
9.696
9.705
9.716
9.726
9.735
9.746
9.756
9.766
9.776
9.786
9.796
9.806
9.815
9.826
9.836
9.845
9.856
9.865
9.876
9.886
9.895
9.906
9.915
9.926
9.936
9.945
9.956
9.965
9.976
9.985
9.996
10.006
10.015
10.026
10.035
10.046
10.055
10.066
10.075
10.086
10.095
10.106
10.115
10.126
10.135
10.145
10.155
10.165
10.175
10.185
10.195
10.206
10.215
10.226
10.235
10.246
10.255
10.266
10.275
10.286
10.295
10.306
10.315
10.325
10.336
10.345
10.356
10.365
10.375
10.385
10.395
10.406
10.415
10.426
10.435
10.445
10.456
10.465
10.475
10.485
10.495
10.506
10.515
10.525
10.536
10.545
10.555
10.566
10.575
10.585
10.595
10.605
10.615
10.626
10.635
10.645
10.655
10.665
10.675
10.685
10.695
10.705
10.715
10.725
10.735
10.745
10.755
10.765
10.775
10.785
10.795
10.805
10.815
10.825
10.835
10.845
10.855
10.865
10.875
10.885
10.895
10.905
10.915
10.925
10.935
10.945
10.955
10.965
10.975
10.985
10.995
11.005
11.015
11.025
11.035
11.045
11.055
11.065
11.075
11.085
11.095
11.105
11.115
11.125
11.135
11.145
11.155
11.165
11.175
11.185
11.195
11.205
11.215
11.225
11.235
11.245
11.255
11.265
11.275
11.285
11.295
11.305
11.315
11.325
11.335
11.345
11.355
11.365
11.375
11.385
11.395
11.405
11.415
11.425
11.435
11.445
11.455
11.465
11.475
11.485
11.495
11.505
11.515
11.525
11.535
11.544
11.554
11.565
11.575
11.585
11.595
11.605
11.615
11.625
11.634
11.644
11.655
11.665
11.675
11.685
11.694
11.704
11.715
11.725
11.735
11.745
11.754
11.764
11.775
11.785
11.794
11.804
11.815
11.825
11.835
11.844
11.854
11.865
11.875
11.884
11.894
11.905
11.914
11.924
11.935
11.945
11.954
11.964
11.975
11.984
11.994
12.005
12.014
12.024
12.035
12.044
12.054
12.065
12.074
12.084
12.095
12.104
12.115
12.124
12.134
12.145
12.154
12.165
12.174
12.184
12.194
12.204
12.215
12.224
12.235
12.244
12.254
12.264
12.274
12.284
12.294
12.304
12.314
12.324
12.334
12.344
12.354
12.364
12.374
12.384
12.394
12.404
12.414
12.424
12.435
12.444
12.454
12.464
12.474
12.484
12.494
12.504
12.514
12.524
12.534
12.544
12.554
12.564
12.574
12.584
12.594
12.604
12.614
12.624
12.634
12.644
12.654
12.664
12.674
12.684
12.694
12.704
12.714
12.724
12.734
12.744
12.754
12.764
12.774
12.784
12.794
12.804
12.814
12.824
12.834
12.844
12.854
12.864
12.874
12.884
12.894
12.904
12.914
12.924
12.934
12.944
12.954
12.964
12.974
12.984
12.994
13.004
13.014
13.024
13.034
13.044
13.054
13.064
13.074
13.084
13.094
13.104
13.114
13.124
13.134
13.144
13.154
13.164
13.174
13.184
13.194
13.204
13.214
13.224
13.234
13.244
13.253
13.263
13.274
13.284
13.294
13.304
13.314
13.324
13.334
13.344
13.353
13.364
13.374
13.384
13.394
13.404
13.413
13.423
13.434
13.444
13.454
13.463
13.473
13.484
13.494
13.504
13.513
13.524
13.534
13.543
13.553
13.564
13.574
13.583
13.594
13.604
13.613
13.624
13.634
13.643
13.653
13.664
13.673
13.684
13.694
13.703
13.714
13.723
13.733
13.744
13.753
13.764
13.773
13.784
13.793
13.803
13.813
13.823
13.834
13.843
13.854
13.863
13.874
13.883
13.893
13.903
13.913
13.923
13.933
13.944
13.953
13.964
13.973
13.983
13.993
14.003
14.014
14.023
14.033
14.044
14.053
14.063
14.074
14.083
14.093
14.104
14.113
14.123
14.133
14.143
14.153
14.163
14.174
14.183
14.193
14.203
14.213
14.223
14.233
14.243
14.253
14.263
14.273
14.283
14.293
14.303
14.313
14.323
14.333
14.343
14.353
14.363
14.373
14.383
14.393
14.403
14.413
14.423
14.433
14.443
14.453
14.463
14.473
14.483
14.493
14.503
14.513
14.523
14.533
14.543
14.553
14.563
14.573
14.583
14.593
14.603
14.613
14.623
14.633
14.643
14.653
14.663
14.673
14.683
14.693
14.703
14.713
14.723
14.733
14.743
14.753
14.763
14.773
14.783
14.793
14.803
14.813
14.823
14.833
14.843
14.853
14.863
14.873
14.883
14.893
14.903
14.913
14.923
14.933
14.943
14.953
14.963
14.973
14.983
14.993
15.003
15.013
15.023
15.033
15.043
15.053
15.063
15.072
15.083
15.093
15.103
15.113
15.123
15.133
15.143
15.153
15.163
15.172
15.183
15.193
15.202
15.213
15.223
15.233
15.242
15.253
15.263
15.273
15.282
15.293
15.303
15.313
15.322
15.332
15.343
15.353
15.363
15.373
15.382
15.392
15.402
15.413
15.423
15.433
15.443
15.453
15.463
15.473
15.483
15.493
15.503
15.513
15.523
15.533
15.543
15.553
15.563
15.573
15.582
15.592
15.602
15.612
15.622
15.633
15.643
15.652
15.662
15.672
15.682
15.693
15.702
15.712
15.722
15.733
15.742
15.752
15.762
15.772
15.782
15.792
15.802
15.812
15.822
15.832
15.842
15.853
15.862
15.872
15.882
15.892
15.902
15.912
15.922
15.932
15.942
15.952
15.962
15.972
15.982
15.992
16.002
16.012
16.022
16.032
16.042
16.052
16.062
16.072
16.082
16.092
16.102
16.112
16.122
16.132
16.142
16.152
16.162
16.172
16.182
16.192
16.202
16.212
16.222
16.232
16.242
16.252
16.262
16.272
16.282
16.292
16.302
16.312
16.322
16.332
16.342
16.352
16.362
16.372
16.382
16.392
16.402
16.412
16.422
16.432
16.442
16.452
16.462
16.472
16.482
16.492
16.502
16.512
16.522
16.532
16.542
16.552
16.562
16.572
16.582
16.592
16.602
16.612
16.622
16.632
16.642
16.652
16.662
16.671
16.682
16.693
16.701
16.712
16.723
16.731
16.742
16.753
16.761
16.772
16.783
16.791
16.802
16.813
16.821
16.832
16.843
16.851
16.862
16.873
16.881
16.892
16.900
16.911
16.922
16.930
16.941
16.952
16.960
16.971
16.982
16.990
17.001
17.012
17.020
17.031
17.042
17.050
17.061
17.072
17.080
17.091
17.102
17.110
17.121
17.132
17.140
17.151
17.162
17.170
17.181
17.192
17.200
17.211
17.222
17.230
17.241
17.252
17.260
17.271
17.282
17.290
17.301
17.312
17.320
17.331
17.342
17.350
17.361
17.372
17.380
17.391
17.402
17.410
17.421
17.432
17.440
17.451
17.462
17.470
17.481
17.492
17.500
17.511
17.522
17.533
17.541
17.552
17.563
17.571
17.582
17.593
17.601
17.612
17.623
17.631
17.642
17.653
17.661
17.672
17.682
17.691
17.702
17.712
17.721
17.731
17.742
17.751
17.761
17.772
17.780
17.791
17.802
17.810
17.821
17.832
17.840
17.851
17.862
17.870
17.881
17.892
17.900
17.911
17.922
17.930
17.941
17.952
17.960
17.971
17.982
17.990
18.001
18.012
18.020
18.031
18.042
18.050
18.061
18.072
18.082
18.091
18.101
18.112
18.120
18.131
18.142
18.150
18.161
18.172
18.180
18.191
18.202
18.210
18.221
18.232
18.240
18.251
18.262
18.270
18.281
18.292
18.300
18.311
18.322
18.330
18.341
18.351
18.360
18.370
18.381
18.392
18.400
18.411
18.422
18.430
18.441
18.452
18.460
18.471
18.482
18.490
18.501
18.512
18.520
18.531
18.542
18.550
18.561
18.571
18.580
18.590
18.601
18.612
18.620
18.631
18.642
18.650
18.661
18.672
18.680
18.691
18.702
18.710
18.721
18.732
18.740
18.751
18.761
18.770
18.780
18.791
18.799
18.810
18.821
18.832
18.840
18.851
18.862
18.870
18.881
18.892
18.900
18.911
18.921
18.930
18.940
18.951
18.959
18.970
18.981
18.989
19.000
19.011
19.022
19.030
19.041
19.052
19.060
19.071
19.081
19.090
19.100
19.111
19.119
19.130
19.141
19.149
19.160
19.171
19.182
19.190
19.201
19.211
19.220
19.230
19.241
19.249
19.260
19.271
19.279
19.290
19.301
19.312
19.320
19.331
19.341
19.350
19.360
19.371
19.379
19.390
19.401
19.409
19.420
19.431
19.439
19.450
19.461
19.471
19.480
19.490
19.501
19.509
19.520
19.531
19.539
19.550
19.561
19.569
19.580
19.591
19.601
19.610
19.620
19.631
19.639
19.650
19.661
19.669
19.680
19.691
19.701
19.710
19.720
19.731
19.739
19.750
19.761
19.769
19.780
19.791
19.799
19.810
19.820
19.831
19.839
19.850
19.861
19.869
19.880
19.891
19.899
19.910
19.921
19.931
19.939
19.950
19.961
19.969
19.980
19.991
19.999