3.500000000000000000e+02 0.000000000000000000e+00
8.848909160000000611e+02 8.030596453326534964e-18
8.854877710000000661e+02 8.050067280066714862e-18
8.860846260000000711e+02 7.905411687269110185e-18
8.866814810000000762e+02 7.753511405387065387e-18
8.872783360000000812e+02 7.642034543832967569e-18
8.878751910000000862e+02 7.479791333094252936e-18
8.884720460000000912e+02 7.319270308327401880e-18
8.890689010000000962e+02 7.542007698828407378e-18
8.896657560000001013e+02 7.842445071132292279e-18
8.902626110000001063e+02 7.815456574780661336e-18
8.908594660000001113e+02 7.785101318595922376e-18
8.914563210000001163e+02 7.784930928789847680e-18
8.920531760000001213e+02 7.574429935016676506e-18
8.926500310000001264e+02 7.633193899968074015e-18
8.932468860000001314e+02 7.490780137446196036e-18
8.938437410000001364e+02 7.381866705775628389e-18
8.944405960000001414e+02 7.476233665310882670e-18
8.950374510000001465e+02 7.290336602697525998e-18
8.956343060000001515e+02 7.383976952300593811e-18
8.962311610000001565e+02 7.397881117313535694e-18
8.968280160000001615e+02 7.557579186079844483e-18
8.974248710000001665e+02 7.707727396866971360e-18
8.980217260000001716e+02 7.521352172284739012e-18
8.986185810000001766e+02 7.440326466937125158e-18
8.992154360000001816e+02 7.485642572560431893e-18
8.998122910000001866e+02 7.480151292710749787e-18
9.004091460000001916e+02 7.448807151185521861e-18
9.010060010000001967e+02 7.533287487548958958e-18
9.016028560000002017e+02 7.691414580145129865e-18
9.021997110000002067e+02 7.767788465368272693e-18
9.027965660000002117e+02 7.800792346339579941e-18
9.033934210000002167e+02 7.827614913351262644e-18
9.039902760000002218e+02 7.934871281855429617e-18
9.045871310000002268e+02 8.176959512557785296e-18
9.051839860000002318e+02 8.938149654443921360e-18
9.057808410000002368e+02 9.876958233810598864e-18
9.063776960000002418e+02 1.248540938615212322e-17
9.069745510000002469e+02 1.732138520725881899e-17
9.075714060000002519e+02 2.194085267881170168e-17
9.081682610000002569e+02 2.286165881688739940e-17
9.087651160000002619e+02 1.935545053913791504e-17
9.093619710000002669e+02 1.405546045561646572e-17
9.099588260000002720e+02 1.023217637481393738e-17
9.105556810000002770e+02 8.598925852880914938e-18
9.111525360000002820e+02 8.173081583306453192e-18
9.117493910000002870e+02 7.919298010417541621e-18
9.123462460000002920e+02 7.881028103135996857e-18
9.129431010000002971e+02 7.987477127271067241e-18
9.135399560000003021e+02 8.058177299579910911e-18
9.141368110000003071e+02 7.927444605752983240e-18
9.147336660000003121e+02 7.678512235824445519e-18
9.153305210000003171e+02 7.810707070447997498e-18
9.159273760000003222e+02 7.672290777669675164e-18
9.165242310000003272e+02 7.658545405250874876e-18
9.171210860000003322e+02 7.526703839544626983e-18
9.177179410000003372e+02 7.344687828508893400e-18
9.183147960000003422e+02 7.182832678323279072e-18
9.189116510000003473e+02 7.354842079648364214e-18
9.195085060000003523e+02 7.168944124941784408e-18
9.201053610000003573e+02 7.274657618212415411e-18
9.207022160000003623e+02 6.974461557126033117e-18
9.212990710000003673e+02 7.078461339310442660e-18
9.218959260000003724e+02 6.805119514545250615e-18
9.224927810000003774e+02 7.095469542701577725e-18
9.230896360000003824e+02 7.162865401703096091e-18
9.236864910000003874e+02 7.359843154270625206e-18
9.242833460000003925e+02 7.395517962359136105e-18
9.248802010000003975e+02 7.209166824293993093e-18
9.254770560000004025e+02 7.220309514727337453e-18
9.260739110000004075e+02 7.263719217127711128e-18
9.266707660000004125e+02 7.170673893706066967e-18
9.272676210000004176e+02 7.085908979603687387e-18
9.278644760000004226e+02 7.188220475358801816e-18
9.284613310000004276e+02 7.131178250332657087e-18
9.290581860000004326e+02 7.216858006037805196e-18
9.296550410000004376e+02 7.089644619985549790e-18
9.302518960000004427e+02 6.931258820353979707e-18
9.308487510000004477e+02 7.019803533452883160e-18
9.314456060000004527e+02 7.026898796922048477e-18
9.320424610000004577e+02 6.873267854182494905e-18
9.326393160000004627e+02 6.820922499988708888e-18
9.332361710000004678e+02 6.884718762825258746e-18
9.338330260000004728e+02 6.981104975376475322e-18
9.344298810000004778e+02 6.842818482162464144e-18
9.350267360000004828e+02 6.995472136773459540e-18
9.356235910000004878e+02 7.020483308490727970e-18
9.362204460000004929e+02 6.846982327292573432e-18
9.368173010000004979e+02 6.736742799042270750e-18
9.374141560000005029e+02 6.617572971557909939e-18
9.380110110000005079e+02 6.477539313761719633e-18
9.386078660000005129e+02 6.641675992371599525e-18
9.392047210000005180e+02 6.638101820863556593e-18
9.398015760000005230e+02 6.521590431191241658e-18
9.403984310000005280e+02 6.566517138121611076e-18
9.409952860000005330e+02 6.775529228301392272e-18
9.415921410000005380e+02 6.675722284276923999e-18
9.421889960000005431e+02 6.673676714510808371e-18
9.427858510000005481e+02 6.533235370110556422e-18
9.433827060000005531e+02 6.679901294991868169e-18
9.439795610000005581e+02 6.639748624957865803e-18
9.445764160000005631e+02 6.677172381815005179e-18
9.451732710000005682e+02 6.754785384528395574e-18
9.457701260000005732e+02 6.743344734957726280e-18
9.463669810000005782e+02 6.811854818397919082e-18
9.469638360000005832e+02 6.832152169511543028e-18
9.475606910000005882e+02 6.974007481674245236e-18
9.481575460000005933e+02 7.185780154340393887e-18
9.487544010000005983e+02 7.137047777709960370e-18
9.493512560000006033e+02 7.481186120852351113e-18
9.499481110000006083e+02 7.729372254797741028e-18
9.505449660000006133e+02 8.156221021344140500e-18
9.511418210000006184e+02 8.760248423410896032e-18
9.517386760000006234e+02 1.036013822708240073e-17
9.523355310000006284e+02 1.347405296937597249e-17
9.529323860000006334e+02 2.325119310799678386e-17
9.535292410000006385e+02 4.237977720313937803e-17
9.541260960000006435e+02 4.618514715988025723e-17
9.547229510000006485e+02 3.786244548497618240e-17
9.553198060000006535e+02 2.453394644627591122e-17
9.559166610000006585e+02 1.490137179903693069e-17
9.565135160000006636e+02 1.022641077629740579e-17
9.571103710000006686e+02 8.460050132091450510e-18
9.577072260000006736e+02 7.680344595309661225e-18
9.583040810000006786e+02 7.468630800796395047e-18
9.589009360000006836e+02 7.591297633724791220e-18
9.594977910000006887e+02 7.334836889066098651e-18
9.600946460000006937e+02 7.229304490720249228e-18
9.606915010000006987e+02 7.486660450930750529e-18
9.612883560000007037e+02 7.594884740584605035e-18
9.618852110000007087e+02 7.822124079548192876e-18
9.624820660000007138e+02 8.196779147749142822e-18
9.630789210000007188e+02 8.118946690102274386e-18
9.636757760000007238e+02 7.937732224829667761e-18
9.642726310000007288e+02 7.807342094801341912e-18
9.648694860000007338e+02 7.655199163561952872e-18
9.654663410000007389e+02 7.304029341616021159e-18
9.660631960000007439e+02 7.140773159019728226e-18
9.666600510000007489e+02 6.958170596688216188e-18
9.672569060000007539e+02 6.795728003113597961e-18
9.678537610000007589e+02 6.935274578008653515e-18
9.684506160000007640e+02 6.978710597159179754e-18
9.690474710000007690e+02 7.079267345539699154e-18
9.696443260000007740e+02 6.928897003539418672e-18
9.702411810000007790e+02 6.991539343788759081e-18
9.708380360000007840e+02 7.046372299941905481e-18
9.714348910000007891e+02 7.130447625980958041e-18
9.720317460000007941e+02 7.190935115044056140e-18
9.726286010000007991e+02 7.150542917979002057e-18
9.732254560000008041e+02 7.151388176310181228e-18
9.738223110000008091e+02 6.936389248493940288e-18
9.744191660000008142e+02 6.943188783058846981e-18
9.750160210000008192e+02 6.859593403175124839e-18
9.756128760000008242e+02 6.939026276068573934e-18
9.762097310000008292e+02 6.932805710007029795e-18
9.768065860000008342e+02 7.046759914448393449e-18
9.774034410000008393e+02 7.026954998795256926e-18
9.780002960000008443e+02 6.925274212950583962e-18
9.785971510000008493e+02 6.825081884652691720e-18
9.791940060000008543e+02 7.006013556372805983e-18
9.797908610000008593e+02 6.988456269601365790e-18
9.803877160000008644e+02 6.999520901877478677e-18
9.809845710000008694e+02 7.040949711270588058e-18
9.815814260000008744e+02 7.037470547691063144e-18
9.821782810000008794e+02 7.303270170281103241e-18
9.827751360000008845e+02 7.499769760879753598e-18
9.833719910000008895e+02 7.480809657511182368e-18
9.839688460000008945e+02 7.588781930828828924e-18
9.845657010000008995e+02 7.491674014858167756e-18
9.851625560000009045e+02 7.812159398219144217e-18
9.857594110000009096e+02 8.079617868162037421e-18
9.863562660000009146e+02 8.298890814621739007e-18
9.869531210000009196e+02 8.300141529323918134e-18
9.875499760000009246e+02 7.665133513721334848e-18
9.881468310000009296e+02 7.324712077003068304e-18
9.887436860000009347e+02 6.924824597964923307e-18
9.893405410000009397e+02 6.980510841288277886e-18
9.899373960000009447e+02 7.002359096474469120e-18
9.905342510000009497e+02 6.998257251823530979e-18
9.911311060000009547e+02 7.390431246787224657e-18
9.917279610000009598e+02 7.704993131130755698e-18
9.923248160000009648e+02 7.758146721786861437e-18
9.929216710000009698e+02 7.442658398628631849e-18
9.935185260000009748e+02 7.338061806076349305e-18
9.941153810000009798e+02 7.241833494026051190e-18
9.947122360000009849e+02 7.245428183678280905e-18
9.953090910000009899e+02 7.183826916223119169e-18
9.959059460000009949e+02 7.179051095140304308e-18
9.965028010000009999e+02 7.059810792291124842e-18
9.970996560000010049e+02 7.184088299538196992e-18
9.976965110000010100e+02 7.120568139554945960e-18
9.982933660000010150e+02 7.207409400639717877e-18
9.988902210000010200e+02 7.214393152455695594e-18
9.994870760000010250e+02 7.241677377711585161e-18
1.000083931000001030e+03 7.105352151453877709e-18
1.000680786000001035e+03 7.060656942715531769e-18
1.001277641000001040e+03 7.112136966480564939e-18
1.001874496000001045e+03 7.106516779159794042e-18
1.002471351000001050e+03 7.184424618684218386e-18
1.003068206000001055e+03 7.325407017625747995e-18
1.003665061000001060e+03 7.376398174303197064e-18
1.004261916000001065e+03 7.359247235995978420e-18
1.004858771000001070e+03 7.517780231009758539e-18
1.005455626000001075e+03 7.910731239172880583e-18
1.006052481000001080e+03 8.089482635049828499e-18
1.006649336000001085e+03 7.776049248636580559e-18
1.007246191000001090e+03 7.507739721756541634e-18
1.007843046000001095e+03 7.232679725439000902e-18
1.008439901000001100e+03 7.194648899141892436e-18
1.009036756000001105e+03 7.132517282264162235e-18
1.009633611000001110e+03 7.134941991651122944e-18
1.010230466000001115e+03 7.197612432837068348e-18
1.010827321000001120e+03 7.279463770464900036e-18
1.011424176000001125e+03 7.376761702292595697e-18
1.012021031000001130e+03 7.613242234979338254e-18
1.012617886000001135e+03 7.865826834573151150e-18
1.013214741000001140e+03 8.228539450764076047e-18
1.013811596000001146e+03 8.260894779960429842e-18
1.014408451000001151e+03 7.974817432307725597e-18
1.015005306000001156e+03 7.576404137324749575e-18
1.015602161000001161e+03 7.300120635148408495e-18
1.016199016000001166e+03 7.106291525620350992e-18
1.016795871000001171e+03 6.931046502166305229e-18
1.017392726000001176e+03 7.061222083773897994e-18
1.017989581000001181e+03 7.092856155597419535e-18
1.018586436000001186e+03 7.187346223997792975e-18
1.019183291000001191e+03 7.009763916292889390e-18
1.019780146000001196e+03 7.032041268320552955e-18
1.020377001000001201e+03 6.946485959620365640e-18
1.020973856000001206e+03 7.009572116249402466e-18
1.021570711000001211e+03 7.027498729616210923e-18
1.022167566000001216e+03 7.117793729623581406e-18
1.022764421000001221e+03 7.200190582258817981e-18
1.023361276000001226e+03 7.158719398437496480e-18
1.023958131000001231e+03 7.054682148337616693e-18
1.024554986000001236e+03 7.167953009368233755e-18
1.025151841000001241e+03 7.206513739041296808e-18
1.025748696000001246e+03 7.290915571200888552e-18
1.026345551000001251e+03 7.341040505356358559e-18
1.026942406000001256e+03 7.491105751473510546e-18
1.027539261000001261e+03 7.470666111490416899e-18
1.028136116000001266e+03 7.801994888007580397e-18
1.028732971000001271e+03 8.298796252739834098e-18
1.029329826000001276e+03 8.740884647857777278e-18
1.029926681000001281e+03 8.719960601253225986e-18
1.030523536000001286e+03 8.723753781648133850e-18
1.031120391000001291e+03 8.424757139903461028e-18
1.031717246000001296e+03 8.608829871870628691e-18
1.032314101000001301e+03 9.009441284561283819e-18
1.032910956000001306e+03 9.643193232902336847e-18
1.033507811000001311e+03 9.869122086917636873e-18
1.034104666000001316e+03 9.629443400017410103e-18
1.034701521000001321e+03 9.338837787151972491e-18
1.035298376000001326e+03 8.598146163401812547e-18
1.035895231000001331e+03 8.123446408331793502e-18
1.036492086000001336e+03 7.858150372367556969e-18
1.037088941000001341e+03 7.751490814231262998e-18
1.037685796000001346e+03 7.788727677557657326e-18
1.038282651000001351e+03 7.808577643918684615e-18
1.038879506000001356e+03 7.682505245101868545e-18
1.039476361000001361e+03 7.627120529288738370e-18
1.040073216000001366e+03 7.656190279135505066e-18
1.040670071000001371e+03 7.568335154099928633e-18
1.041266926000001376e+03 7.523263035973798529e-18
1.041863781000001381e+03 7.587053054157771040e-18
1.042460636000001386e+03 7.491447423178886152e-18
1.043057491000001392e+03 7.370489394823971106e-18
1.043654346000001397e+03 7.247407292499095849e-18
1.044251201000001402e+03 7.130114875207838429e-18
1.044848056000001407e+03 7.162593313269314465e-18
1.045444911000001412e+03 7.196242623689282641e-18
1.046041766000001417e+03 7.220889375323924682e-18
1.046638621000001422e+03 7.168556064388682563e-18
1.047235476000001427e+03 6.937222017519962454e-18
1.047832331000001432e+03 7.128666115809595031e-18
1.048429186000001437e+03 7.177380204528905764e-18
1.049026041000001442e+03 7.095465974328675943e-18
1.049622896000001447e+03 7.070720200345999455e-18
1.050219751000001452e+03 7.061759123895660766e-18
1.050816606000001457e+03 7.098834964394847189e-18
1.051413461000001462e+03 7.031201362548727997e-18
1.052010316000001467e+03 7.085073088251378088e-18
1.052607171000001472e+03 7.222038391398393796e-18
1.053204026000001477e+03 7.352451269803975049e-18
1.053800881000001482e+03 7.341608768741014228e-18
1.054397736000001487e+03 7.171394705032286884e-18
1.054994591000001492e+03 7.027062496028930407e-18
1.055591446000001497e+03 7.054324418954183070e-18
1.056188301000001502e+03 7.015723099039357247e-18
1.056785156000001507e+03 7.102599597806539262e-18
1.057382011000001512e+03 7.205335283890385687e-18
1.057978866000001517e+03 7.153817346163269934e-18
1.058575721000001522e+03 7.120900444281451695e-18
1.059172576000001527e+03 7.119874537072104822e-18
1.059769431000001532e+03 7.038585218176349916e-18
1.060366286000001537e+03 7.002992928711198488e-18
1.060963141000001542e+03 7.049536108566208893e-18
1.061559996000001547e+03 7.272837748032355941e-18
1.062156851000001552e+03 7.737883716262419833e-18
1.062753706000001557e+03 7.128902520514358844e-18
1.063350561000001562e+03 7.023953997184610769e-18
1.063947416000001567e+03 7.334299402897723542e-18
1.064544271000001572e+03 7.267442814251029634e-18
1.065141126000001577e+03 7.112103512984607273e-18
1.065737981000001582e+03 7.171899183751316664e-18
1.066334836000001587e+03 7.140988153487078269e-18
1.066931691000001592e+03 7.237600511670964111e-18
1.067528546000001597e+03 7.265398582624751789e-18
1.068125401000001602e+03 7.223904650426181046e-18
1.068722256000001607e+03 7.235949693157139242e-18
1.069319111000001612e+03 7.255908940938292444e-18
1.069915966000001617e+03 7.137620501560744036e-18
1.070512821000001622e+03 7.129378452250172833e-18
1.071109676000001627e+03 7.301157247476462253e-18
1.071706531000001632e+03 7.350177770218738494e-18
1.072303386000001638e+03 7.320024127102965586e-18
1.072900241000001643e+03 7.307103048824547659e-18
1.073497096000001648e+03 7.353069490409258739e-18
1.074093951000001653e+03 7.147376433075021538e-18
1.074690806000001658e+03 7.166454738795974675e-18
1.075287661000001663e+03 7.255678780886109059e-18
1.075884516000001668e+03 7.372227192427281902e-18
1.076481371000001673e+03 7.321527304187966541e-18
1.077078226000001678e+03 7.495444000829210960e-18
1.077675081000001683e+03 7.572331731750254981e-18
1.078271936000001688e+03 7.669049802981363413e-18
1.078868791000001693e+03 7.576220366120293970e-18
1.079465646000001698e+03 7.647702904187917137e-18
1.080062501000001703e+03 7.999837971003862358e-18
1.080659356000001708e+03 8.346485772389636511e-18
1.081256211000001713e+03 8.960587583252180492e-18
1.081853066000001718e+03 1.020145536040673347e-17
1.082449921000001723e+03 1.264644202638380608e-17
1.083046776000001728e+03 1.784160223497450157e-17
1.083643631000001733e+03 2.325927012006063304e-17
1.084240486000001738e+03 2.628451525620372668e-17
1.084837341000001743e+03 2.380188760866909834e-17
1.085434196000001748e+03 1.748339290538599756e-17
1.086031051000001753e+03 1.234840081648366610e-17
1.086627906000001758e+03 9.395293906928949562e-18
1.087224761000001763e+03 8.105714271288149076e-18
1.087821616000001768e+03 7.746044585089470118e-18
1.088418471000001773e+03 7.522549361393385256e-18
1.089015326000001778e+03 7.428167236273297634e-18
1.089612181000001783e+03 7.342839411345616597e-18
1.090209036000001788e+03 7.487396427841802246e-18
1.090805891000001793e+03 7.401590440945243993e-18
1.091402746000001798e+03 7.379650300156828038e-18
1.091999601000001803e+03 7.419132116085240049e-18
1.092596456000001808e+03 7.454923788386292760e-18
1.093193311000001813e+03 7.533866456052321512e-18
1.093790166000001818e+03 7.997523881176863033e-18
1.094387021000001823e+03 8.340042183021714090e-18
1.094983876000001828e+03 8.526693064410631386e-18
1.095580731000001833e+03 8.153378812327637478e-18
1.096177586000001838e+03 7.606085863124221072e-18
1.096774441000001843e+03 7.133981207247237432e-18
1.097371296000001848e+03 6.919847609859750880e-18
1.097968151000001853e+03 6.814219311492157224e-18
1.098565006000001858e+03 6.623594154783550484e-18
1.099161861000001863e+03 6.670185953719352667e-18
1.099758716000001868e+03 6.588922059480524879e-18
1.100355571000001873e+03 6.220325196374074925e-18
1.100952426000001878e+03 6.460656003422156159e-18
1.101549281000001884e+03 6.386758122946440613e-18
1.102146136000001889e+03 6.211133067778325865e-18
1.102742991000001894e+03 6.410588609279733154e-18
1.103339846000001899e+03 6.315437053752636147e-18
1.103936701000001904e+03 6.200214738791196798e-18
1.104533556000001909e+03 6.236446213052431037e-18
1.105130411000001914e+03 6.137472930147209605e-18
1.105727266000001919e+03 6.021962469073927532e-18
1.106324121000001924e+03 5.965740523768648735e-18
1.106920976000001929e+03 5.794023729021532773e-18
1.107517831000001934e+03 6.072619536838419205e-18
1.108114686000001939e+03 6.151154517900384003e-18
1.108711541000001944e+03 6.092150579871323211e-18
1.109308396000001949e+03 5.992655868475786227e-18
1.109905251000001954e+03 5.956923966420841434e-18
1.110502106000001959e+03 6.068517246140869497e-18
1.111098961000001964e+03 6.173654893234428931e-18
1.111695816000001969e+03 6.152820055952428335e-18
1.112292671000001974e+03 6.044851351007685102e-18
1.112889526000001979e+03 5.998666792629334535e-18
1.113486381000001984e+03 6.108693556645349631e-18
1.114083236000001989e+03 6.309196861640129900e-18
1.114680091000001994e+03 6.430896665512063984e-18
1.115276946000001999e+03 6.450732358381481838e-18
1.115873801000002004e+03 6.477775272419868797e-18
1.116470656000002009e+03 6.379507189209420834e-18
1.117067511000002014e+03 6.216687686247020753e-18
1.117664366000002019e+03 5.891182048259435069e-18
1.118261221000002024e+03 5.648184328513663533e-18
1.118858076000002029e+03 5.477763745223227490e-18
1.119454931000002034e+03 5.609953227287428337e-18
1.120051786000002039e+03 5.768343487385125647e-18
1.120648641000002044e+03 6.116464580732847181e-18
1.121245496000002049e+03 6.397378938842859395e-18
1.121842351000002054e+03 6.458597498304271188e-18
1.122439206000002059e+03 6.433198712080516331e-18
1.123036061000002064e+03 6.418836457196270907e-18
1.123632916000002069e+03 6.579265150314280282e-18
1.124229771000002074e+03 6.588780216657666745e-18
1.124826626000002079e+03 6.533750553948293086e-18
1.125423481000002084e+03 6.324366906940083480e-18
1.126020336000002089e+03 6.186908722285967240e-18
1.126617191000002094e+03 6.393083956008595776e-18
1.127214046000002099e+03 6.486459353923684755e-18
1.127810901000002104e+03 6.447978466594304837e-18
1.128407756000002109e+03 6.337373626168152632e-18
1.129004611000002114e+03 6.372489983897487761e-18
1.129601466000002119e+03 6.231814018978923660e-18
1.130198321000002124e+03 6.122171747143106316e-18
1.130795176000002130e+03 5.972974061687770404e-18
1.131392031000002135e+03 6.013685182080949312e-18
1.131988886000002140e+03 6.354403239796699926e-18
1.132585741000002145e+03 6.382738796918864254e-18
1.133182596000002150e+03 6.312785752686393835e-18
1.133779451000002155e+03 6.211463142271767601e-18
1.134376306000002160e+03 6.336718383694007954e-18
1.134973161000002165e+03 6.358473415138129751e-18
1.135570016000002170e+03 6.262949856735991997e-18
1.136166871000002175e+03 6.222804323447792422e-18
1.136763726000002180e+03 6.227990953460960681e-18
1.137360581000002185e+03 6.370463594135721133e-18
1.137957436000002190e+03 6.298633585756758120e-18
1.138554291000002195e+03 6.332135700794516260e-18
1.139151146000002200e+03 6.435292008834195981e-18
1.139748001000002205e+03 6.510053881598828131e-18
1.140344856000002210e+03 6.330200750588365867e-18
1.140941711000002215e+03 6.425934842991726439e-18
1.141538566000002220e+03 6.553440835621952565e-18
1.142135421000002225e+03 6.496891938149518394e-18
1.142732276000002230e+03 6.616912822571026467e-18
1.143329131000002235e+03 6.450227879662450517e-18
1.143925986000002240e+03 6.492029137977213754e-18
1.144522841000002245e+03 6.475700709623924270e-18
1.145119696000002250e+03 6.581155941905767664e-18
1.145716551000002255e+03 6.699794973920944591e-18
1.146313406000002260e+03 6.746947899495596570e-18
1.146910261000002265e+03 6.796233373925854727e-18
1.147507116000002270e+03 6.872790584306842363e-18
1.148103971000002275e+03 6.943228481207383535e-18
1.148700826000002280e+03 6.888037349624190405e-18
1.149297681000002285e+03 6.730452203662523374e-18
1.149894536000002290e+03 6.677700054957899619e-18
1.150491391000002295e+03 6.665590335468090859e-18
1.151088246000002300e+03 6.687653585121629826e-18
1.151685101000002305e+03 6.658649404126938370e-18
1.152281956000002310e+03 6.666382068205738688e-18
1.152878811000002315e+03 6.842296607625534713e-18
1.153475666000002320e+03 6.814320118026640250e-18
1.154072521000002325e+03 6.759846229396766026e-18
1.154669376000002330e+03 6.676872192444617788e-18
1.155266231000002335e+03 6.649401965751207847e-18
1.155863086000002340e+03 6.646032975685034291e-18
1.156459941000002345e+03 6.612073216822584947e-18
1.157056796000002350e+03 6.604390956011025756e-18
1.157653651000002355e+03 6.618252746595755519e-18
1.158250506000002360e+03 6.689096545913906673e-18
1.158847361000002365e+03 6.683899656828645408e-18
1.159444216000002370e+03 6.687942177280085658e-18
1.160041071000002376e+03 6.581770594138149572e-18
1.160637926000002381e+03 6.534306774074404088e-18
1.161234781000002386e+03 6.464231513070037643e-18
1.161831636000002391e+03 6.483482884876740271e-18
1.162428491000002396e+03 6.555680435664616805e-18
1.163025346000002401e+03 6.594795155230729943e-18
1.163622201000002406e+03 6.760803445427748986e-18
1.164219056000002411e+03 6.691380304571236235e-18
1.164815911000002416e+03 6.647361748544445661e-18
1.165412766000002421e+03 6.475499542601569784e-18
1.166009621000002426e+03 6.508149262562345191e-18
1.166606476000002431e+03 6.569190295471878725e-18
1.167203331000002436e+03 6.569627421152383916e-18
1.167800186000002441e+03 6.723296723900633949e-18
1.168397041000002446e+03 6.651062597290510304e-18
1.168993896000002451e+03 6.609742177224303701e-18
1.169590751000002456e+03 6.627440414725377352e-18
1.170187606000002461e+03 6.519987785711596999e-18
1.170784461000002466e+03 6.523189508297984534e-18
1.171381316000002471e+03 6.531914626090174059e-18
1.171978171000002476e+03 6.514703471490234388e-18
1.172575026000002481e+03 6.479241427636011075e-18
1.173171881000002486e+03 6.577133047505289523e-18
1.173768736000002491e+03 6.678257167177236837e-18
1.174365591000002496e+03 6.600791359846056477e-18
1.174962446000002501e+03 6.629534603572283218e-18
1.175559301000002506e+03 6.649716874659814702e-18
1.176156156000002511e+03 6.559056562476594695e-18
1.176753011000002516e+03 6.479292276949864540e-18
1.177349866000002521e+03 6.570173382206401141e-18
1.177946721000002526e+03 6.511767592685050363e-18
1.178543576000002531e+03 6.225166140262354999e-18
1.179140431000002536e+03 6.381985424189913656e-18
1.179737286000002541e+03 6.692250987559342524e-18
1.180334141000002546e+03 6.694342500126572054e-18
1.180930996000002551e+03 6.489288181541806867e-18
1.181527851000002556e+03 6.468056362774449972e-18
1.182124706000002561e+03 6.506127333266705790e-18
1.182721561000002566e+03 6.375778685573362764e-18
1.183318416000002571e+03 6.360583661663096714e-18
1.183915271000002576e+03 6.391949213425736869e-18
1.184512126000002581e+03 6.451293038973720836e-18
1.185108981000002586e+03 6.501512088964481874e-18
1.185705836000002591e+03 6.624058935354046791e-18
1.186302691000002596e+03 6.720265837166932677e-18
1.186899546000002601e+03 6.556872718260523484e-18
1.187496401000002606e+03 6.556420426995184953e-18
1.188093256000002611e+03 6.737386890351095436e-18
1.188690111000002616e+03 6.928174408026747093e-18
1.189286966000002622e+03 7.126482717640136928e-18
1.189883821000002627e+03 7.167941858202914533e-18
1.190480676000002632e+03 7.083033317091228240e-18
1.191077531000002637e+03 6.845488517186441579e-18
1.191674386000002642e+03 6.640302168804299698e-18
1.192271241000002647e+03 6.626070159530978537e-18
1.192868096000002652e+03 6.642652388406929174e-18
1.193464951000002657e+03 6.501636535969442668e-18
1.194061806000002662e+03 6.598209196004791955e-18
1.194658661000002667e+03 6.472151516726196889e-18
1.195255516000002672e+03 6.476231951139721261e-18
1.195852371000002677e+03 6.470678670810864156e-18
1.196449226000002682e+03 6.567653218844309307e-18
1.197046081000002687e+03 6.505206693057969170e-18
1.197642936000002692e+03 6.380132992607122734e-18
1.198239791000002697e+03 6.272158043009800613e-18
1.198836646000002702e+03 6.119206875308092621e-18
1.199433501000002707e+03 6.162568850720902275e-18
1.200030356000002712e+03 6.227246947710877644e-18
1.200627211000002717e+03 6.329602602080655083e-18
1.201224066000002722e+03 6.410838395382878647e-18
1.201820921000002727e+03 6.401215385759204054e-18
1.202417776000002732e+03 6.454015707498004939e-18
1.203014631000002737e+03 6.469060413699773049e-18
1.203611486000002742e+03 6.338713550192881684e-18
1.204208341000002747e+03 6.398503422353626066e-18
1.204805196000002752e+03 6.397995821308305302e-18
1.205402051000002757e+03 6.411827726769979950e-18
1.205998906000002762e+03 6.587994728572597034e-18
1.206595761000002767e+03 6.623111086301932162e-18
1.207192616000002772e+03 6.514076329952693934e-18
1.207789471000002777e+03 6.398796921024820692e-18
1.208386326000002782e+03 6.382551457341504556e-18
1.208983181000002787e+03 6.364180135501777320e-18
1.209580036000002792e+03 6.441674043769560363e-18
1.210176891000002797e+03 6.637142374599510405e-18
1.210773746000002802e+03 6.577405135939072690e-18
1.211370601000002807e+03 6.496261674285690037e-18
1.211967456000002812e+03 6.688027818229734572e-18
1.212564311000002817e+03 6.563909549623418666e-18
1.213161166000002822e+03 6.542953387662748260e-18
1.213758021000002827e+03 6.540684348543641243e-18
1.214354876000002832e+03 6.549871570626650739e-18
1.214951731000002837e+03 6.678346822546401411e-18
1.215548586000002842e+03 6.678913747791219298e-18
1.216145441000002847e+03 6.650156230573383120e-18
1.216742296000002852e+03 6.719299254157082926e-18
1.217339151000002857e+03 6.597013791082595832e-18
1.217936006000002862e+03 6.671472352150551147e-18
1.218532861000002868e+03 6.724895801007377596e-18
1.219129716000002873e+03 6.617108637034026740e-18
1.219726571000002878e+03 6.589721375010589378e-18
1.220323426000002883e+03 6.574607085537231909e-18
1.220920281000002888e+03 6.490736048846823278e-18
1.221517136000002893e+03 6.576241846372994910e-18
1.222113991000002898e+03 6.546470911250970406e-18
1.222710846000002903e+03 6.614986347250516650e-18
1.223307701000002908e+03 6.579535454561612559e-18
1.223904556000002913e+03 6.557783991490391773e-18
1.224501411000002918e+03 6.568003811481939367e-18
1.225098266000002923e+03 6.427181097227776027e-18
1.225695121000002928e+03 6.450857251433055740e-18
1.226291976000002933e+03 6.460712205295364607e-18
1.226888831000002938e+03 6.502588845487683753e-18
1.227485686000002943e+03 6.545746085505235599e-18
1.228082541000002948e+03 6.484131882698306061e-18
1.228679396000002953e+03 6.264389249155367833e-18
1.229276251000002958e+03 6.205941531252417272e-18
1.229873106000002963e+03 6.400240327863711417e-18
1.230469961000002968e+03 6.452347493166284271e-18
1.231066816000002973e+03 6.566084918953846990e-18
1.231663671000002978e+03 6.479412263488696567e-18
1.232260526000002983e+03 6.509876801093562210e-18
1.232857381000002988e+03 6.639316405790100946e-18
1.233454236000002993e+03 6.524445129512902454e-18
1.234051091000002998e+03 6.908821337592335224e-18
1.234647946000003003e+03 6.798318641840504598e-18
1.235244801000003008e+03 6.599420658605046095e-18
1.235841656000003013e+03 6.500384929174038867e-18
1.236438511000003018e+03 6.267909002976653207e-18
1.237035366000003023e+03 6.489102626150897290e-18
1.237632221000003028e+03 6.595469131662608973e-18
1.238229076000003033e+03 6.466487616837375318e-18
1.238825931000003038e+03 6.348134500700976346e-18
1.239422786000003043e+03 6.569150597323344482e-18
1.240019641000003048e+03 6.416556712958456234e-18
1.240616496000003053e+03 6.433690255447776768e-18
1.241213351000003058e+03 6.453444767833672933e-18
1.241810206000003063e+03 6.474189057653282739e-18
1.242407061000003068e+03 6.352860810609777065e-18
1.243003916000003073e+03 6.286072913141448611e-18
1.243600771000003078e+03 6.285262000399451781e-18
1.244197626000003083e+03 6.189820068527447283e-18
1.244794481000003088e+03 6.165006495459633097e-18
1.245391336000003093e+03 6.188618418952673042e-18
1.245988191000003098e+03 6.401244824835646061e-18
1.246585046000003103e+03 6.346065290464384490e-18
1.247181901000003108e+03 6.294623626708050091e-18
1.247778756000003114e+03 6.242229653433472297e-18
1.248375611000003119e+03 6.398195204144208896e-18
1.248972466000003124e+03 6.498067270974140842e-18
1.249569321000003129e+03 6.543188900274285858e-18
1.250166176000003134e+03 6.481907448240473621e-18
1.250763031000003139e+03 6.446713032353905478e-18
1.251359886000003144e+03 6.219396081279696189e-18
1.251956741000003149e+03 6.487102553139284766e-18
1.252553596000003154e+03 6.930057616825818575e-18
1.253150451000003159e+03 7.132652880434440710e-18
1.253747306000003164e+03 7.259314060780098463e-18
1.254344161000003169e+03 7.165495292531927716e-18
1.254941016000003174e+03 7.163416715316467529e-18
1.255537871000003179e+03 7.369602208111192152e-18
1.256134726000003184e+03 7.385831168069835623e-18
1.256731581000003189e+03 7.881709662360292558e-18
1.257328436000003194e+03 8.856313482400924555e-18
1.257925291000003199e+03 9.719360152497159410e-18
1.258522146000003204e+03 9.518556212085381724e-18
1.259119001000003209e+03 8.714062972939317709e-18
1.259715856000003214e+03 7.656316064280304413e-18
1.260312711000003219e+03 7.288492646000380274e-18
1.260909566000003224e+03 6.895975641191472435e-18
1.261506421000003229e+03 6.800419075339990122e-18
1.262103276000003234e+03 6.778762620197286583e-18
1.262700131000003239e+03 6.778517740606881424e-18
1.263296986000003244e+03 6.750052829967016738e-18
1.263893841000003249e+03 6.658646727847262034e-18
1.264490696000003254e+03 6.699335545909802497e-18
1.265087551000003259e+03 6.749515789845254737e-18
1.265684406000003264e+03 6.768664570931022677e-18
1.266281261000003269e+03 6.689994437745391741e-18
1.266878116000003274e+03 6.972236676621589110e-18
1.267474971000003279e+03 7.069047525548151561e-18
1.268071826000003284e+03 7.154243320678454362e-18
1.268668681000003289e+03 7.100704791795534680e-18
1.269265536000003294e+03 6.971463677841676404e-18
1.269862391000003299e+03 6.941799793906713813e-18
1.270459246000003304e+03 6.913766656388000105e-18
1.271056101000003309e+03 7.038265402755000416e-18
1.271652956000003314e+03 6.975307261503826166e-18
1.272249811000003319e+03 6.928636066270953186e-18
1.272846666000003324e+03 6.965364436458802074e-18
1.273443521000003329e+03 6.753189429747942912e-18
1.274040376000003334e+03 6.669264421417390601e-18
1.274637231000003339e+03 6.742345144498531970e-18
1.275234086000003344e+03 6.760990338958494035e-18
1.275830941000003349e+03 6.786433729843525781e-18
1.276427796000003354e+03 6.819385869407751036e-18
1.277024651000003360e+03 6.827941043440481285e-18
1.277621506000003365e+03 6.954428265607162560e-18
1.278218361000003370e+03 6.988927294824437904e-18
1.278815216000003375e+03 6.998003897347482934e-18
1.279412071000003380e+03 7.126292701783100895e-18
1.280008926000003385e+03 7.332835923961259141e-18
1.280605781000003390e+03 7.381129836771350455e-18
1.281202636000003395e+03 7.469823529438913293e-18
1.281799491000003400e+03 8.031413610721110681e-18
1.282396346000003405e+03 9.143521112170359711e-18
1.282993201000003410e+03 1.020673030764922852e-17
1.283590056000003415e+03 9.857795179233219947e-18
1.284186911000003420e+03 8.615200309594061513e-18
1.284783766000003425e+03 7.792555649588361410e-18
1.285380621000003430e+03 7.361154085265526900e-18
1.285977476000003435e+03 7.341601185948596787e-18
1.286574331000003440e+03 7.571602891585005285e-18
1.287171186000003445e+03 7.513239476491867397e-18
1.287768041000003450e+03 7.878847827292828198e-18
1.288364896000003455e+03 7.567355635738309539e-18
1.288961751000003460e+03 7.473978899683382777e-18
1.289558606000003465e+03 7.486089511266419294e-18
1.290155461000003470e+03 7.281701140274503359e-18
1.290752316000003475e+03 7.193995440854200189e-18
1.291349171000003480e+03 7.191167505329304293e-18
1.291946026000003485e+03 7.254007444228099718e-18
1.292542881000003490e+03 7.250567086703883601e-18
1.293139736000003495e+03 7.290726447437078734e-18
1.293736591000003500e+03 7.161248928778456645e-18
1.294333446000003505e+03 7.014937164907675969e-18
1.294930301000003510e+03 6.860771412279422082e-18
1.295527156000003515e+03 6.917765910318002789e-18
1.296124011000003520e+03 6.795753873817137416e-18
1.296720866000003525e+03 6.880451434880988555e-18
1.297317721000003530e+03 6.792338048856623742e-18
1.297914576000003535e+03 6.808476015306264856e-18
1.298511431000003540e+03 6.831563834029313683e-18
1.299108286000003545e+03 6.889877737948435888e-18
1.299705141000003550e+03 6.773590709722339328e-18
1.300301996000003555e+03 6.581783975536533563e-18
1.300898851000003560e+03 6.417654433672458005e-18
1.301495706000003565e+03 6.462308606122431148e-18
1.302092561000003570e+03 6.392540671234254887e-18
1.302689416000003575e+03 6.543312901232632774e-18
1.303286271000003580e+03 6.400070830150862937e-18
1.303883126000003585e+03 6.481833404502754725e-18
1.304479981000003590e+03 6.478169577625548760e-18
1.305076836000003595e+03 6.538237336826042089e-18
1.305673691000003600e+03 6.534967369107901438e-18
1.306270546000003606e+03 6.626764208060432783e-18
1.306867401000003611e+03 6.541599190146410542e-18
1.307464256000003616e+03 6.549975945534034776e-18
1.308061111000003621e+03 6.581209021452685128e-18
1.308657966000003626e+03 6.451818927930164386e-18
1.309254821000003631e+03 6.372202729878870482e-18
1.309851676000003636e+03 6.381561233861179348e-18
1.310448531000003641e+03 6.394433247012193930e-18
1.311045386000003646e+03 6.366663276995008936e-18
1.311642241000003651e+03 6.462164087019896678e-18
1.312239096000003656e+03 6.462492823373501402e-18
1.312835951000003661e+03 6.115079159953616565e-18
1.313432806000003666e+03 5.989335943537017556e-18
1.314029661000003671e+03 6.158240860437294867e-18
1.314626516000003676e+03 6.188499770553679568e-18
1.315223371000003681e+03 6.268729282697518367e-18
1.315820226000003686e+03 6.299932027446501267e-18
1.316417081000003691e+03 6.342640990618229471e-18
1.317013936000003696e+03 6.383467191037500842e-18
1.317610791000003701e+03 6.444874874262722452e-18
1.318207646000003706e+03 6.647635175118067381e-18
1.318804501000003711e+03 6.746933179957376337e-18
1.319401356000003716e+03 7.014851970004637850e-18
1.319998211000003721e+03 7.296388117092835536e-18
1.320595066000003726e+03 7.059184542846811374e-18
1.321191921000003731e+03 7.237690613086741023e-18
1.321788776000003736e+03 7.633313440460291393e-18
1.322385631000003741e+03 7.787784735018283802e-18
1.322982486000003746e+03 7.173044185406270118e-18
1.323579341000003751e+03 6.973799623952698755e-18
1.324176196000003756e+03 6.498271560322784001e-18
1.324773051000003761e+03 6.000421540003930333e-18
1.325369906000003766e+03 5.768624050704551700e-18
1.325966761000003771e+03 5.919709851471698658e-18
1.326563616000003776e+03 6.014972026558760130e-18
1.327160471000003781e+03 6.222945720224037448e-18
1.327757326000003786e+03 5.865443374516757037e-18
1.328354181000003791e+03 5.579595294823011501e-18
1.328951036000003796e+03 5.288895120075668209e-18
1.329547891000003801e+03 5.228301917965344439e-18
1.330144746000003806e+03 5.327942932649866784e-18
1.330741601000003811e+03 5.590921756460815318e-18
1.331338456000003816e+03 5.456384731073661331e-18
1.331935311000003821e+03 4.650233536667970425e-18
1.332532166000003826e+03 4.422537892019529163e-18
1.333129021000003831e+03 4.215980842396377670e-18
1.333725876000003836e+03 4.253196741531972106e-18
1.334322731000003841e+03 4.030279594246022811e-18
1.334919586000003846e+03 3.521027507388502479e-18
1.335516441000003852e+03 2.629534437586830736e-18
1.336113296000003857e+03 2.098637492798539194e-18
1.336710151000003862e+03 2.871499559424063789e-18
1.337307006000003867e+03 3.002389038635376766e-18
1.337903861000003872e+03 3.029005532111965035e-18
1.338500716000003877e+03 2.562395724457566438e-18
1.339097571000003882e+03 2.231768579262275782e-18
1.339694426000003887e+03 2.003074013224559102e-18
1.340291281000003892e+03 1.989907609309122139e-18
1.340888136000003897e+03 1.760224938512489624e-18
1.341484991000003902e+03 1.500273656085646365e-18
1.342081846000003907e+03 9.510658287736553599e-19
1.342678701000003912e+03 1.188150754620685663e-18
1.343275556000003917e+03 1.823423833422901444e-18
1.343872411000003922e+03 2.110397288720639097e-18
1.344469266000003927e+03 2.000126091160830794e-18
1.345066121000003932e+03 1.649959539558647294e-18
1.345662976000003937e+03 1.789168680191151574e-18
1.346259831000003942e+03 2.144405443640573280e-18
1.346856686000003947e+03 2.337755722129834290e-18
1.347453541000003952e+03 2.634971968819676102e-18
1.348050396000003957e+03 2.160942175762021583e-18
1.348647251000003962e+03 1.240112285704192818e-18
1.349244106000003967e+03 1.193104548301993623e-18
1.349840961000003972e+03 1.683775448388482215e-18
1.350437816000003977e+03 2.026714929747428717e-18
1.351034671000003982e+03 1.895074308040228755e-18
1.351631526000003987e+03 1.551334173011378623e-18
1.352228381000003992e+03 1.584337273401112547e-18
1.352825236000003997e+03 1.673716316689181540e-18
1.353422091000004002e+03 2.245738536150599074e-18
1.354018946000004007e+03 2.590675302729829642e-18
1.354615801000004012e+03 2.848098615978858613e-18
1.355212656000004017e+03 3.011355690668375837e-18
1.355809511000004022e+03 3.272395326830352535e-18
1.356406366000004027e+03 3.390611060610021371e-18
1.357003221000004032e+03 3.085456076306284806e-18
1.357600076000004037e+03 3.335763384918653967e-18
1.358196931000004042e+03 3.385403020359440884e-18
1.358793786000004047e+03 3.558564783108590367e-18
1.359390641000004052e+03 3.011007997333729437e-18
1.359987496000004057e+03 2.843292463726373989e-18
1.360584351000004062e+03 2.291397428595813030e-18
1.361181206000004067e+03 1.725575145540100731e-18
1.361778061000004072e+03 1.585063660309991498e-18
1.362374916000004077e+03 1.554471330350570026e-18
1.362971771000004082e+03 1.416211488421671242e-18
1.363568626000004087e+03 1.321793010502644604e-18
1.364165481000004092e+03 1.255672621790310509e-18
1.364762336000004098e+03 1.501675915124509283e-18
1.365359191000004103e+03 1.735585212111998061e-18
1.365956046000004108e+03 1.659955444150589428e-18
1.366552901000004113e+03 2.017154366649540305e-18
1.367149756000004118e+03 2.687568893303058887e-18
1.367746611000004123e+03 3.017879122379984474e-18
1.368343466000004128e+03 2.647566317954249061e-18
1.368940321000004133e+03 2.857994160082929095e-18
1.369537176000004138e+03 3.453037737322094001e-18
1.370134031000004143e+03 3.949995664415427995e-18
1.370730886000004148e+03 3.978553352750746700e-18
1.371327741000004153e+03 3.977834325610978443e-18
1.371924596000004158e+03 3.705471127114180817e-18
1.372521451000004163e+03 2.991707337376316911e-18
1.373118306000004168e+03 2.762171973473548286e-18
1.373715161000004173e+03 3.422137412176561335e-18
1.374312016000004178e+03 3.367657501917414007e-18
1.374908871000004183e+03 2.490522672580472028e-18
1.375505726000004188e+03 1.616906816483244218e-18
1.376102581000004193e+03 1.629663861119820962e-18
1.376699436000004198e+03 2.613193296905077307e-18
1.377296291000004203e+03 3.884764915672243406e-18
1.377893146000004208e+03 4.712134547446906445e-18
1.378490001000004213e+03 4.523539794919581221e-18
1.379086856000004218e+03 4.134924805879094052e-18
1.379683711000004223e+03 3.277375883308425974e-18
1.380280566000004228e+03 3.007491588862039676e-18
1.380877421000004233e+03 1.533783353915821561e-18
1.381474276000004238e+03 1.585896875382626579e-18
1.382071131000004243e+03 2.907865070692432166e-18
1.382667986000004248e+03 4.024429692919682408e-18
1.383264841000004253e+03 4.686811589147319834e-18
1.383861696000004258e+03 4.234950758790428798e-18
1.384458551000004263e+03 3.392350865423089997e-18
1.385055406000004268e+03 2.593473130108363869e-18
1.385652261000004273e+03 3.291030039194915039e-18
1.386249116000004278e+03 3.881119376706158685e-18
1.386845971000004283e+03 4.036506404960147379e-18
1.387442826000004288e+03 3.643464403288022207e-18
1.388039681000004293e+03 4.011753940278279666e-18
1.388636536000004298e+03 4.164620359123563418e-18
1.389233391000004303e+03 3.306289962887339363e-18
1.389830246000004308e+03 3.379057561246323227e-18
1.390427101000004313e+03 3.734795569576832570e-18
1.391023956000004318e+03 4.306403411734996851e-18
1.391620811000004323e+03 4.274625266855554719e-18
1.392217666000004328e+03 4.741320269412991048e-18
1.392814521000004333e+03 4.800731894046114254e-18
1.393411376000004338e+03 4.723741126357522437e-18
1.394008231000004344e+03 3.659813572808804644e-18
1.394605086000004349e+03 3.479356494684665816e-18
1.395201941000004354e+03 4.456276857808663454e-18
1.395798796000004359e+03 4.465730815766101904e-18
1.396395651000004364e+03 4.978795932092798377e-18
1.396992506000004369e+03 5.386932151140706573e-18
1.397589361000004374e+03 5.247544368839792613e-18
1.398186216000004379e+03 5.238416917002893347e-18
1.398783071000004384e+03 4.733696440707703534e-18
1.399379926000004389e+03 3.763430423976159614e-18
1.399976781000004394e+03 3.468716944830511141e-18
1.400573636000004399e+03 4.162300916737214502e-18
1.401170491000004404e+03 4.668841263212462245e-18
1.401767346000004409e+03 5.292916230289695460e-18
1.402364201000004414e+03 5.478271346268547484e-18
1.402961056000004419e+03 5.097808305122856147e-18
1.403557911000004424e+03 4.752642270584666869e-18
1.404154766000004429e+03 5.100895839776377434e-18
1.404751621000004434e+03 5.411909423315404999e-18
1.405348476000004439e+03 5.348671610838029370e-18
1.405945331000004444e+03 5.404154456905966236e-18
1.406542186000004449e+03 5.560354182088402650e-18
1.407139041000004454e+03 5.257783814882301545e-18
1.407735896000004459e+03 4.740832740465244730e-18
1.408332751000004464e+03 4.822755891597730544e-18
1.408929606000004469e+03 5.348480702887768662e-18
1.409526461000004474e+03 5.992878891782166049e-18
1.410123316000004479e+03 5.697184333111752990e-18
1.410720171000004484e+03 5.002431050009702212e-18
1.411317026000004489e+03 4.132136122456122372e-18
1.411913881000004494e+03 4.661907022570501751e-18
1.412510736000004499e+03 4.677165385099780581e-18
1.413107591000004504e+03 4.833181785124372187e-18
1.413704446000004509e+03 5.280806956846499037e-18
1.414301301000004514e+03 5.144431773368162024e-18
1.414898156000004519e+03 5.250512363001094211e-18
1.415495011000004524e+03 5.593503028208855165e-18
1.416091866000004529e+03 5.813701521390033706e-18
1.416688721000004534e+03 5.266279218668920022e-18
1.417285576000004539e+03 4.700830388139740301e-18
1.417882431000004544e+03 4.639352229549701576e-18
1.418479286000004549e+03 5.228668122234420178e-18
1.419076141000004554e+03 5.692954027036341476e-18
1.419672996000004559e+03 5.366743189353983094e-18
1.420269851000004564e+03 5.499439380370279260e-18
1.420866706000004569e+03 5.425302864956735903e-18
1.421463561000004574e+03 5.240191736475063591e-18
1.422060416000004579e+03 5.235620204740890349e-18
1.422657271000004584e+03 5.476874328277385309e-18
1.423254126000004590e+03 5.730681987683384674e-18
1.423850981000004595e+03 5.987599484073543772e-18
1.424447836000004600e+03 5.248430663459346121e-18
1.425044691000004605e+03 5.071380935410076540e-18
1.425641546000004610e+03 4.977640225319138038e-18
1.426238401000004615e+03 5.854137877069752340e-18
1.426835256000004620e+03 5.813217114768577601e-18
1.427432111000004625e+03 6.148612498254267603e-18
1.428028966000004630e+03 6.263593501998203574e-18
1.428625821000004635e+03 6.726332963193688663e-18
1.429222676000004640e+03 7.115857441277592461e-18
1.429819531000004645e+03 6.302180102374808394e-18
1.430416386000004650e+03 4.932930743089182662e-18
1.431013241000004655e+03 5.090958367290706784e-18
1.431610096000004660e+03 5.849977154265930955e-18
1.432206951000004665e+03 6.210257924324090809e-18
1.432803806000004670e+03 6.309598749638226533e-18
1.433400661000004675e+03 6.407724543979203255e-18
1.433997516000004680e+03 6.459837061841129551e-18
1.434594371000004685e+03 6.145009779763009650e-18
1.435191226000004690e+03 5.966878388677797086e-18
1.435788081000004695e+03 6.125526909764283545e-18
1.436384936000004700e+03 6.199773598691178259e-18
1.436981791000004705e+03 6.325564096048728953e-18
1.437578646000004710e+03 6.361662202372748714e-18
1.438175501000004715e+03 6.624469298237786310e-18
1.438772356000004720e+03 6.728751427928071256e-18
1.439369211000004725e+03 6.542275842857966679e-18
1.439966066000004730e+03 6.226679130372835082e-18
1.440562921000004735e+03 6.390032551130708491e-18
1.441159776000004740e+03 6.356357370007198549e-18
1.441756631000004745e+03 6.234760156856199922e-18
1.442353486000004750e+03 6.271461318200670031e-18
1.442950341000004755e+03 6.533542250180134268e-18
1.443547196000004760e+03 6.609758680948975595e-18
1.444144051000004765e+03 6.769933573544323818e-18
1.444740906000004770e+03 6.906379678434088742e-18
1.445337761000004775e+03 6.118974038976232900e-18
1.445934616000004780e+03 5.977535334349849870e-18
1.446531471000004785e+03 5.831940813432385788e-18
1.447128326000004790e+03 6.000306459977837871e-18
1.447725181000004795e+03 6.010558395325504578e-18
1.448322036000004800e+03 6.634613736351776455e-18
1.448918891000004805e+03 6.672557583559394371e-18
1.449515746000004810e+03 6.200987737571109505e-18
1.450112601000004815e+03 5.996793842902357601e-18
1.450709456000004820e+03 5.611538922995787993e-18
1.451306311000004825e+03 5.961631096325294693e-18
1.451903166000004830e+03 5.994044857627919394e-18
1.452500021000004836e+03 6.151239266756808243e-18
1.453096876000004841e+03 6.529062158001578031e-18
1.453693731000004846e+03 6.752226415110994172e-18
1.454290586000004851e+03 6.849862896317774455e-18
1.454887441000004856e+03 6.675424325139599836e-18
1.455484296000004861e+03 6.416528612021852780e-18
1.456081151000004866e+03 6.153778164076636740e-18
1.456678006000004871e+03 5.964487132786794043e-18
1.457274861000004876e+03 6.431359661896107860e-18
1.457871716000004881e+03 6.567504685322259948e-18
1.458468571000004886e+03 6.539912241856954752e-18
1.459065426000004891e+03 6.637152633671603411e-18
1.459662281000004896e+03 6.299806688348315798e-18
1.460259136000004901e+03 6.155350478386613946e-18
1.460855991000004906e+03 6.167344225757105568e-18
1.461452846000004911e+03 6.299174640298035010e-18
1.462049701000004916e+03 6.324505627436650629e-18
1.462646556000004921e+03 6.711690591036630294e-18
1.463243411000004926e+03 6.588720892458169623e-18
1.463840266000004931e+03 6.445285237146462742e-18
1.464437121000004936e+03 6.548668582912037175e-18
1.465033976000004941e+03 6.686169588040978641e-18
1.465630831000004946e+03 6.577528244804194161e-18
1.466227686000004951e+03 6.580233963557193261e-18
1.466824541000004956e+03 6.416330567325786968e-18
1.467421396000004961e+03 6.509463761930147125e-18
1.468018251000004966e+03 6.635504491437457190e-18
1.468615106000004971e+03 6.866444679147111984e-18
1.469211961000004976e+03 6.909148289759487516e-18
1.469808816000004981e+03 6.818601719462519878e-18
1.470405671000004986e+03 6.788426220062721634e-18
1.471002526000004991e+03 6.807412194134833860e-18
1.471599381000004996e+03 6.826917812510809977e-18
1.472196236000005001e+03 6.830066009503666170e-18
1.472793091000005006e+03 7.019224118902906728e-18
1.473389946000005011e+03 7.011441051556865282e-18
1.473986801000005016e+03 7.072693510560847849e-18
1.474583656000005021e+03 7.020616230381329339e-18
1.475180511000005026e+03 6.892086560774821109e-18
1.475777366000005031e+03 7.235643705180786071e-18
1.476374221000005036e+03 7.365671199312942584e-18
1.476971076000005041e+03 7.484267856899907392e-18
1.477567931000005046e+03 7.471181741374767441e-18
1.478164786000005051e+03 7.440738167960700919e-18
1.478761641000005056e+03 7.265805823182201094e-18
1.479358496000005061e+03 7.308187834186777006e-18
1.479955351000005066e+03 7.389481167502047571e-18
1.480552206000005071e+03 7.278018579439558420e-18
1.481149061000005076e+03 7.496589448530778292e-18
1.481745916000005082e+03 7.398983298493664691e-18
1.482342771000005087e+03 7.544950714379394196e-18
1.482939626000005092e+03 7.322118315949872993e-18
1.483536481000005097e+03 7.416915264419824279e-18
1.484133336000005102e+03 7.490806008149737803e-18
1.484730191000005107e+03 7.622965159044268886e-18
1.485327046000005112e+03 7.652206190790338034e-18
1.485923901000005117e+03 7.637729301926612485e-18
1.486520756000005122e+03 7.729502500408668373e-18
1.487117611000005127e+03 7.429197603948772504e-18
1.487714466000005132e+03 7.550101660663543870e-18
1.488311321000005137e+03 7.492659777872367277e-18
1.488908176000005142e+03 7.312535004474733414e-18
1.489505031000005147e+03 7.336458268503479972e-18
1.490101886000005152e+03 7.367063310791363655e-18
1.490698741000005157e+03 7.582604185242107701e-18
1.491295596000005162e+03 7.622563717092786131e-18
1.491892451000005167e+03 7.720718058416981726e-18
1.492489306000005172e+03 7.793023106438533283e-18
1.493086161000005177e+03 7.811578645529330773e-18
2.500000000000000000e+03 0.000000000000000000e+00
