3.500000000000000000e+02 0.000000000000000000e+00
3.801018676757812500e+02 2.396330958440010827e-17
3.809780578613281250e+02 1.388259895495486143e-17
3.818562316894531250e+02 1.384798601235649814e-17
3.827366333007812500e+02 1.080840192838733722e-17
3.836188659667968750e+02 7.804450402926795889e-18
3.845031433105468750e+02 1.576232070721621198e-17
3.853896789550781250e+02 1.222647272494496511e-17
3.862780151367187500e+02 1.080897685200028533e-17
3.871683959960937500e+02 1.681444574198919692e-17
3.880610961914062500e+02 -8.404938529014971173e-19
3.889555969238281250e+02 8.166069414537746459e-18
3.898521423339843750e+02 1.358145862517346012e-17
3.907510070800781250e+02 3.272736255448011642e-18
3.916517028808593750e+02 8.124556859188405541e-18
3.925545043945312500e+02 2.283172227126282927e-17
3.934593811035156250e+02 1.517000644906904077e-17
3.943665161132812500e+02 1.330575045963336887e-17
3.952755737304687500e+02 1.525952512609961261e-17
3.961867065429687500e+02 1.217433572945909498e-17
3.971001586914062500e+02 1.424765639093607150e-17
3.980155334472656250e+02 1.176581915053663421e-17
3.989329833984375000e+02 4.821063778634406017e-18
3.998527526855468750e+02 1.081688708093645711e-17
4.007744750976562500e+02 9.161660823433018488e-18
4.016982727050781250e+02 1.112094543922114923e-17
4.026242065429687500e+02 1.407344924225664805e-17
4.035525207519531250e+02 1.126552866936153827e-17
4.044827270507812500e+02 1.582483279751476378e-17
4.054151000976562500e+02 1.741045624015994637e-17
4.063498229980468750e+02 7.902360529486696629e-18
4.072864685058593750e+02 1.574529322739403167e-17
4.082253112792968750e+02 1.154405004307769706e-17
4.091665344238281250e+02 7.219005581981857549e-18
4.101096801757812500e+02 1.270198219845695213e-17
4.110550231933593750e+02 1.324047492434440084e-17
4.120027465820312500e+02 1.342944691608565050e-17
4.129524536132812500e+02 2.967424923676093553e-17
4.139043579101562500e+02 9.208988789360852519e-18
4.148583984375000000e+02 1.068051265884614619e-17
4.158148803710937500e+02 1.271266646029538143e-17
4.167733764648437500e+02 1.059186536696006332e-17
4.177340698242187500e+02 1.622714591888976969e-17
4.186972045898437500e+02 2.384326595753286081e-17
4.196623535156250000e+02 9.808611883051644149e-18
4.206296997070312500e+02 1.305555916162931497e-17
4.215995178222656250e+02 1.798928785136919763e-17
4.225713500976562500e+02 1.664411906299938163e-17
4.235454101562500000e+02 9.571631122651204013e-18
4.245216674804687500e+02 1.081720471829167747e-17
4.255004882812500000e+02 1.841328925135865261e-17
4.264812927246093750e+02 2.084860638350369860e-17
4.274643554687500000e+02 1.516919117985730728e-17
4.284498901367187500e+02 1.887194700438501495e-17
4.294375610351562500e+02 1.615546257935482245e-17
4.304274291992187500e+02 1.274951239350094349e-17
4.314198303222656250e+02 1.124957268621763569e-17
4.324142456054687500e+02 2.080276919556303387e-17
4.334110412597656250e+02 2.070173934077927596e-17
4.344103088378906250e+02 1.935189493054061585e-17
4.354116821289062500e+02 1.114369356781084815e-17
4.364152832031250000e+02 1.790590592804148541e-17
4.374212951660156250e+02 1.865519339076500837e-17
4.384297790527343750e+02 2.312775181599873605e-17
4.394404296875000000e+02 6.855212342674423998e-18
4.404533691406250000e+02 1.628366842746004879e-17
4.414688415527343750e+02 2.157495831159794373e-17
4.424864807128906250e+02 2.170891657220621257e-17
4.435064392089843750e+02 2.463127341385774412e-17
4.445289916992187500e+02 2.368724884139572223e-17
4.455536499023437500e+02 3.146363598398880186e-17
4.465807189941406250e+02 2.069727124198251138e-17
4.476101074218750000e+02 1.986406822517450513e-17
4.486421508789062500e+02 2.366165574089443342e-17
4.496762695312500000e+02 2.382143156573501296e-17
4.507127990722656250e+02 2.512876339235098084e-17
4.517520141601562500e+02 2.129046959076837680e-17
4.527933044433593750e+02 1.980882897151931581e-17
4.538370056152343750e+02 2.377840440959686214e-17
4.548833923339843750e+02 2.164062030566909747e-17
4.559319458007812500e+02 2.342776241558673558e-17
4.569829101562500000e+02 2.445176383892851011e-17
4.580365295410156250e+02 2.472973252364658535e-17
4.590923461914062500e+02 2.155753272629055600e-17
4.601505737304687500e+02 2.477139807432202327e-17
4.612112731933593750e+02 2.346221971588104077e-17
4.622746582031250000e+02 2.279183125461189009e-17
4.633402404785156250e+02 2.428741191859038909e-17
4.644082641601562500e+02 2.766061263432986638e-17
4.654790039062500000e+02 2.246865218633411658e-17
4.665519409179687500e+02 2.331160455236501846e-17
4.676273803710937500e+02 2.791928379092711953e-17
4.687055664062500000e+02 2.670840784117973510e-17
4.697859497070312500e+02 2.532809777341070385e-17
4.708688354492187500e+02 2.226248648455478567e-17
4.719542541503906250e+02 2.535117730364101651e-17
4.730423889160156250e+02 2.482269227202537778e-17
4.741327514648437500e+02 2.576286496215976025e-17
4.752256774902343750e+02 2.545508707044543718e-17
4.763213806152343750e+02 2.501132439179654098e-17
4.774193420410156250e+02 2.296074868253571130e-17
4.785198364257812500e+02 2.792933383684629008e-17
4.796231079101562500e+02 2.543729937855309688e-17
4.807286682128906250e+02 2.238882356622013282e-17
4.818367614746093750e+02 2.644491918469497311e-17
4.829476928710937500e+02 2.833101803625796559e-17
4.840609436035156250e+02 2.356504528051297693e-17
4.851767578125000000e+02 2.417754539258440156e-17
4.862951049804687500e+02 2.552855235554316931e-17
4.874163208007812500e+02 2.386856047892024174e-17
4.885398559570312500e+02 3.062293884317996023e-17
4.896659545898437500e+02 2.553946849265090972e-17
4.907949829101562500e+02 2.806656376221333111e-17
4.919262695312500000e+02 2.605529885203457031e-17
4.930602111816406250e+02 2.972192025103240657e-17
4.941970214843750000e+02 2.612438921195973631e-17
4.953361816406250000e+02 2.955004667812266958e-17
4.964779357910156250e+02 2.793372146751306760e-17
4.976223754882812500e+02 2.662181142781719121e-17
4.987696838378906250e+02 3.010580405305753345e-17
4.999193725585937500e+02 2.840084743242960592e-17
5.010717163085937500e+02 3.227717301334393237e-17
5.022269897460937500e+02 3.213893511876965675e-17
5.033847045898437500e+02 2.432928499233790654e-17
5.045450134277343750e+02 3.083289078223351577e-17
5.057083129882812500e+02 3.038258265648471430e-17
5.068740234375000000e+02 3.190762947911582104e-17
5.080423889160156250e+02 2.928042338551742116e-17
5.092134704589843750e+02 2.748097388687617289e-17
5.103875122070312500e+02 3.228368881429068385e-17
5.115640258789062500e+02 2.857818225026676673e-17
5.127432250976562500e+02 2.890195424160761887e-17
5.139254150390625000e+02 3.225186578646234004e-17
5.151099853515625000e+02 2.749350997449553591e-17
5.162973632812500000e+02 2.695756681777932283e-17
5.174877929687500000e+02 2.952828640170771080e-17
5.186806030273437500e+02 3.294658315155900223e-17
5.198762207031250000e+02 2.991320570151084669e-17
5.210748291015625000e+02 2.822063058498941531e-17
5.222760009765625000e+02 3.109869819141139195e-17
5.234798583984375000e+02 2.742948487159495334e-17
5.246865234375000000e+02 3.391817229370704990e-17
5.258962402343750000e+02 3.329741361039989275e-17
5.271084594726562500e+02 3.196499055030388324e-17
5.283234863281250000e+02 3.015752811998161311e-17
5.295416259765625000e+02 3.325678355750247308e-17
5.307622070312500000e+02 3.042642719941696255e-17
5.319857177734375000e+02 3.214965008555242488e-17
5.332122192382812500e+02 3.310682696210294112e-17
5.344412841796875000e+02 2.998746719757899983e-17
5.356732177734375000e+02 3.371243646114845338e-17
5.369080200195312500e+02 2.966049130411515731e-17
5.381458740234375000e+02 3.128568071451777875e-17
5.393863525390625000e+02 2.529040057209315035e-17
5.406296997070312500e+02 3.168632094582195865e-17
5.418761596679687500e+02 3.182888929633906202e-17
5.431252441406250000e+02 3.462254795198477629e-17
5.443771972656250000e+02 3.086357031558306751e-17
5.456323242187500000e+02 3.220470087437685024e-17
5.468900146484375000e+02 3.062979133972325073e-17
5.481506958007812500e+02 3.592203201834443665e-17
5.494144897460937500e+02 3.438632740365449923e-17
5.506809692382812500e+02 3.354341950685332955e-17
5.519503173828125000e+02 3.186018292857537190e-17
5.532225341796875000e+02 3.411089770019581987e-17
5.544981079101562500e+02 3.870491641490107524e-17
5.557762451171875000e+02 2.838431970204630885e-17
5.570573730468750000e+02 3.455050356465606769e-17
5.583416748046875000e+02 3.349397395855735977e-17
5.596287841796875000e+02 3.598912549809644904e-17
5.609187011718750000e+02 3.050687627116480860e-17
5.622120361328125000e+02 2.862492999862573354e-17
5.635079345703125000e+02 3.162406825936350163e-17
5.648068237304687500e+02 3.134237051209513921e-17
5.661087646484375000e+02 3.476370599264470667e-17
5.674140014648437500e+02 3.571174761885908233e-17
5.687219238281250000e+02 3.327387668237806511e-17
5.700328369140625000e+02 3.079314376118361142e-17
5.713471679687500000e+02 3.602722080489920997e-17
5.726641845703125000e+02 3.068498824173107795e-17
5.739841918945312500e+02 2.795405237582954092e-17
5.753075561523437500e+02 3.373186104421135868e-17
5.766336669921875000e+02 3.196623357115397794e-17
5.779628906250000000e+02 3.227554671008519943e-17
5.792954711914062500e+02 3.407710320318274216e-17
5.806307373046875000e+02 3.553881313718290736e-17
5.819691162109375000e+02 2.884692886377161016e-17
5.833106689453125000e+02 2.856663719119569284e-17
5.846555175781250000e+02 3.146748363115170106e-17
5.860032348632812500e+02 3.209083211769509045e-17
5.873540039062500000e+02 3.718663103277142447e-17
5.887081909179687500e+02 3.394569451174571050e-17
5.900652465820312500e+02 3.234049296131592537e-17
5.914253540039062500e+02 3.604308573200128573e-17
5.927889404296875000e+02 3.839005309258297168e-17
5.941553955078125000e+02 3.767968891136815147e-17
5.955249633789062500e+02 3.810520438275082228e-17
5.968976440429687500e+02 3.286787473251776401e-17
5.982738647460937500e+02 3.310658979287771090e-17
5.996529541015625000e+02 3.425118753208481336e-17
6.010352172851562500e+02 3.422550337554169311e-17
6.024209594726562500e+02 3.709339811626714388e-17
6.038095703125000000e+02 3.523356999156324303e-17
6.052014160156250000e+02 3.520235894503929341e-17
6.065968017578125000e+02 3.497066578781208541e-17
6.079949951171875000e+02 3.380804954023451658e-17
6.093964843750000000e+02 3.421466135381684177e-17
6.108015136718750000e+02 3.680971407673746914e-17
6.122094726562500000e+02 3.609597870439258027e-17
6.136206665039062500e+02 3.499053718075467672e-17
6.150350952148437500e+02 3.903614441376013780e-17
6.164531250000000000e+02 3.841255875799151819e-17
6.178741455078125000e+02 3.844652901434115462e-17
6.192983398437500000e+02 3.309208435365598101e-17
6.207261962890625000e+02 3.587675810731369677e-17
6.221570434570312500e+02 3.581837636142419165e-17
6.235911865234375000e+02 3.860957438635813316e-17
6.250289306640625000e+02 3.863060621443845892e-17
6.264696044921875000e+02 3.648430942939078606e-17
6.279136962890625000e+02 3.974373456207269894e-17
6.293610839843750000e+02 3.774424129227840712e-17
6.308121337890625000e+02 3.832847803248232056e-17
6.322662353515625000e+02 3.604787146815327376e-17
6.337236328125000000e+02 3.809245653689464875e-17
6.351847534179687500e+02 3.912586637869804586e-17
6.366489257812500000e+02 3.914828734081186818e-17
6.381164550781250000e+02 3.862342337504573974e-17
6.395877075195312500e+02 3.794382343047520164e-17
6.410619506835937500e+02 3.948249689564526317e-17
6.425396728515625000e+02 3.912627295451273064e-17
6.440211181640625000e+02 3.955977171142326953e-17
6.455056762695312500e+02 4.111321743119344803e-17
6.469935913085937500e+02 4.107069637724128462e-17
6.484849853515625000e+02 3.867458840022463477e-17
6.499801025390625000e+02 3.968022826685230285e-17
6.514783935546875000e+02 3.725077683786699535e-17
6.529801025390625000e+02 3.165893425305485553e-17
6.544855957031250000e+02 3.576958726366234518e-17
6.559942626953125000e+02 4.088505640135629515e-17
6.575063476562500000e+02 3.767147692694452127e-17
6.590223388671875000e+02 3.859163422853528684e-17
6.605413818359375000e+02 4.001219318437547270e-17
6.620639648437500000e+02 3.894953529490338559e-17
6.635900878906250000e+02 3.833372116642582665e-17
6.651200561523437500e+02 3.737430812289455955e-17
6.666531982421875000e+02 3.764609558468004912e-17
6.681898803710937500e+02 3.881914727816779068e-17
6.697305297851562500e+02 3.998026427742872210e-17
6.712742919921875000e+02 4.025735840062875937e-17
6.728216552734375000e+02 3.864778827777350920e-17
6.743729248046875000e+02 3.953999349210488285e-17
6.759273681640625000e+02 3.922712493237755972e-17
6.774854125976562500e+02 3.986677033282612012e-17
6.790470581054687500e+02 3.853796622099725387e-17
6.806126708984375000e+02 3.871907033544970002e-17
6.821815185546875000e+02 3.419647343885692084e-17
6.837540283203125000e+02 3.818704894127926905e-17
6.853305053710937500e+02 3.819074200492929829e-17
6.869102783203125000e+02 3.692028999283678646e-17
6.884935913085937500e+02 3.707330225959353684e-17
6.900810546875000000e+02 3.749344754209061218e-17
6.916717529296875000e+02 3.889341089181831392e-17
6.932660522460937500e+02 3.613449329250423429e-17
6.948644409179687500e+02 3.902136792399528678e-17
6.964661865234375000e+02 3.739082950053075862e-17
6.980715942382812500e+02 3.875102888854960132e-17
6.996807250976562500e+02 3.857826804862761496e-17
7.012938842773437500e+02 3.947417056177375191e-17
7.029104614257812500e+02 3.743849627963748944e-17
7.045306396484375000e+02 3.965992488710662244e-17
7.061550903320312500e+02 3.803257977785324029e-17
7.077828369140625000e+02 4.020928081054260355e-17
7.094143066406250000e+02 3.800702902899931358e-17
7.110499267578125000e+02 3.823765492471297944e-17
7.126889648437500000e+02 3.984759350690028325e-17
7.143317260742187500e+02 3.722384119014430613e-17
7.159783325195312500e+02 4.239281316395157472e-17
7.176290893554687500e+02 3.891632736820627926e-17
7.192833251953125000e+02 3.755799992300086783e-17
7.209412841796875000e+02 3.934667092738829712e-17
7.226035156250000000e+02 3.934725538012190456e-17
7.242691650390625000e+02 4.150310246164986473e-17
7.259386596679687500e+02 5.782964557931756755e-17
7.276124267578125000e+02 3.702566089147521649e-17
7.292896118164062500e+02 5.924795989784752829e-17
7.309706420898437500e+02 4.111982428818203404e-17
7.326560058593750000e+02 4.162932731144970402e-17
7.343448486328125000e+02 4.207224083956897890e-17
7.360375366210937500e+02 4.113991167452616682e-17
7.377341918945312500e+02 3.895287683988030356e-17
7.394351196289062500e+02 4.009462219563752691e-17
7.411395263671875000e+02 4.012099033128555106e-17
7.428479614257812500e+02 4.151232665044546973e-17
7.445606689453125000e+02 4.100361560298348055e-17
7.462769165039062500e+02 3.849716464392801571e-17
7.479971313476562500e+02 3.983972033565555601e-17
7.497217407226562500e+02 3.957897818350226326e-17
7.514498901367187500e+02 4.068565637524315735e-17
7.531820068359375000e+02 4.276481309372671859e-17
7.549181518554687500e+02 4.036262342014878877e-17
7.566587524414062500e+02 3.975407259919393300e-17
7.584028930664062500e+02 4.137170647570704139e-17
7.601510620117187500e+02 3.414596909937688319e-17
7.619036865234375000e+02 4.339591193173747989e-17
7.636599121093750000e+02 4.309312729924722438e-17
7.654202270507812500e+02 3.984061395541490955e-17
7.671849365234375000e+02 4.187801618476356536e-17
7.689534301757812500e+02 3.710210561496491710e-17
7.707258911132812500e+02 3.854547516807466152e-17
7.725028686523437500e+02 4.118543122511161735e-17
7.742835693359375000e+02 4.024266237899389849e-17
7.760683593750000000e+02 4.154361604751703939e-17
7.778572387695312500e+02 4.178016270353201109e-17
7.796506958007812500e+02 4.343997035048891183e-17
7.814478759765625000e+02 3.931458531934630644e-17
7.832491455078125000e+02 3.885831831681356801e-17
7.850549926757812500e+02 3.873573570868692468e-17
7.868646240234375000e+02 3.717895691426930248e-17
7.886783447265625000e+02 4.016800913018763900e-17
7.904967651367187500e+02 3.719751117097890694e-17
7.923189697265625000e+02 3.803299905916213339e-17
7.941452636718750000e+02 3.894455897633826657e-17
7.959758300781250000e+02 3.721660752877475367e-17
7.978110961914062500e+02 3.968536128651266810e-17
7.996500244140625000e+02 3.743483709730535111e-17
8.014932861328125000e+02 4.307337449091725434e-17
8.033412475585937500e+02 3.915792234058688585e-17
8.051929931640625000e+02 4.033764018336952097e-17
8.070490112304687500e+02 3.970162431909994820e-17
8.089097900390625000e+02 4.394797412543994441e-17
8.107744140625000000e+02 4.172358513782016157e-17
8.126432495117187500e+02 4.057455953388128652e-17
8.145169677734375000e+02 3.689587426813217756e-17
8.163944091796875000e+02 4.120180013681730424e-17
8.182763061523437500e+02 4.249321621435436617e-17
8.201624755859375000e+02 4.251362547321845952e-17
8.220534057617187500e+02 4.241633526889683009e-17
8.239483642578125000e+02 4.065834803302368043e-17
8.258476562500000000e+02 4.116997287382422637e-17
8.277516479492187500e+02 4.192675869571331260e-17
8.296597900390625000e+02 4.721409928873463560e-17
8.315721435546875000e+02 4.324096419469625049e-17
8.334894409179687500e+02 4.037864928351083866e-17
8.354107666015625000e+02 4.413303811892080071e-17
8.373364257812500000e+02 4.410541213934610343e-17
8.392664794921875000e+02 4.106863808717945643e-17
8.412015380859375000e+02 4.074881538695517623e-17
8.431405029296875000e+02 5.041831057874977273e-17
8.450841064453125000e+02 4.206533752104885512e-17
8.470325317382812500e+02 3.959491087324011468e-17
8.489849853515625000e+02 4.256138542594938881e-17
8.509420166015625000e+02 4.160007502861627380e-17
8.529039306640625000e+02 4.003757452663995102e-17
8.548699340820312500e+02 4.000887281522223732e-17
8.568404541015625000e+02 4.247966368719829736e-17
8.588160400390625000e+02 4.548798166750193516e-17
8.607955932617187500e+02 4.421874514768872512e-17
8.627797851562500000e+02 4.049715766316119077e-17
8.647685546875000000e+02 4.024228121416763035e-17
8.667623901367187500e+02 4.000304522854512996e-17
8.687603759765625000e+02 4.134932363007585020e-17
8.707628784179687500e+02 4.456287345833446722e-17
8.727706298828125000e+02 4.289684858954472287e-17
8.747823486328125000e+02 4.229581095083201495e-17
8.767988281250000000e+02 3.594539318702971174e-17
8.788203125000000000e+02 3.982057315588286984e-17
8.808460693359375000e+02 3.812532988557758618e-17
8.828764648437500000e+02 4.455273870912056631e-17
8.849116210937500000e+02 4.021629000818113412e-17
8.869518432617187500e+02 4.032535397046959956e-17
8.889963989257812500e+02 4.433678765921808491e-17
8.910455932617187500e+02 4.171878669617396522e-17
8.930999755859375000e+02 3.909998105182995642e-17
8.951585693359375000e+02 3.535406254589253737e-17
8.972220458984375000e+02 2.909459706238403476e-17
8.992907104492187500e+02 2.992993671980148923e-17
9.013635864257812500e+02 3.851883174671878219e-17
9.034412841796875000e+02 3.868889478670376557e-17
9.055238037109375000e+02 4.075720524829772908e-17
9.076116333007812500e+02 4.122112095834417286e-17
9.097037353515625000e+02 4.291979471208583891e-17
9.118006591796875000e+02 4.208794059524633415e-17
9.139029541015625000e+02 3.785952671156445021e-17
9.160095825195312500e+02 4.369813328731781672e-17
9.181209716796875000e+02 3.853938500118390729e-17
2.500000000000000000e+03 0.000000000000000000e+00
